id,probability_maraud,successful_mating,next_foraging_time,mar_attempts,mate_attempts,foraging_events,foraging_hrs,foraging_sqhrs,staying_events,staying_hrs,staying_sqhrs,repairing_events,repairing_hrs,repairing_sqhrs,marauding_events,marauding_hrs,marauding_sqhrs,traveling_events,traveling_hrs,traveling_sqhrs
0,0.054,8,360.0531101152817,"[['16' '7.96311731020164' 'present']
 ['13' '13.776489368597638' 'present']
 ['16' '17.965145413888987' 'present']
 ['21' '27.823886201260883' 'present']
 ['5' '28.710656071810966' 'present']
 ['19' '43.67438274898439' 'present']
 ['7' '50.32978002054637' 'present']
 ['13' '56.4521071781483' 'present']
 ['16' '70.3054001211889' 'marauded']
 ['3' '70.65994744650808' 'destroyed']
 ['13' '71.70193635817749' 'presentdestroyed']
 ['18' '72.80839325251908' 'presentdestroyed']
 ['14' '75.41804905774565' 'destroyed']
 ['16' '76.70025068301014' 'presentdestroyed']
 ['14' '99.49442895356995' 'present']
 ['16' '104.32976438559555' 'present']
 ['18' '111.35751483379977' 'present']
 ['14' '117.03171306316457' 'present']
 ['13' '125.23722030210794' 'present']
 ['17' '137.26888152077268' 'present']
 ['4' '144.47844004911556' 'present']
 ['3' '145.9276694464592' 'present']
 ['3' '158.3502083831645' 'present']
 ['6' '160.17520859455823' 'present']
 ['18' '164.6016087420132' 'present']
 ['19' '175.47922563321274' 'present']
 ['16' '187.23831902938056' 'marauded']
 ['19' '199.59559751983957' 'marauded']
 ['19' '199.74189381613587' 'presentdestroyed']
 ['15' '217.09918828412822' 'present']
 ['8' '225.1742362672458' 'present']
 ['7' '247.29599794074713' 'present']
 ['17' '249.06818927687877' 'present']
 ['4' '253.16473960431787' 'present']
 ['21' '256.9840098129518' 'present']
 ['21' '257.3021269555993' 'present']
 ['5' '273.25703599175205' 'present']
 ['3' '288.46915979231466' 'present']
 ['3' '288.51545608861096' 'present']
 ['20' '294.6449075594213' 'present']
 ['21' '302.249152566601' 'present']
 ['13' '305.5485223346891' 'present']
 ['5' '312.017611959711' 'present']
 ['3' '316.96953115783816' 'present']
 ['4' '318.1788137591696' 'present']
 ['18' '322.4892811835313' 'present']
 ['17' '336.3433485620657' 'present']
 ['8' '338.1939911323374' 'present']
 ['4' '350.1280671256176' 'present']
 ['13' '352.44876870988656' 'present']
 ['14' '356.58737713493935' 'present']
 ['8' '356.8574102648435' 'present']
 ['21' '357.8349050742106' 'present']
 ['6' '359.7198975526027' 'present']]","[['F94' '90.48411197604291' 'mated']
 ['F163' '101.4120750851053' 'mated']
 ['F79' '103.12819872544293' 'mated']
 ['F121' '135.5495357674994' 'mated']
 ['F11' '155.05109144809387' 'absent']
 ['F22' '155.61428811899756' 'mated']
 ['F122' '183.3491619981898' 'mated']
 ['F71' '188.1153816643263' 'absentdestroyed']
 ['F174' '201.61628068943824' 'destroyed']
 ['F185' '206.79655086658528' 'destroyed']
 ['F195' '237.0352696260461' 'mated']
 ['F9' '245.27374736147723' 'mated']
 ['F177' '260.67109440636443' 'absent']
 ['F161' '311.20133590069884' 'absent']]",556.0,69.21796989005598,14.570537403687455,1554.0,268.5257967982388,58.100891431926186,114.0,18.190522160932336,3.6712716024329297,10.0,0.9999999999999999,0.10000000000000003,71.0,3.2870370370370363,0.15217764060356645
1,0.054,6,360.5654408567589,"[['17' '1.7845426633203376' 'present']
 ['8' '19.69305134167387' 'present']
 ['6' '21.55419680998712' 'present']
 ['17' '27.204590743413583' 'marauded']
 ['7' '29.170333097593932' 'presentdestroyed']
 ['16' '30.601785648112493' 'presentdestroyed']
 ['6' '33.24058836933413' 'presentdestroyed']
 ['20' '38.70816956297808' 'marauded']
 ['17' '53.11234739452066' 'marauded']
 ['6' '55.70893930904235' 'destroyed']
 ['18' '67.63495196749363' 'marauded']
 ['17' '76.53202458504992' 'present']
 ['18' '87.37312718572576' 'present']
 ['7' '98.69895200884604' 'marauded']
 ['4' '114.35374300898344' 'present']
 ['15' '117.90277646020839' 'marauded']
 ['19' '124.80207058256127' 'presentdestroyed']
 ['16' '140.12694549079274' 'present']
 ['16' '157.55632480580232' 'marauded']
 ['14' '159.770470325117' 'presentdestroyed']
 ['14' '159.8630629177096' 'presentdestroyed']
 ['15' '160.87265725272732' 'presentdestroyed']
 ['18' '165.3866648781839' 'present']
 ['4' '181.13232587883664' 'present']
 ['19' '181.34512862181876' 'present']
 ['15' '199.71830558340295' 'present']
 ['15' '219.9315357826621' 'present']
 ['13' '221.55951884452242' 'present']
 ['14' '231.51212406073216' 'present']
 ['5' '232.48476618234832' 'present']
 ['7' '238.40547126787115' 'present']
 ['18' '241.24351953743272' 'present']
 ['18' '245.12024193757588' 'present']
 ['7' '246.41595953692175' 'present']
 ['8' '247.92970415005496' 'marauded']
 ['8' '250.80603472121513' 'presentdestroyed']
 ['17' '250.87393659434537' 'presentdestroyed']
 ['7' '255.05225297243342' 'presentdestroyed']
 ['6' '268.623879556762' 'marauded']
 ['15' '277.94808574361036' 'present']
 ['21' '319.427639781233' 'present']
 ['4' '322.7010039058974' 'present']
 ['16' '329.5240709880076' 'present']
 ['7' '331.32989041135625' 'present']
 ['6' '337.9366747917991' 'present']
 ['8' '347.09854158829535' 'present']
 ['16' '350.20445439856076' 'present']
 ['6' '352.2775734911062' 'marauded']
 ['14' '355.3346038787355' 'presentdestroyed']
 ['14' '357.2900583578862' 'presentdestroyed']]","[['F114' '80.4586798910292' 'mated']
 ['F62' '100.40683799724601' 'absentdestroyed']
 ['F213' '114.35056585096856' 'mated']
 ['F131' '117.33277844142594' 'mated']
 ['F58' '128.97938334312389' 'mated']
 ['F176' '142.87193257313987' 'mated']
 ['F61' '255.7337732461372' 'mated']
 ['F26' '337.5379496116989' 'absent']]",570.0,68.83503534974346,13.714458079205329,1336.0,225.18554680932186,48.206485973277395,373.0,61.30534902388671,12.975868411598498,16.0,1.6000000000000003,0.1600000000000001,69.0,3.1944444444444438,0.14789094650205756
2,0.0,8,360.0160869777161,"[['15' '0.023148148148148147' 'present']
 ['0' '9.998723336208306' 'present']
 ['3' '15.153641673109641' 'marauded']
 ['18' '35.53802550445187' 'present']
 ['7' '53.39996065065539' 'present']
 ['15' '56.19421496052028' 'present']
 ['14' '72.62963836140895' 'present']
 ['20' '74.5853399878049' 'present']
 ['21' '80.52361444594332' 'present']
 ['0' '82.79784617171535' 'present']
 ['19' '85.34623279450385' 'present']
 ['18' '87.14740937483555' 'present']
 ['21' '96.75479938953748' 'present']
 ['14' '109.9898870466495' 'marauded']
 ['6' '115.6256607403842' 'presentdestroyed']
 ['16' '116.01008069638176' 'presentdestroyed']
 ['3' '124.86372625449174' 'present']
 ['17' '126.87666176966519' 'present']
 ['5' '132.97999279067187' 'marauded']
 ['14' '136.44417829777575' 'presentdestroyed']
 ['15' '137.12609045928158' 'presentdestroyed']
 ['6' '144.3509775959398' 'present']
 ['15' '149.40423659505143' 'present']
 ['13' '155.28878661887066' 'present']
 ['16' '189.09332884711694' 'present']
 ['17' '192.73335783544775' 'present']
 ['17' '208.2276788665453' 'present']
 ['16' '222.7191384675055' 'present']
 ['15' '241.47971439505207' 'present']
 ['16' '250.41885341094712' 'present']
 ['18' '252.31896106242735' 'present']
 ['14' '262.4509005670462' 'present']
 ['3' '268.8920118062216' 'present']
 ['4' '272.3673873009959' 'marauded']
 ['7' '281.2737460588229' 'present']
 ['16' '283.742679486399' 'marauded']
 ['1' '285.9920447785611' 'presentdestroyed']
 ['4' '289.4561021676911' 'presentdestroyed']
 ['13' '298.5823339748346' 'present']
 ['5' '300.16461059301645' 'present']
 ['16' '314.1130213610556' 'present']
 ['4' '314.99007573831096' 'present']
 ['3' '316.15301511127166' 'present']
 ['13' '333.7826738189073' 'marauded']
 ['13' '335.7931656977946' 'presentdestroyed']
 ['18' '344.41737107905607' 'present']
 ['8' '349.7590900053445' 'present']
 ['21' '352.0807515439832' 'present']
 ['14' '357.4305356670837' 'present']]","[['F151' '33.94387622620095' 'absent']
 ['F27' '38.350413327802194' 'mated']
 ['F213' '114.32741770282041' 'destroyed']
 ['F197' '134.31164555546474' 'destroyed']
 ['F82' '136.81188962258983' 'destroyed']
 ['F123' '160.43305862734496' 'mated']
 ['F72' '174.7238952952249' 'mated']
 ['F117' '175.70484264520917' 'mated']
 ['F88' '184.2403349502401' 'absent']
 ['F5' '186.70398793875' 'mated']
 ['F190' '221.08808572560085' 'mated']
 ['F75' '287.3627172501341' 'destroyed']
 ['F113' '303.09844427508165' 'mated']
 ['F38' '316.8838259764811' 'mated']
 ['F150' '333.97787958947526' 'destroyed']]",567.0,72.41733907905768,15.161122404678377,1514.0,251.33366061913344,53.18866162316126,221.0,36.44136636177061,7.728003419754704,0.0,0.0,0.0,0.0,0.0,0.0
3,0.054,13,360.2142075611052,"[['7' '32.474767552487656' 'marauded']
 ['17' '43.02959423630955' 'marauded']
 ['15' '54.46032854675602' 'present']
 ['13' '68.38829569799853' 'present']
 ['15' '75.07472394795678' 'present']
 ['21' '78.43444590248895' 'present']
 ['17' '78.47580280778945' 'present']
 ['1' '78.80447720786866' 'present']
 ['5' '78.83786438912257' 'present']
 ['13' '89.11955811165394' 'present']
 ['20' '89.3048606330399' 'marauded']
 ['1' '89.3378855889852' 'destroyed']
 ['1' '96.83917415227964' 'destroyed']
 ['14' '98.37565208180771' 'present']
 ['19' '99.60467751010484' 'present']
 ['13' '100.49033154999489' 'present']
 ['21' '105.47585229607368' 'present']
 ['21' '108.06927409471862' 'present']
 ['4' '113.6544918817629' 'present']
 ['0' '119.43020875648675' 'present']
 ['20' '120.46582684134631' 'present']
 ['8' '122.41445513040576' 'present']
 ['20' '126.75091212367992' 'present']
 ['7' '133.2599546203282' 'present']
 ['4' '134.53256204907527' 'present']
 ['4' '147.4187971132591' 'present']
 ['13' '148.1754849489671' 'present']
 ['1' '155.65673679919976' 'present']
 ['5' '168.80429726317172' 'present']
 ['1' '180.97619397786798' 'present']
 ['20' '188.71941724606788' 'present']
 ['18' '190.08752054392474' 'present']
 ['20' '190.115858396206' 'present']
 ['1' '196.46934190590457' 'present']
 ['7' '198.1071207992217' 'present']
 ['8' '199.56336943753294' 'present']
 ['14' '209.2047555079693' 'present']
 ['21' '222.60549991780385' 'marauded']
 ['13' '227.0430144211781' 'presentdestroyed']
 ['18' '230.32365706762357' 'presentdestroyed']
 ['20' '234.39630890547707' 'marauded']
 ['5' '243.58859750196484' 'present']
 ['16' '244.25583157088803' 'marauded']
 ['14' '244.8051711010922' 'destroyed']
 ['14' '247.29378568589635' 'presentdestroyed']
 ['0' '247.76479973953315' 'presentdestroyed']
 ['15' '256.7315680544663' 'marauded']
 ['13' '258.870584260798' 'presentdestroyed']
 ['20' '261.0518532385737' 'presentdestroyed']
 ['4' '274.24195047764664' 'present']
 ['18' '279.3764268363449' 'present']
 ['15' '282.269953256112' 'present']
 ['17' '294.7840555541165' 'present']
 ['16' '303.0555619869993' 'present']
 ['13' '303.2806888484215' 'present']
 ['4' '316.683069623331' 'present']
 ['1' '326.9305459180203' 'present']
 ['0' '327.8052652541302' 'present']
 ['13' '333.736377522611' 'present']
 ['13' '345.3847795366617' 'present']
 ['0' '348.3871222422357' 'present']
 ['17' '355.2536135101289' 'marauded']]","[['F17' '6.8830814379143375' 'mated']
 ['F129' '37.864330083437885' 'destroyed']
 ['F27' '38.32726517965405' 'absentdestroyed']
 ['F183' '59.95230595913609' 'mated']
 ['F168' '107.26266743481497' 'absent']
 ['F82' '136.8813340670343' 'mated']
 ['F139' '140.98121872461942' 'mated']
 ['F85' '148.04427475697798' 'mated']
 ['F93' '151.31724074738284' 'mated']
 ['F55' '154.85775870637084' 'absent']
 ['F181' '181.57809659359285' 'mated']
 ['F99' '187.8820419112941' 'mated']
 ['F137' '191.66280216714352' 'mated']
 ['F174' '201.6394288375864' 'absent']
 ['F120' '203.03518339489244' 'mated']
 ['F126' '217.5783449397746' 'mated']
 ['F76' '220.98461212652518' 'mated']
 ['F153' '223.37211347492266' 'destroyed']
 ['F24' '273.8247425110189' 'mated']]",559.0,74.06984476053303,16.130159437345238,1370.0,233.9091441329666,50.22268387088297,270.0,46.51179759036839,9.953279957442472,15.0,1.5000000000000002,0.15000000000000008,88.0,4.0740740740740735,0.18861454046639203
4,0.054,8,360.5677291751256,"[['15' '1.1464724648438473' 'marauded']
 ['3' '2.262968785143613' 'presentdestroyed']
 ['21' '9.888357902078681' 'present']
 ['13' '34.33844851962268' 'marauded']
 ['6' '37.62583172145883' 'presentdestroyed']
 ['18' '45.57304299331408' 'present']
 ['20' '60.69197038603532' 'marauded']
 ['8' '63.7456852579378' 'presentdestroyed']
 ['15' '68.65711227944627' 'destroyed']
 ['5' '74.76163069494875' 'present']
 ['8' '77.5090015838255' 'marauded']
 ['16' '78.58733555258804' 'destroyed']
 ['1' '83.68425767827762' 'destroyed']
 ['8' '86.83113167512761' 'present']
 ['17' '90.14141956419802' 'present']
 ['16' '126.14495371558326' 'marauded']
 ['13' '127.66148632219259' 'presentdestroyed']
 ['1' '154.7548426073524' 'present']
 ['15' '156.23607900790344' 'present']
 ['17' '167.85729698166912' 'present']
 ['3' '171.4821748410848' 'marauded']
 ['1' '175.38115452486528' 'presentdestroyed']
 ['5' '178.0486530589433' 'presentdestroyed']
 ['14' '186.7717329778174' 'present']
 ['1' '187.32288454914928' 'present']
 ['21' '192.94322435158193' 'marauded']
 ['13' '194.2116649762169' 'presentdestroyed']
 ['7' '203.61636835282556' 'present']
 ['21' '214.7437722798082' 'present']
 ['16' '231.28711026312092' 'marauded']
 ['0' '249.5763946115999' 'present']
 ['17' '252.6518806910014' 'present']
 ['15' '257.1140617521645' 'present']
 ['19' '261.63432551413683' 'present']
 ['6' '273.8464979624462' 'present']
 ['7' '277.21572297102796' 'present']
 ['13' '297.56556512626463' 'present']
 ['1' '299.7884609374947' 'present']
 ['0' '301.44209879794' 'present']
 ['17' '304.09634394121395' 'marauded']
 ['17' '305.96533740847866' 'presentdestroyed']
 ['5' '313.9304183080023' 'present']
 ['20' '317.0948588108058' 'present']
 ['1' '335.5575341570307' 'marauded']
 ['19' '349.29880490262116' 'present']
 ['0' '352.86771166181535' 'present']]","[['F110' '116.00211916586358' 'mated']
 ['F204' '124.63099311451589' 'mated']
 ['F160' '138.39940488629287' 'mated']
 ['F21' '140.4092107790114' 'mated']
 ['F117' '175.68169449706102' 'absentdestroyed']
 ['F34' '182.492993254448' 'mated']
 ['F29' '284.3885800695028' 'mated']
 ['F100' '286.420771838127' 'mated']
 ['F91' '306.29269643046683' 'destroyed']
 ['F130' '350.0268862909926' 'mated']]",567.0,70.0507987213715,14.353327255390434,1274.0,223.97382833127486,49.29389957549772,355.0,61.199961574388546,13.470281147541531,14.0,1.4000000000000001,0.14000000000000007,80.0,3.703703703703703,0.17146776406035646
5,0.054,7,360.10284616840795,"[['19' '3.1940683588710135' 'marauded']
 ['14' '12.829716803144168' 'present']
 ['8' '15.68275945885265' 'marauded']
 ['4' '19.256201213524598' 'presentdestroyed']
 ['3' '22.652197840165307' 'presentdestroyed']
 ['8' '23.694178970576395' 'present']
 ['7' '29.05855311056962' 'present']
 ['21' '30.130470816233803' 'present']
 ['13' '37.52432126515015' 'present']
 ['20' '49.733678688562655' 'present']
 ['16' '55.321846862438534' 'marauded']
 ['21' '70.45460563072204' 'present']
 ['0' '82.27076817778388' 'present']
 ['21' '83.39313504802111' 'present']
 ['0' '98.4961533642283' 'present']
 ['0' '108.01592410412789' 'marauded']
 ['17' '108.19224827152445' 'presentdestroyed']
 ['14' '109.50584256153988' 'presentdestroyed']
 ['13' '116.29208895042704' 'present']
 ['16' '137.62790667309133' 'present']
 ['8' '145.9297603965677' 'present']
 ['7' '155.60098990148614' 'present']
 ['1' '156.92414555670203' 'marauded']
 ['16' '162.41523325871532' 'presentdestroyed']
 ['0' '178.41137785894753' 'marauded']
 ['8' '178.53972767668682' 'presentdestroyed']
 ['4' '181.08602958254033' 'presentdestroyed']
 ['14' '194.4562660428081' 'marauded']
 ['1' '194.4711726252717' 'destroyed']
 ['18' '198.13117093250875' 'presentdestroyed']
 ['16' '202.7740105331196' 'present']
 ['1' '211.08442702671323' 'present']
 ['3' '215.49826746782458' 'present']
 ['6' '217.53418295238095' 'present']
 ['7' '219.2155215434496' 'present']
 ['15' '222.7828050967857' 'marauded']
 ['19' '230.44892325216998' 'presentdestroyed']
 ['18' '230.80716179836674' 'present']
 ['3' '231.4012936052694' 'present']
 ['8' '243.48267994292985' 'present']
 ['7' '246.36966324062544' 'present']
 ['15' '247.85444761787386' 'present']
 ['18' '251.46121105824085' 'marauded']
 ['7' '252.21584002504747' 'presentdestroyed']
 ['14' '273.10479894988856' 'present']
 ['8' '290.1661682727042' 'present']
 ['13' '290.69220500302185' 'marauded']
 ['13' '290.8385012993182' 'presentdestroyed']
 ['6' '292.751054717819' 'presentdestroyed']
 ['13' '295.45001185271025' 'presentdestroyed']
 ['7' '295.95604654566137' 'presentdestroyed']
 ['18' '308.82791662947506' 'present']
 ['13' '310.1152246809949' 'present']
 ['0' '310.3203462919771' 'present']
 ['20' '312.27578118127155' 'present']
 ['3' '312.8522043768263' 'present']
 ['19' '319.72028030603894' 'present']
 ['17' '325.22377090935754' 'present']
 ['16' '327.9066967936529' 'marauded']
 ['4' '331.08786516689565' 'presentdestroyed']
 ['7' '331.28359411505994' 'presentdestroyed']
 ['16' '332.4003189853163' 'presentdestroyed']
 ['0' '339.16904536033195' 'marauded']
 ['4' '358.3441326960903' 'present']
 ['4' '359.12218770434237' 'present']]","[['F57' '77.69373388142454' 'mated']
 ['F207' '102.32852066998143' 'mated']
 ['F168' '107.28581558296312' 'absent']
 ['F70' '168.3355989889272' 'mated']
 ['F60' '169.07902492229013' 'absent']
 ['F174' '213.732021430179' 'mated']
 ['F143' '231.11330501983363' 'mated']
 ['F15' '232.38650866139315' 'absent']
 ['F75' '287.4090135464304' 'mated']
 ['F172' '313.39784071807196' 'mated']]",563.0,70.73623562585858,14.713814717688187,1248.0,212.05001410785258,45.185887388842275,439.0,73.63358585208381,15.419230579913748,8.0,0.7999999999999999,0.08000000000000002,64.0,2.9629629629629624,0.13717421124828533
6,0.054,10,360.0784683614106,"[['20' '5.332517220608719' 'present']
 ['16' '8.009413606497937' 'present']
 ['0' '30.280612793921307' 'present']
 ['19' '60.67584950845956' 'present']
 ['18' '70.21670202103799' 'present']
 ['3' '72.14393430210353' 'present']
 ['3' '85.14426102206028' 'present']
 ['1' '87.0734766468314' 'marauded']
 ['20' '89.25856433674359' 'presentdestroyed']
 ['13' '94.22146163103503' 'destroyed']
 ['17' '102.67120241934916' 'marauded']
 ['14' '105.8745183334013' 'destroyed']
 ['21' '107.60946967055948' 'destroyed']
 ['1' '111.73152140838933' 'present']
 ['19' '114.53196776772818' 'present']
 ['1' '114.6443575062594' 'present']
 ['3' '115.11306699996037' 'present']
 ['16' '116.21720185974243' 'present']
 ['4' '120.00253410126983' 'marauded']
 ['3' '136.40912873711758' 'marauded']
 ['20' '149.347960671018' 'present']
 ['21' '156.41748300297965' 'present']
 ['18' '165.0562525472246' 'marauded']
 ['4' '170.67755948995935' 'presentdestroyed']
 ['15' '175.02982961952347' 'present']
 ['3' '181.13976217171836' 'present']
 ['5' '193.65396471802' 'present']
 ['15' '198.35219968119222' 'present']
 ['16' '200.21530773619043' 'marauded']
 ['15' '220.18359632659423' 'marauded']
 ['14' '227.19752067172382' 'destroyed']
 ['4' '231.287146413533' 'present']
 ['19' '241.6855275528061' 'present']
 ['16' '245.74168645657534' 'marauded']
 ['16' '254.95361672002593' 'marauded']
 ['7' '261.399006055972' 'presentdestroyed']
 ['18' '276.1806530179683' 'present']
 ['18' '277.98384503654404' 'present']
 ['8' '291.97212716573415' 'present']
 ['15' '307.5350172285273' 'present']
 ['8' '308.77624761969304' 'marauded']
 ['8' '322.3102261209886' 'present']
 ['20' '323.15421327009045' 'marauded']
 ['8' '342.4739441375727' 'present']]","[['F41' '115.31730877447515' 'mated']
 ['F42' '149.91495026594572' 'mated']
 ['F1' '153.81540716144124' 'mated']
 ['F83' '162.24260567687588' 'mated']
 ['F158' '164.9306764740065' 'mated']
 ['F48' '189.68897205711238' 'mated']
 ['F125' '230.2182485828876' 'mated']
 ['F166' '230.3842743494759' 'mated']
 ['F43' '246.15784124569083' 'destroyed']
 ['F61' '255.71062509798904' 'absentdestroyed']
 ['F31' '300.0510769116165' 'mated']
 ['F164' '314.0447018720623' 'destroyed']
 ['F179' '335.31240118872006' 'mated']]",562.0,70.30451209573732,14.380139745600966,1285.0,217.6858950935477,46.749628414651255,391.0,67.69868736997392,15.050966650277731,11.0,1.0999999999999999,0.11000000000000004,73.0,3.379629629629629,0.15646433470507534
7,0.054,10,360.0522460043833,"[['1' '15.215927529167123' 'present']
 ['4' '18.532700476063628' 'marauded']
 ['8' '23.94057051850488' 'destroyed']
 ['5' '31.150327968859393' 'present']
 ['20' '34.698039554089206' 'marauded']
 ['5' '40.45714388344344' 'presentdestroyed']
 ['0' '41.24898717019997' 'presentdestroyed']
 ['20' '44.12962653494683' 'present']
 ['20' '65.63550219570091' 'present']
 ['4' '71.3745767936848' 'present']
 ['14' '72.17228988827559' 'present']
 ['17' '81.24035892562814' 'marauded']
 ['20' '88.21616551125318' 'presentdestroyed']
 ['4' '92.61231064680366' 'present']
 ['14' '98.42194837810402' 'present']
 ['0' '101.99799781367359' 'present']
 ['18' '105.40331405730147' 'present']
 ['21' '111.97531177846608' 'marauded']
 ['14' '126.2900855436767' 'present']
 ['16' '127.54568247892068' 'present']
 ['18' '128.54084748476959' 'present']
 ['16' '132.29248439266053' 'present']
 ['5' '136.35798834278927' 'present']
 ['21' '143.7130703407354' 'present']
 ['3' '146.14996562006792' 'present']
 ['3' '152.1633329503337' 'present']
 ['19' '157.96492456633155' 'present']
 ['20' '185.36752290406582' 'present']
 ['3' '196.98495291185878' 'present']
 ['21' '213.0372078564487' 'present']
 ['4' '226.0646611221614' 'marauded']
 ['5' '238.85487507686096' 'present']
 ['20' '249.85751282047715' 'present']
 ['0' '264.2142683350135' 'present']
 ['5' '265.0836656058236' 'marauded']
 ['6' '273.5574539463643' 'present']
 ['15' '282.2236569598157' 'present']
 ['5' '286.6234884127506' 'present']
 ['17' '307.49569862830964' 'present']
 ['13' '307.7787755975997' 'marauded']
 ['19' '317.6708644095475' 'present']
 ['15' '320.2416586827891' 'marauded']
 ['17' '341.33332331245185' 'present']
 ['20' '342.58065370126343' 'marauded']
 ['18' '345.9075809215361' 'destroyed']
 ['6' '358.3766311743561' 'present']]","[['F52' '94.83876005359531' 'mated']
 ['F201' '158.68543451521475' 'mated']
 ['F193' '159.26950144722133' 'mated']
 ['F212' '163.4687985643738' 'mated']
 ['F192' '174.68062280152043' 'mated']
 ['F71' '188.1616779606226' 'mated']
 ['F105' '240.93146945906028' 'mated']
 ['F188' '265.6243863708387' 'destroyed']
 ['F128' '273.2104768564211' 'mated']
 ['F80' '288.4390033964083' 'mated']
 ['F136' '301.90282012853584' 'mated']
 ['F214' '326.1966591560466' 'destroyed']]",560.0,70.2743928162623,14.239947331564474,1349.0,230.27613193576627,50.000458509311756,333.0,54.95061681042423,11.587817098652456,9.0,0.8999999999999999,0.09000000000000002,79.0,3.6574074074074066,0.16932441700960202
8,0.054,6,360.20700418492976,"[['0' '28.79010939608461' 'present']
 ['19' '29.06263846955489' 'marauded']
 ['19' '30.80687181719682' 'presentdestroyed']
 ['15' '40.086809654836046' 'present']
 ['21' '41.691276996787664' 'present']
 ['6' '48.96164956406149' 'present']
 ['15' '52.807390500622624' 'marauded']
 ['16' '52.94038744718991' 'destroyed']
 ['0' '54.33646188813168' 'presentdestroyed']
 ['21' '79.60010710555488' 'present']
 ['0' '88.76757290104979' 'marauded']
 ['17' '95.24547589950842' 'presentdestroyed']
 ['4' '110.0557488922115' 'present']
 ['21' '115.65636500884403' 'present']
 ['16' '120.06482857776838' 'present']
 ['6' '129.73854681504568' 'marauded']
 ['7' '135.66590857102125' 'presentdestroyed']
 ['7' '138.23745940186433' 'present']
 ['20' '142.67974626773534' 'present']
 ['7' '150.91826383477192' 'present']
 ['6' '178.03397414322023' 'present']
 ['14' '189.1126457710387' 'marauded']
 ['15' '202.30030287722002' 'present']
 ['17' '203.85257130186778' 'marauded']
 ['4' '204.9161428149598' 'destroyed']
 ['6' '208.86553458261983' 'presentdestroyed']
 ['21' '212.00070187848718' 'present']
 ['3' '212.48479989060934' 'marauded']
 ['7' '213.8560744307387' 'destroyed']
 ['15' '217.55162571332377' 'presentdestroyed']
 ['18' '218.7133623860276' 'presentdestroyed']
 ['1' '222.70878668211256' 'present']
 ['14' '234.16572716984564' 'present']
 ['7' '245.46712987604835' 'present']
 ['16' '261.2338039212209' 'present']
 ['4' '264.41489119402524' 'present']
 ['5' '266.5104946904805' 'present']
 ['4' '269.39731365897256' 'present']
 ['5' '271.73825616270466' 'marauded']
 ['19' '273.1631300910831' 'presentdestroyed']
 ['15' '291.8655452823615' 'present']
 ['3' '294.5093398163683' 'present']
 ['20' '294.6912038557176' 'present']
 ['5' '300.0898882691626' 'present']
 ['17' '309.8321000381354' 'marauded']
 ['3' '312.08011465046314' 'presentdestroyed']
 ['0' '316.7531552185996' 'presentdestroyed']
 ['13' '326.83590253172343' 'present']
 ['18' '333.77503873871444' 'present']
 ['18' '334.9097567217809' 'present']
 ['21' '340.4411272408718' 'present']
 ['7' '340.5997967845723' 'present']
 ['19' '340.9378757095054' 'present']
 ['4' '357.8558459019263' 'present']]","[['F198' '9.787108769901632' 'mated']
 ['F62' '100.42998614539417' 'mated']
 ['F149' '111.66004454193009' 'mated']
 ['F88' '184.26348309838826' 'mated']
 ['F102' '251.43630494162403' 'mated']
 ['F161' '311.24763219699514' 'destroyed']
 ['F194' '312.53641622615334' 'destroyed']
 ['F203' '323.30093616556815' 'mated']]",562.0,72.38501116821722,16.82204810438628,1357.0,228.03742754798907,48.19613502523006,330.0,55.154967674021954,12.014218495199264,12.0,1.2,0.12000000000000005,72.0,3.3333333333333326,0.1543209876543209
9,0.0,12,360.35107629923,"[['20' '0.4295097887392332' 'present']
 ['15' '4.311287322238422' 'present']
 ['15' '4.816500508876935' 'present']
 ['3' '6.50177272027558' 'present']
 ['14' '7.559557522131534' 'present']
 ['1' '12.633122816799439' 'present']
 ['4' '13.544249469385347' 'present']
 ['19' '29.89325925627956' 'marauded']
 ['13' '34.044730125278576' 'presentdestroyed']
 ['14' '34.860846859038475' 'presentdestroyed']
 ['15' '39.549259693194195' 'present']
 ['5' '42.588561525070105' 'present']
 ['17' '51.071219547527' 'present']
 ['17' '59.44596921490898' 'marauded']
 ['3' '61.42018302449887' 'destroyed']
 ['21' '70.98570100679261' 'present']
 ['15' '78.83056443560699' 'present']
 ['4' '95.4407373284768' 'marauded']
 ['21' '115.70266130514034' 'present']
 ['0' '124.14973397473005' 'present']
 ['17' '126.94513996325507' 'present']
 ['16' '148.75269697761144' 'present']
 ['8' '153.6708422366184' 'present']
 ['8' '156.27115956768068' 'present']
 ['14' '162.1889500329499' 'present']
 ['4' '167.58273009914055' 'present']
 ['5' '170.10777623724042' 'present']
 ['6' '173.02286560934897' 'marauded']
 ['8' '181.43031167331833' 'present']
 ['17' '185.97131504895773' 'present']
 ['8' '187.2765502038566' 'marauded']
 ['8' '187.5737594057925' 'presentdestroyed']
 ['5' '191.90394554490402' 'presentdestroyed']
 ['7' '198.97451618310473' 'present']
 ['21' '209.1084654571795' 'marauded']
 ['6' '232.38205154934292' 'marauded']
 ['15' '232.79833857864793' 'presentdestroyed']
 ['13' '244.25867555113848' 'present']
 ['15' '245.40949090133242' 'present']
 ['0' '246.54979408184698' 'present']
 ['16' '263.8977024392763' 'present']
 ['1' '266.9212790315432' 'present']
 ['6' '270.84437394451015' 'present']
 ['15' '272.5964869624071' 'present']
 ['14' '281.3238998925292' 'present']
 ['6' '288.2103723157394' 'present']
 ['13' '294.25372931342184' 'present']
 ['6' '294.44220783767935' 'present']
 ['8' '296.4718529414718' 'marauded']
 ['1' '299.3630218880775' 'presentdestroyed']
 ['13' '311.94822282578474' 'present']
 ['6' '320.3019005057698' 'marauded']
 ['17' '338.6436836382648' 'marauded']
 ['14' '340.7894804567593' 'presentdestroyed']
 ['17' '354.69019291055093' 'present']
 ['18' '357.8703327019357' 'marauded']]","[['F152' '28.450303004336284' 'mated']
 ['F53' '32.80333814821977' 'absentdestroyed']
 ['F129' '37.88747823158603' 'mated']
 ['F84' '47.818168593098186' 'mated']
 ['F13' '76.05116287871965' 'mated']
 ['F20' '88.91075087054037' 'mated']
 ['F168' '107.30896373111128' 'absent']
 ['F116' '131.29175408027365' 'mated']
 ['F82' '136.78874147444168' 'absent']
 ['F154' '144.2784208346602' 'mated']
 ['F209' '162.30134325703506' 'mated']
 ['F174' '213.70887328203085' 'destroyed']
 ['F3' '231.79336432096218' 'mated']
 ['F141' '252.8148496274415' 'mated']
 ['F91' '306.315844578615' 'mated']
 ['F164' '314.06785002021047' 'mated']]",553.0,72.68407209430639,15.537512514265027,1333.0,224.86481486414615,48.76707138403426,384.0,62.49696802797133,13.137347754184699,0.0,0.0,0.0,0.0,0.0,0.0
10,0.0,10,360.31797714257715,"[['6' '13.006367239693466' 'present']
 ['13' '29.186192464326897' 'present']
 ['6' '31.912420493795643' 'present']
 ['18' '32.75853370489246' 'present']
 ['20' '44.08333023865054' 'present']
 ['16' '49.566984187582534' 'marauded']
 ['15' '59.081976509968534' 'marauded']
 ['3' '61.37388672820258' 'presentdestroyed']
 ['21' '62.175639261537086' 'presentdestroyed']
 ['14' '62.443000239497295' 'presentdestroyed']
 ['14' '75.73802996360965' 'present']
 ['15' '78.98786550930149' 'present']
 ['5' '81.84072741974639' 'present']
 ['16' '94.55893354442796' 'present']
 ['3' '103.48083279466343' 'marauded']
 ['1' '131.37952596407888' 'present']
 ['5' '135.59078168727822' 'present']
 ['3' '156.55097372341834' 'present']
 ['15' '157.53663289818226' 'marauded']
 ['1' '166.97756127121232' 'present']
 ['5' '188.60698151212299' 'present']
 ['13' '195.96264393496034' 'marauded']
 ['3' '206.32021699159586' 'present']
 ['19' '209.99632533590895' 'present']
 ['6' '210.63004585660593' 'present']
 ['3' '216.9724514698541' 'present']
 ['16' '228.08779374535564' 'present']
 ['16' '230.57877661561403' 'present']
 ['8' '232.87393450903093' 'marauded']
 ['17' '235.76215280743745' 'presentdestroyed']
 ['0' '236.2327601932733' 'presentdestroyed']
 ['14' '248.08554294719048' 'present']
 ['15' '259.17988226196127' 'present']
 ['4' '265.67932019612346' 'present']
 ['16' '266.6430246904838' 'present']
 ['8' '268.9514916508579' 'present']
 ['15' '269.0292491068268' 'present']
 ['4' '273.2982565100883' 'marauded']
 ['6' '277.24594008623774' 'presentdestroyed']
 ['14' '277.6132104955901' 'presentdestroyed']
 ['1' '285.39320056094374' 'marauded']
 ['7' '287.9670204445391' 'presentdestroyed']
 ['3' '290.6660600377761' 'presentdestroyed']
 ['15' '307.5813135248236' 'present']
 ['16' '311.8400811964859' 'marauded']
 ['4' '316.7293659196273' 'presentdestroyed']
 ['0' '320.58738663046705' 'marauded']
 ['3' '333.2931595419156' 'present']
 ['15' '334.195983200997' 'present']
 ['20' '350.28254696396397' 'present']
 ['20' '352.95080413876883' 'present']
 ['5' '354.88185290932176' 'present']]","[['F7' '93.71161852135239' 'mated']
 ['F162' '120.22712625626644' 'mated']
 ['F196' '129.0555624454393' 'mated']
 ['F66' '136.2024672857388' 'mated']
 ['F193' '159.24635329907318' 'absentdestroyed']
 ['F132' '213.83829688241465' 'mated']
 ['F23' '215.58781126513534' 'mated']
 ['F46' '224.34654150031997' 'mated']
 ['F59' '250.26613337077663' 'mated']
 ['F103' '260.5974860688648' 'mated']
 ['F159' '280.2918834588456' 'mated']]",564.0,67.87750415035167,13.089938246171089,1336.0,231.05906478490658,49.88673899304306,351.0,61.16535132848369,13.365382421988022,0.0,0.0,0.0,0.0,0.0,0.0
11,0.0,15,359.9272536254545,"[['21' '0.9272011992557778' 'present']
 ['16' '18.948479735285154' 'present']
 ['17' '28.43721908093153' 'present']
 ['17' '30.59867905489787' 'present']
 ['15' '36.980406762462835' 'present']
 ['5' '42.44226522877381' 'marauded']
 ['6' '46.08131885149681' 'presentdestroyed']
 ['3' '52.530685866001' 'present']
 ['7' '55.41577332276496' 'marauded']
 ['16' '68.48483747343829' 'present']
 ['0' '70.25104546608095' 'marauded']
 ['18' '70.33351605285691' 'destroyed']
 ['13' '72.19834554590335' 'presentdestroyed']
 ['7' '75.48046612468026' 'presentdestroyed']
 ['8' '78.07911214280102' 'present']
 ['16' '88.05298269137015' 'present']
 ['7' '102.26771562847027' 'present']
 ['3' '103.43453649836712' 'present']
 ['16' '105.10773676915774' 'present']
 ['3' '106.24614522050994' 'marauded']
 ['3' '118.73369341661304' 'present']
 ['14' '122.23568543026867' 'present']
 ['21' '122.39848266649868' 'present']
 ['20' '129.01371896164508' 'marauded']
 ['20' '140.55966529219015' 'present']
 ['15' '140.87477558190238' 'present']
 ['0' '143.76339993895564' 'present']
 ['7' '151.94012108885343' 'present']
 ['13' '154.9088050449604' 'present']
 ['13' '163.54433368206227' 'present']
 ['16' '172.83299255470138' 'present']
 ['15' '179.59553851195662' 'present']
 ['5' '193.44456134285173' 'present']
 ['8' '199.92472955156947' 'present']
 ['17' '203.99886759816408' 'present']
 ['20' '211.1166435025519' 'present']
 ['15' '212.15388422935376' 'present']
 ['18' '219.66935944047026' 'present']
 ['16' '222.6728421712092' 'present']
 ['15' '229.10042420905444' 'marauded']
 ['13' '229.344359644916' 'presentdestroyed']
 ['8' '233.0572143885663' 'presentdestroyed']
 ['6' '234.78999467878023' 'presentdestroyed']
 ['19' '235.36702074490154' 'destroyed']
 ['7' '237.00267626746307' 'present']
 ['16' '240.43324011017043' 'present']
 ['0' '243.10020108972483' 'present']
 ['15' '246.7020793623173' 'marauded']
 ['18' '252.12507256813885' 'presentdestroyed']
 ['4' '255.98262323479068' 'present']
 ['19' '265.1428946097028' 'present']
 ['7' '284.38459210931626' 'present']
 ['15' '285.41800398571894' 'marauded']
 ['5' '288.6122989421314' 'presentdestroyed']
 ['5' '288.74034790403607' 'presentdestroyed']
 ['17' '292.0236524587189' 'presentdestroyed']
 ['4' '299.0009584708564' 'present']
 ['13' '308.14614980589323' 'marauded']
 ['20' '314.7634228028955' 'destroyed']
 ['17' '330.94406037768533' 'present']
 ['7' '339.1275763076711' 'present']
 ['3' '341.05050660865527' 'marauded']
 ['5' '353.86975361734176' 'present']]","[['F89' '28.71381615334894' 'absent']
 ['F81' '53.75315953545606' 'mated']
 ['F148' '123.48445774067409' 'mated']
 ['F186' '144.28729292464803' 'mated']
 ['F74' '148.95120753301467' 'mated']
 ['F157' '152.95651592558062' 'mated']
 ['F108' '162.0968810075785' 'mated']
 ['F65' '163.2749662877909' 'mated']
 ['F73' '193.550988949591' 'mated']
 ['F90' '195.8011928812654' 'absent']
 ['F106' '204.12477246435427' 'mated']
 ['F54' '220.7482810067729' 'mated']
 ['F118' '225.93495480498348' 'mated']
 ['F15' '232.4096568095413' 'destroyed']
 ['F40' '242.44779700141865' 'absent']
 ['F135' '244.61430547901114' 'mated']
 ['F177' '260.6942425545126' 'mated']
 ['F187' '284.29892086476264' 'mated']
 ['F0' '287.8706621411424' 'destroyed']
 ['F164' '314.02155372391417' 'destroyed']
 ['F63' '315.76152738266376' 'mated']
 ['F150' '333.93158329317896' 'absent']]",559.0,68.1394182467221,14.140554134012246,1371.0,230.67286516242967,49.66343558822562,350.0,61.21770728336896,13.49932028802822,0.0,0.0,0.0,0.0,0.0,0.0
12,0.0,13,360.1749071927425,"[['0' '5.851935382144156' 'present']
 ['1' '6.244493535192388' 'present']
 ['13' '12.118498618119473' 'present']
 ['13' '14.446156270858184' 'present']
 ['1' '15.539001223816378' 'present']
 ['13' '16.797183396254848' 'present']
 ['4' '21.141780456792677' 'present']
 ['21' '21.311332010508306' 'marauded']
 ['18' '26.17889436013296' 'destroyed']
 ['18' '29.3006612090584' 'present']
 ['17' '32.233285125814504' 'present']
 ['7' '32.282713910272314' 'present']
 ['15' '32.74393008307169' 'present']
 ['16' '36.46194425675083' 'present']
 ['15' '36.934110466166544' 'present']
 ['13' '45.7910111252819' 'present']
 ['7' '58.33796293639779' 'present']
 ['8' '69.07854536465916' 'present']
 ['18' '70.17040572474168' 'present']
 ['16' '72.80946044699141' 'present']
 ['19' '81.05274719536473' 'present']
 ['19' '93.83641766821835' 'present']
 ['4' '97.27157757164628' 'marauded']
 ['6' '99.73998206309747' 'presentdestroyed']
 ['15' '101.44930286152618' 'presentdestroyed']
 ['14' '122.56567034685027' 'present']
 ['18' '129.44615778233327' 'present']
 ['20' '136.1217434047429' 'present']
 ['3' '142.33063934491187' 'present']
 ['20' '142.72604256403164' 'present']
 ['8' '149.13492641532918' 'present']
 ['18' '153.61652295909076' 'present']
 ['3' '162.25360681693377' 'marauded']
 ['6' '163.61092703440278' 'presentdestroyed']
 ['16' '165.8610712810016' 'presentdestroyed']
 ['19' '186.62390924405702' 'present']
 ['13' '198.19017102310522' 'marauded']
 ['20' '198.93182619130468' 'destroyed']
 ['19' '201.40552961307566' 'destroyed']
 ['19' '208.62288779480306' 'present']
 ['4' '216.67508380337622' 'marauded']
 ['4' '222.2132697989192' 'presentdestroyed']
 ['0' '227.16274223563397' 'present']
 ['20' '229.49140809872512' 'present']
 ['1' '236.39336299536959' 'present']
 ['20' '245.34302610817065' 'present']
 ['16' '253.9450318658219' 'marauded']
 ['13' '266.7436756079328' 'present']
 ['21' '268.4776009298295' 'present']
 ['3' '285.3348373430852' 'present']
 ['3' '288.56175238490727' 'present']
 ['4' '289.4098058713948' 'present']
 ['0' '304.57858978009943' 'present']
 ['7' '318.6517880551163' 'present']
 ['16' '334.73471160988146' 'present']
 ['1' '337.45220612617817' 'marauded']
 ['16' '340.9969324658128' 'presentdestroyed']
 ['17' '358.5324251841747' 'present']]","[['F119' '54.46163812643953' 'mated']
 ['F165' '84.42429969667567' 'mated']
 ['F104' '123.20279145197642' 'mated']
 ['F51' '148.14574324977292' 'mated']
 ['F47' '179.00383949560538' 'mated']
 ['F33' '183.86239213419583' 'mated']
 ['F56' '187.31653906375016' 'mated']
 ['F16' '235.15684061244033' 'mated']
 ['F67' '235.34112774466004' 'mated']
 ['F95' '245.60260386272475' 'absent']
 ['F43' '246.18098939383898' 'mated']
 ['F140' '246.75449416802917' 'mated']
 ['F194' '312.5595643743015' 'mated']
 ['F145' '324.8967020283236' 'mated']
 ['F150' '333.9084351450308' 'absent']]",577.0,71.00096435737126,15.014829412174999,1491.0,246.52328712248573,51.42213217560405,266.0,42.52904039284901,8.640905883635421,0.0,0.0,0.0,0.0,0.0,0.0
13,0.054,3,360.1145330669763,"[['20' '1.120277163057997' 'marauded']
 ['16' '1.9697331853881361' 'destroyed']
 ['14' '3.250217525778351' 'destroyed']
 ['6' '17.261387752691938' 'present']
 ['4' '31.225510580258256' 'present']
 ['15' '48.86134234442271' 'marauded']
 ['17' '49.33812942207672' 'presentdestroyed']
 ['17' '57.49255790047046' 'present']
 ['14' '59.7103127117378' 'present']
 ['16' '61.00454789604494' 'present']
 ['6' '62.232570845857296' 'present']
 ['7' '67.23000357796646' 'present']
 ['20' '70.15405368983036' 'present']
 ['5' '73.20680617686689' 'marauded']
 ['6' '83.55352069468869' 'present']
 ['17' '89.58094441757568' 'present']
 ['20' '100.36494866415461' 'present']
 ['16' '105.3707274140639' 'marauded']
 ['3' '115.52110804493894' 'present']
 ['20' '131.64925691237013' 'present']
 ['16' '134.18129010706153' 'present']
 ['1' '135.14393694135498' 'marauded']
 ['0' '140.70896081270183' 'destroyed']
 ['8' '156.317455863977' 'present']
 ['21' '161.4631005252685' 'present']
 ['20' '165.0063478272933' 'present']
 ['3' '168.48635674655443' 'marauded']
 ['5' '176.09078962523037' 'marauded']
 ['8' '178.28427774146536' 'presentdestroyed']
 ['1' '186.1099589877677' 'present']
 ['1' '186.33830133660302' 'marauded']
 ['14' '188.4652725153696' 'presentdestroyed']
 ['20' '204.1612518544157' 'present']
 ['17' '206.24753691776968' 'present']
 ['15' '211.15338117345348' 'marauded']
 ['7' '211.6946344803468' 'presentdestroyed']
 ['17' '213.77409689971543' 'presentdestroyed']
 ['6' '214.06203469063385' 'presentdestroyed']
 ['16' '216.56797258930655' 'presentdestroyed']
 ['4' '243.12490000066583' 'present']
 ['3' '269.7805014708753' 'marauded']
 ['3' '271.7917937428516' 'presentdestroyed']
 ['5' '274.75267395021405' 'presentdestroyed']
 ['19' '276.37025244820666' 'destroyed']
 ['20' '277.0514357259769' 'destroyed']
 ['5' '277.95338307294367' 'present']
 ['8' '280.0463711022836' 'present']
 ['16' '280.5908593408277' 'marauded']
 ['15' '313.4725368828158' 'present']
 ['6' '316.2572727418482' 'present']
 ['6' '318.09508882292073' 'marauded']
 ['19' '322.08592563703326' 'presentdestroyed']
 ['21' '323.9905632994602' 'presentdestroyed']
 ['21' '336.12054875490435' 'marauded']
 ['16' '352.76021948448255' 'present']]","[['F27' '38.3041170315059' 'absent']
 ['F13' '76.00486658242335' 'absentdestroyed']
 ['F98' '104.01381023958805' 'mated']
 ['F162' '120.20397810811829' 'absent']
 ['F64' '134.22165160462362' 'mated']
 ['F82' '136.85818591888614' 'destroyed']
 ['F2' '142.43774722051006' 'destroyed']
 ['F35' '168.29810027320244' 'mated']
 ['F185' '206.77340271843713' 'absent']
 ['F182' '231.2492478897284' 'absent']]",556.0,73.38421616330709,17.077714688157762,1213.0,202.39937348344162,42.48478018301328,463.0,79.54393729275566,17.4402317815751,11.0,1.0999999999999999,0.11000000000000004,78.0,3.6111111111111103,0.16718106995884757
14,0.054,8,360.29783669414877,"[['3' '9.832975795536607' 'present']
 ['15' '15.51700340211415' 'present']
 ['21' '26.2175151947997' 'present']
 ['20' '34.40223695254525' 'present']
 ['15' '40.897071316414696' 'marauded']
 ['16' '53.447550957961994' 'present']
 ['21' '58.07989495038208' 'present']
 ['21' '63.10936501219473' 'present']
 ['5' '78.24754186602893' 'present']
 ['6' '79.21120918353027' 'present']
 ['1' '80.62325692333486' 'marauded']
 ['3' '81.07397350138906' 'presentdestroyed']
 ['16' '90.44612846085131' 'present']
 ['5' '95.72670399987501' 'present']
 ['0' '102.76941416219962' 'present']
 ['20' '121.21541565836247' 'present']
 ['19' '140.45377926391293' 'present']
 ['15' '144.8796002388137' 'marauded']
 ['1' '145.35633909331057' 'presentdestroyed']
 ['17' '149.74386264565672' 'presentdestroyed']
 ['15' '152.09116028796905' 'marauded']
 ['0' '155.89177088259117' 'destroyed']
 ['16' '163.3304430342692' 'marauded']
 ['20' '163.86096548918974' 'presentdestroyed']
 ['20' '165.6307221023756' 'destroyed']
 ['1' '171.20168620642542' 'marauded']
 ['20' '205.35063601322435' 'present']
 ['0' '208.10101649400474' 'present']
 ['18' '216.76940034361053' 'marauded']
 ['21' '220.21483588263416' 'presentdestroyed']
 ['15' '234.25871620740963' 'present']
 ['17' '235.07781660436677' 'present']
 ['7' '240.7840554156415' 'present']
 ['7' '251.0849863919169' 'marauded']
 ['20' '257.70842937440256' 'presentdestroyed']
 ['8' '260.3493867556064' 'present']
 ['6' '269.09821972870105' 'present']
 ['0' '269.1707986007876' 'present']
 ['6' '271.7167060651072' 'present']
 ['7' '277.1123625994233' 'present']
 ['6' '282.68786545734486' 'marauded']
 ['0' '282.9229873542451' 'presentdestroyed']
 ['4' '296.0796553973942' 'present']
 ['8' '298.5156244118954' 'present']
 ['1' '299.3167255917812' 'present']
 ['5' '309.12873880564' 'present']
 ['15' '327.4214395677242' 'present']
 ['1' '328.49650216073695' 'present']
 ['0' '331.1782217963137' 'present']
 ['17' '331.4166108891404' 'marauded']
 ['13' '350.84044192862103' 'present']
 ['6' '355.17641006670146' 'present']
 ['0' '356.7946660101621' 'present']]","[['F111' '17.171986771828752' 'mated']
 ['F53' '32.82648629636792' 'mated']
 ['F4' '90.54629235444699' 'mated']
 ['F8' '122.1719064072004' 'mated']
 ['F60' '169.10217307043828' 'absentdestroyed']
 ['F185' '206.81969901473343' 'mated']
 ['F143' '231.09015687168548' 'absent']
 ['F156' '233.5568293456405' 'mated']
 ['F77' '279.1935284415538' 'mated']
 ['F161' '311.2707803451433' 'mated']
 ['F38' '316.86067782833294' 'absent']]",579.0,67.48338410841357,13.493978272899456,1341.0,228.1688636099878,49.22652422873169,346.0,60.597886310684885,13.271642807030098,5.0,0.5,0.05000000000000001,73.0,3.379629629629629,0.15646433470507534
15,0.054,12,360.4288200551117,"[['18' '0.43297161970737486' 'present']
 ['19' '1.9764008122294758' 'present']
 ['7' '3.1110172716893385' 'present']
 ['14' '7.301018076503802' 'present']
 ['6' '14.095977008302853' 'present']
 ['8' '17.891381945512443' 'present']
 ['1' '20.311617811765554' 'marauded']
 ['14' '32.29371666636376' 'present']
 ['19' '35.717972696823466' 'present']
 ['16' '40.76950941681232' 'present']
 ['14' '53.332207875511756' 'present']
 ['7' '56.518445053020024' 'present']
 ['3' '61.19115741908102' 'present']
 ['20' '65.25691199338776' 'present']
 ['17' '79.15948012525482' 'marauded']
 ['13' '85.96234552808264' 'destroyed']
 ['8' '86.64784760453576' 'presentdestroyed']
 ['5' '104.22500622587911' 'present']
 ['4' '118.17725092751394' 'marauded']
 ['4' '119.95623780497353' 'presentdestroyed']
 ['5' '126.798399851907' 'marauded']
 ['18' '129.96878245158376' 'presentdestroyed']
 ['21' '133.590826070347' 'presentdestroyed']
 ['1' '147.33893329278388' 'present']
 ['20' '150.18665403486432' 'present']
 ['18' '158.243579105931' 'present']
 ['21' '158.93924632391784' 'present']
 ['13' '159.63101295097758' 'present']
 ['1' '179.0645356065372' 'present']
 ['16' '182.5799478961459' 'marauded']
 ['4' '184.44393280580238' 'presentdestroyed']
 ['17' '185.31935129312828' 'presentdestroyed']
 ['21' '188.1382370396404' 'presentdestroyed']
 ['14' '189.534093345029' 'presentdestroyed']
 ['1' '198.55712493325268' 'present']
 ['7' '224.4657028478904' 'present']
 ['21' '244.5629611475418' 'present']
 ['13' '245.25967408925948' 'present']
 ['20' '248.18503430670825' 'present']
 ['1' '292.96142276632384' 'present']
 ['17' '296.9712151521679' 'marauded']
 ['16' '298.2798267504495' 'presentdestroyed']
 ['1' '308.7660244940437' 'present']
 ['1' '310.6733570926483' 'present']
 ['17' '328.42765370581736' 'present']
 ['16' '329.9007284491103' 'present']
 ['14' '330.6155516293409' 'present']
 ['7' '339.4292392096345' 'present']
 ['3' '341.8263730832599' 'present']
 ['3' '345.95771113126074' 'present']
 ['17' '347.3672424438177' 'marauded']
 ['19' '357.5189586522576' 'marauded']]","[['F44' '38.75151383545383' 'mated']
 ['F168' '107.33211187925943' 'mated']
 ['F12' '119.57975083926715' 'destroyed']
 ['F148' '123.46130959252594' 'destroyed']
 ['F25' '161.85577411527825' 'mated']
 ['F199' '180.51231113869648' 'mated']
 ['F175' '181.50320714798178' 'mated']
 ['F14' '182.23364954057274' 'mated']
 ['F6' '208.13723832220393' 'mated']
 ['F189' '221.2129497514468' 'mated']
 ['F124' '232.0271133105514' 'mated']
 ['F173' '254.80920353676794' 'mated']
 ['F208' '259.32269983344867' 'mated']
 ['F134' '270.57811964646413' 'mated']
 ['F130' '350.00373814284444' 'destroyed']]",557.0,68.6822453678126,14.547239638695709,1423.0,239.54762293813263,51.397882896075885,259.0,44.90760821080407,10.244397601262309,22.0,2.2000000000000006,0.22000000000000014,101.0,4.675925925925931,0.21647805212619983
16,0.054,11,360.2172493766646,"[['0' '0.57626163354973' 'present']
 ['20' '6.168802864947858' 'present']
 ['19' '6.656948491810791' 'present']
 ['21' '25.262718923831667' 'present']
 ['20' '36.69314730698008' 'present']
 ['4' '42.25647933641788' 'present']
 ['17' '47.78210114976459' 'present']
 ['17' '49.759585025224006' 'present']
 ['8' '50.63093149299626' 'present']
 ['21' '68.40722989386785' 'present']
 ['21' '87.49383340917964' 'present']
 ['0' '87.95729517949019' 'present']
 ['17' '102.28114114985323' 'present']
 ['20' '105.43905102456631' 'marauded']
 ['15' '106.52711666016982' 'presentdestroyed']
 ['5' '116.09160530536258' 'present']
 ['21' '130.70669762211' 'present']
 ['20' '131.0447847085237' 'present']
 ['5' '134.1504679814246' 'present']
 ['17' '153.38479219374094' 'present']
 ['18' '159.81052814340399' 'present']
 ['14' '159.8167666214133' 'present']
 ['21' '164.86915786564728' 'present']
 ['17' '167.49843600193884' 'present']
 ['20' '171.0635293033903' 'present']
 ['15' '179.0960782983356' 'present']
 ['1' '189.39497650502364' 'marauded']
 ['3' '190.7975557059174' 'presentdestroyed']
 ['0' '220.24192297427368' 'present']
 ['18' '226.4031707856508' 'present']
 ['14' '232.71750537404813' 'present']
 ['4' '243.46439585685266' 'present']
 ['19' '246.44565178953548' 'present']
 ['6' '269.85066701824564' 'present']
 ['6' '279.20102223829053' 'present']
 ['15' '289.36539058654654' 'present']
 ['14' '290.3325858732553' 'present']
 ['1' '323.2096959318679' 'present']
 ['8' '336.37665392864915' 'present']
 ['15' '344.1357753494795' 'present']
 ['4' '355.5476295947438' 'present']
 ['13' '355.69161747737' 'marauded']
 ['14' '357.9338928563981' 'presentdestroyed']]","[['F68' '69.58722257481271' 'mated']
 ['F13' '76.0280147305715' 'absent']
 ['F55' '154.7883142619264' 'absent']
 ['F55' '154.8346105582227' 'absent']
 ['F171' '159.08972182759746' 'mated']
 ['F138' '179.35777775733524' 'mated']
 ['F71' '188.13852981247445' 'absent']
 ['F73' '193.52784080144284' 'absentdestroyed']
 ['F191' '208.5266320144626' 'mated']
 ['F153' '223.3952616230708' 'mated']
 ['F95' '245.6257520108729' 'mated']
 ['F18' '271.77819962761083' 'mated']
 ['F184' '277.88146949943035' 'mated']
 ['F86' '307.0491262256081' 'absent']
 ['F200' '307.4662285643176' 'mated']
 ['F109' '333.9063039302242' 'mated']
 ['F150' '334.0010277376234' 'mated']]",564.0,69.65278644961262,14.687556954903794,1532.0,267.2265247936322,58.337500297461915,91.0,15.897109650970433,3.4643987277705324,26.0,2.600000000000001,0.2600000000000002,101.0,4.675925925925931,0.21647805212619983
17,0.054,6,359.9238210088857,"[['7' '4.663740140427345' 'marauded']
 ['16' '9.285538379176666' 'presentdestroyed']
 ['8' '16.792085857868372' 'marauded']
 ['1' '24.136942466411284' 'presentdestroyed']
 ['1' '34.97449716057115' 'present']
 ['21' '46.194808911949416' 'present']
 ['13' '47.7348096155336' 'present']
 ['20' '54.770646988547604' 'present']
 ['6' '54.78713531532837' 'present']
 ['7' '56.47214875672373' 'present']
 ['20' '58.39011634388788' 'present']
 ['19' '67.86438191295383' 'marauded']
 ['14' '69.8501439318939' 'destroyed']
 ['16' '76.0546077899754' 'present']
 ['21' '78.76706447161733' 'present']
 ['20' '79.04579027846451' 'present']
 ['13' '85.66264739699486' 'present']
 ['5' '87.83869259047506' 'present']
 ['14' '98.70773317778554' 'present']
 ['18' '99.48163948908704' 'present']
 ['20' '101.64673328062723' 'present']
 ['18' '112.29804820845433' 'marauded']
 ['8' '125.13195971003259' 'present']
 ['19' '146.0742464601645' 'present']
 ['4' '153.84810176727393' 'present']
 ['13' '155.24249032257435' 'present']
 ['3' '156.59727001971464' 'marauded']
 ['18' '157.1013390047455' 'presentdestroyed']
 ['7' '162.4096757752824' 'presentdestroyed']
 ['4' '170.08123918090723' 'present']
 ['1' '172.4543764025117' 'marauded']
 ['6' '194.55611707094' 'present']
 ['8' '198.6965187923478' 'present']
 ['20' '214.92150071679396' 'marauded']
 ['4' '223.9602995909874' 'marauded']
 ['0' '231.74214022089532' 'presentdestroyed']
 ['5' '232.53106247864463' 'present']
 ['16' '235.29406761092872' 'present']
 ['5' '242.4515658258531' 'present']
 ['20' '243.29102098204473' 'present']
 ['14' '250.91681941076345' 'present']
 ['13' '257.6173015841683' 'present']
 ['1' '257.8326317603062' 'marauded']
 ['7' '259.65410343426237' 'presentdestroyed']
 ['15' '262.6522191308124' 'presentdestroyed']
 ['5' '264.39381388860244' 'presentdestroyed']
 ['4' '267.8076257453113' 'marauded']
 ['18' '274.31240039868' 'presentdestroyed']
 ['1' '279.0188400615376' 'present']
 ['1' '282.02581319182036' 'marauded']
 ['19' '313.48031047179387' 'present']
 ['13' '344.64931984670864' 'present']]","[['F92' '29.98788460561658' 'mated']
 ['F36' '33.22220604308651' 'mated']
 ['F13' '75.9817184342752' 'absent']
 ['F101' '96.13835550325749' 'mated']
 ['F2' '142.4608953686582' 'mated']
 ['F186' '144.24099662835172' 'absent']
 ['F107' '200.37762547422798' 'mated']
 ['F174' '201.5931325412901' 'absent']
 ['F174' '201.66257698573455' 'absent']
 ['F120' '203.0120352467443' 'absent']
 ['F39' '223.95842521982604' 'mated']
 ['F50' '223.9783319059211' 'absentdestroyed']
 ['F75' '287.38586539828225' 'destroyed']]",568.0,75.68734576946991,16.903713852326167,1256.0,211.9418074895195,44.81262588383429,381.0,67.20512512825675,14.706011792825432,19.0,1.9000000000000006,0.1900000000000001,75.0,3.4722222222222214,0.16075102880658423
18,0.054,6,359.9819390993059,"[['17' '13.592626484979105' 'present']
 ['6' '15.548198355943194' 'present']
 ['4' '25.485716722610327' 'present']
 ['15' '35.541672804940184' 'marauded']
 ['8' '38.9329957952618' 'presentdestroyed']
 ['13' '47.148257156864936' 'marauded']
 ['21' '55.78859752810716' 'present']
 ['7' '59.770574684430954' 'present']
 ['0' '65.59377712237337' 'present']
 ['1' '66.9925725618676' 'present']
 ['15' '73.06524149114465' 'present']
 ['6' '73.1587777899343' 'marauded']
 ['5' '87.24464490566089' 'present']
 ['21' '89.33790023378755' 'marauded']
 ['16' '98.46527036244447' 'present']
 ['0' '109.55164626444943' 'present']
 ['21' '132.64887207288928' 'marauded']
 ['17' '142.13542555968775' 'marauded']
 ['8' '148.4792186101664' 'presentdestroyed']
 ['8' '155.27959919992873' 'present']
 ['14' '163.34351741025202' 'present']
 ['1' '172.87397259511735' 'present']
 ['8' '173.3027036373632' 'present']
 ['20' '174.97375403785935' 'marauded']
 ['16' '178.198574422103' 'destroyed']
 ['16' '179.73587156689945' 'presentdestroyed']
 ['1' '187.36918084544558' 'present']
 ['3' '188.9417277844355' 'present']
 ['4' '192.32954694716565' 'present']
 ['17' '199.7508108896392' 'marauded']
 ['20' '205.76860758068935' 'presentdestroyed']
 ['7' '207.4739433632824' 'present']
 ['1' '223.7989504846864' 'present']
 ['21' '224.70956347190395' 'present']
 ['14' '225.75270307868112' 'present']
 ['16' '233.39405543031398' 'marauded']
 ['15' '237.64516453172487' 'presentdestroyed']
 ['16' '244.92791593035167' 'present']
 ['13' '245.21337779296317' 'present']
 ['5' '260.71835946414745' 'present']
 ['4' '265.5330238998271' 'marauded']
 ['3' '265.56657229974815' 'destroyed']
 ['4' '265.86922672358963' 'presentdestroyed']
 ['0' '281.7967567863234' 'present']
 ['16' '286.83572584167894' 'marauded']
 ['1' '300.2970330101898' 'present']
 ['21' '304.7698675839655' 'present']
 ['13' '307.18805910889404' 'present']
 ['13' '309.9689283846986' 'marauded']
 ['0' '316.2798113925092' 'presentdestroyed']
 ['3' '316.92323486154186' 'present']
 ['19' '317.3370196314276' 'present']
 ['20' '318.9349310294161' 'present']
 ['6' '335.2069926020463' 'present']
 ['15' '347.3608846742951' 'present']
 ['5' '351.10662847824256' 'present']]","[['F202' '17.838346642558147' 'mated']
 ['F180' '45.908895858473265' 'mated']
 ['F121' '135.5032394712031' 'destroyed']
 ['F186' '144.21784848020357' 'destroyed']
 ['F74' '148.90491123671836' 'destroyed']
 ['F55' '154.81146241007454' 'absent']
 ['F147' '170.87707342638828' 'absent']
 ['F120' '202.98888709859614' 'destroyed']
 ['F215' '207.46082421756435' 'mated']
 ['F115' '224.03963778625553' 'absent']
 ['F206' '247.88921153242396' 'mated']
 ['F49' '280.1659961774944' 'mated']
 ['F214' '326.2198073041948' 'mated']
 ['F150' '333.9547314413271' 'absent']]",570.0,69.9717813134641,14.670103416919927,1264.0,213.44049108583727,45.28935761403469,436.0,73.1902919714185,15.545501199437869,9.0,0.8999999999999999,0.09000000000000002,58.0,2.6851851851851847,0.12431412894375864
19,0.054,8,360.24195553523623,"[['20' '8.594851279647724' 'marauded']
 ['13' '15.483605395838953' 'present']
 ['8' '27.168933535525152' 'present']
 ['18' '32.3270229965219' 'present']
 ['0' '56.730692034363365' 'present']
 ['14' '60.69067980558187' 'marauded']
 ['3' '67.07321547072914' 'presentdestroyed']
 ['7' '70.71108319724902' 'marauded']
 ['15' '77.60022596703094' 'presentdestroyed']
 ['1' '82.36404850282331' 'present']
 ['4' '88.14336671802204' 'present']
 ['17' '94.69614983501712' 'present']
 ['4' '95.3944410321805' 'present']
 ['14' '97.40124501224786' 'present']
 ['4' '100.82472621192818' 'present']
 ['18' '101.04610731723508' 'marauded']
 ['6' '101.52373367266718' 'presentdestroyed']
 ['15' '102.4403756073152' 'presentdestroyed']
 ['20' '120.41953054505001' 'present']
 ['3' '120.92881490843745' 'present']
 ['18' '126.41924214886501' 'present']
 ['6' '128.01229668502816' 'present']
 ['20' '129.3190828078152' 'marauded']
 ['5' '136.94894245239004' 'presentdestroyed']
 ['15' '146.40903665306757' 'marauded']
 ['3' '156.74356631601094' 'present']
 ['15' '160.82636095643102' 'present']
 ['20' '163.90726178548604' 'present']
 ['14' '183.5210151030797' 'present']
 ['6' '187.61834252325704' 'present']
 ['20' '189.0641132463823' 'marauded']
 ['8' '189.1114987471633' 'destroyed']
 ['15' '193.66212443858518' 'destroyed']
 ['7' '205.37377260336072' 'present']
 ['18' '207.2317193129994' 'present']
 ['16' '210.65825325160066' 'marauded']
 ['3' '220.32566252546414' 'marauded']
 ['15' '225.77053781741074' 'presentdestroyed']
 ['3' '231.2202693452019' 'present']
 ['0' '239.56408020715125' 'present']
 ['16' '251.16519232860725' 'marauded']
 ['0' '255.18860721228992' 'destroyed']
 ['7' '259.8808569785851' 'present']
 ['3' '265.0508862458323' 'present']
 ['1' '268.6280895211045' 'present']
 ['15' '271.87791514041805' 'present']
 ['0' '275.9002990326366' 'present']
 ['3' '275.9386605243745' 'present']
 ['21' '280.6847347024987' 'marauded']
 ['15' '292.2787605780061' 'marauded']
 ['16' '304.5137924164874' 'marauded']
 ['14' '318.06342718612666' 'present']
 ['17' '322.1758960592245' 'present']
 ['0' '327.344881059642' 'present']
 ['14' '327.8019370142969' 'present']]","[['F89' '28.73696430149709' 'mated']
 ['F92' '29.96473645746843' 'absent']
 ['F151' '33.967024374349094' 'mated']
 ['F78' '78.8837710097833' '']
 ['F167' '93.01796360068977' 'mated']
 ['F163' '101.38892693695715' 'destroyed']
 ['F207' '102.30537252183328' 'destroyed']
 ['F121' '135.52638761935125' 'destroyed']
 ['F45' '154.69210556808483' 'mated']
 ['F55' '166.880906854519' 'mated']
 ['F60' '169.12532121858644' 'mated']
 ['F147' '170.90022157453643' 'mated']
 ['F210' '193.84115204820782' 'destroyed']
 ['F133' '204.78186944687533' 'mated']
 ['F23' '215.5646631169872' 'destroyed']
 ['F50' '223.95518375777294' 'destroyed']
 ['F0' '287.89381028929057' 'absentdestroyed']]",569.0,70.4252386789394,14.880446473753873,1233.0,206.9819232302095,44.42291000817406,462.0,79.43234456238272,17.233694059112867,6.0,0.6,0.06000000000000001,56.0,2.592592592592592,0.12002743484224972
20,0.054,11,359.98082123780625,"[['7' '6.770874262686967' 'present']
 ['15' '7.742936492172958' 'present']
 ['7' '13.14294783422785' 'present']
 ['7' '13.544887351891857' 'marauded']
 ['4' '21.916384619900473' 'marauded']
 ['15' '45.3053464238782' 'present']
 ['15' '52.165405120867014' 'present']
 ['14' '55.7760372214006' 'present']
 ['14' '57.49351012034949' 'present']
 ['3' '60.57001571266987' 'present']
 ['6' '63.91872642205937' 'present']
 ['3' '79.66289144856987' 'present']
 ['19' '85.16609942968893' 'present']
 ['6' '85.54189243909906' 'present']
 ['16' '91.16401251074457' 'present']
 ['3' '99.11358554496557' 'present']
 ['4' '105.26364488240705' 'present']
 ['8' '107.5674971237018' 'present']
 ['15' '112.28522570763496' 'marauded']
 ['6' '116.25181254831918' 'presentdestroyed']
 ['21' '116.99555030223657' 'presentdestroyed']
 ['13' '117.77372097215206' 'presentdestroyed']
 ['19' '122.98682771911801' 'present']
 ['13' '124.53160669015082' 'present']
 ['15' '126.72743474930363' 'present']
 ['16' '145.167153218172' 'present']
 ['7' '151.89382479255713' 'present']
 ['5' '154.95748990311196' 'marauded']
 ['3' '155.96575687498395' 'presentdestroyed']
 ['16' '157.70262110209862' 'presentdestroyed']
 ['4' '159.8361831122271' 'destroyed']
 ['13' '160.90263103443263' 'destroyed']
 ['13' '163.25466175136503' 'present']
 ['16' '165.26166778982838' 'present']
 ['15' '167.59680357822646' 'present']
 ['19' '180.8933525798941' 'present']
 ['1' '188.4715634928314' 'present']
 ['8' '198.47857687393852' 'present']
 ['21' '213.083504152745' 'present']
 ['0' '215.03948618994872' 'marauded']
 ['14' '229.57974075817606' 'present']
 ['19' '240.63693189187603' 'present']
 ['19' '264.19674363154735' 'present']
 ['4' '271.6354016957013' 'present']
 ['17' '277.3537302874817' 'present']
 ['0' '283.5984374291639' 'marauded']
 ['4' '293.78310354039405' 'present']
 ['8' '299.38186292740636' 'marauded']
 ['16' '299.847685572701' 'presentdestroyed']
 ['19' '313.5603244741595' 'present']
 ['14' '316.0023864002043' 'present']
 ['0' '320.73745803173256' 'present']
 ['21' '334.04663572782613' 'marauded']
 ['6' '338.5124995229439' 'presentdestroyed']
 ['7' '352.933176599262' 'marauded']]","[['F146' '7.411122401944335' 'mated']
 ['F110' '115.97897101771542' 'destroyed']
 ['F32' '134.15547908068453' 'mated']
 ['F55' '154.76516611377824' 'absent']
 ['F97' '169.37235090725696' 'mated']
 ['F169' '187.10679170852956' 'mated']
 ['F90' '195.82434102941355' 'mated']
 ['F170' '197.1078298754055' 'mated']
 ['F69' '200.1739790389821' 'mated']
 ['F6' '208.11409017405578' 'absent']
 ['F96' '212.1928934642254' 'mated']
 ['F115' '224.06278593440368' 'mated']
 ['F127' '227.07276613654892' 'mated']
 ['F182' '231.27239603787655' 'mated']]",579.0,71.92303556418508,14.747098524008214,1341.0,228.1724127052879,48.950457019150214,320.0,54.333603946089994,11.94057500879043,18.0,1.8000000000000005,0.1800000000000001,88.0,4.0740740740740735,0.18861454046639203
21,0.054,5,360.0370915269443,"[['0' '13.740639427156367' 'present']
 ['19' '22.09781132383699' 'present']
 ['8' '43.203450576520446' 'present']
 ['17' '46.53502518076578' 'marauded']
 ['3' '61.99688545239336' 'present']
 ['18' '66.8190491613277' 'present']
 ['4' '86.20156204286' 'present']
 ['15' '88.44759445072896' 'present']
 ['15' '94.50825872860071' 'present']
 ['3' '99.15988184126188' 'present']
 ['13' '99.68595192676987' 'present']
 ['14' '100.84749551590578' 'present']
 ['5' '107.95511990896927' 'present']
 ['3' '109.1333309095299' 'present']
 ['0' '123.25134660860134' 'present']
 ['0' '136.17530144445985' 'present']
 ['20' '138.8356492820487' 'present']
 ['3' '146.7524845225409' 'marauded']
 ['0' '148.49826199679245' 'presentdestroyed']
 ['16' '148.56360532397724' 'presentdestroyed']
 ['5' '153.22536354319166' 'presentdestroyed']
 ['15' '154.54039579065707' 'present']
 ['4' '168.99236135650443' 'present']
 ['1' '171.72417145686734' 'marauded']
 ['8' '172.7540863600883' 'presentdestroyed']
 ['3' '181.09346587542205' 'present']
 ['4' '181.27556862498906' 'present']
 ['20' '194.01872047842633' 'present']
 ['18' '194.7363951060648' 'marauded']
 ['17' '202.54018529842048' 'present']
 ['17' '205.89404120401443' 'present']
 ['17' '214.67545849203916' 'present']
 ['0' '220.43460915966745' 'present']
 ['13' '220.85046614439477' 'present']
 ['16' '231.43340655941722' 'marauded']
 ['8' '233.13150264647444' 'presentdestroyed']
 ['0' '240.37209147542907' 'present']
 ['19' '241.14947643392512' 'present']
 ['3' '243.64377846678718' 'present']
 ['16' '247.47833523204645' 'marauded']
 ['7' '247.81966314592933' 'presentdestroyed']
 ['8' '248.07600044635126' 'presentdestroyed']
 ['15' '248.97721187237505' 'presentdestroyed']
 ['16' '249.4225779001697' 'destroyed']
 ['15' '254.473341454625' 'presentdestroyed']
 ['13' '256.6724068316203' 'present']
 ['4' '258.83722044830756' 'present']
 ['20' '260.2703793325827' 'marauded']
 ['13' '262.50464514796977' 'presentdestroyed']
 ['6' '262.65283088906506' 'presentdestroyed']
 ['6' '263.8698584291496' 'presentdestroyed']
 ['7' '264.3585946193806' 'presentdestroyed']
 ['8' '268.743232026642' 'marauded']
 ['20' '270.29826591669166' 'presentdestroyed']
 ['3' '272.73033248001656' 'presentdestroyed']
 ['16' '273.7360568461903' 'presentdestroyed']
 ['20' '280.88691182855234' 'marauded']
 ['4' '282.8339130015411' 'presentdestroyed']
 ['6' '290.8288999758288' 'marauded']
 ['6' '292.57235456024955' 'presentdestroyed']
 ['7' '292.8480093421545' 'presentdestroyed']
 ['6' '292.91260868265937' 'presentdestroyed']
 ['13' '299.39210032472124' 'present']
 ['0' '304.62488607639574' 'present']
 ['16' '306.5552438119597' 'present']
 ['18' '324.8447181841283' 'marauded']
 ['4' '326.0648650318272' 'presentdestroyed']
 ['13' '330.1393238175747' 'presentdestroyed']
 ['5' '352.2772264627231' 'present']
 ['8' '359.71817802481905' 'present']]","[['F78' '78.90691915793145' 'mated']
 ['F101' '96.11520735510933' 'absent']
 ['F85' '148.02112660882983' 'absentdestroyed']
 ['F74' '148.92805938486651' 'destroyed']
 ['F210' '193.86430019635597' 'mated']
 ['F144' '228.488894944101' 'mated']
 ['F40' '242.4709451495668' 'mated']
 ['F10' '261.24060662700947' 'destroyed']
 ['F188' '265.64753451898684' 'destroyed']
 ['F112' '303.9202026080464' 'mated']
 ['F161' '311.224484048847' 'absent']]",572.0,70.31967538675089,14.353321327621453,1289.0,217.5026661374907,46.90898036961116,385.0,67.60357149259697,14.910448697289644,12.0,1.2,0.12000000000000005,75.0,3.4722222222222214,0.16075102880658423
22,0.0,5,360.3589728487264,"[['0' '0.30479542744812466' 'present']
 ['7' '12.827576726173758' 'present']
 ['1' '13.368031557516264' 'present']
 ['5' '15.221088310476269' 'present']
 ['13' '22.61110163806914' 'marauded']
 ['0' '38.33670303889264' 'present']
 ['15' '40.66571975027357' 'present']
 ['17' '51.11751584382329' 'present']
 ['7' '52.931439283845094' 'present']
 ['5' '53.71113973937172' 'present']
 ['21' '60.37450706016401' 'present']
 ['21' '67.10493268014156' 'present']
 ['3' '69.9192099248772' 'present']
 ['7' '72.4659992339666' 'marauded']
 ['14' '79.80090252828393' 'destroyed']
 ['7' '81.20681169804698' 'present']
 ['19' '81.55847543893552' 'present']
 ['3' '87.43643441498679' 'present']
 ['17' '89.0301162647316' 'marauded']
 ['15' '110.16317689586899' 'present']
 ['0' '121.46004720192411' 'present']
 ['1' '126.71035979608499' 'marauded']
 ['16' '132.44417537030554' 'presentdestroyed']
 ['7' '140.83646390999124' 'present']
 ['21' '161.8222352403715' 'present']
 ['7' '162.87243607767584' 'present']
 ['21' '163.43119837915518' 'present']
 ['8' '163.55586142604386' 'present']
 ['3' '165.6502424963699' 'marauded']
 ['3' '168.41812389991304' 'destroyed']
 ['19' '175.52552192950904' 'present']
 ['6' '179.79699286925208' 'present']
 ['20' '188.41698194707905' 'present']
 ['21' '191.6389048169226' 'marauded']
 ['15' '197.6578921111378' 'presentdestroyed']
 ['8' '200.68929713851898' 'present']
 ['4' '204.03404664503418' 'present']
 ['19' '209.7782803004127' 'present']
 ['0' '215.6946355989209' 'marauded']
 ['17' '223.59160025865896' 'present']
 ['8' '230.22529001288504' 'marauded']
 ['3' '252.74534055996293' 'marauded']
 ['5' '272.05151362505035' 'present']
 ['0' '282.5019431707701' 'marauded']
 ['7' '294.6681009480206' 'present']
 ['6' '305.09936506105174' 'marauded']
 ['8' '309.11194402305625' 'destroyed']
 ['6' '317.7016012195101' 'present']
 ['0' '320.44838963885786' 'present']
 ['13' '329.995105883222' 'present']
 ['20' '331.1539203128717' 'present']
 ['1' '332.2055424484742' 'present']
 ['21' '335.0795468787425' 'present']
 ['7' '336.4394050940245' 'present']
 ['19' '356.9179179462989' 'present']]","[['F152' '28.427154856188135' 'destroyed']
 ['F37' '120.00702268733485' 'mated']
 ['F82' '136.83503777073798' 'absent']
 ['F70' '168.31245084077904' 'destroyed']
 ['F10' '261.2637547751576' 'mated']
 ['F211' '267.9349608060463' 'mated']
 ['F205' '275.3866787350904' 'mated']
 ['F28' '315.4218072875202' 'mated']]",569.0,71.56334555560905,14.931645062535294,1335.0,221.6724692215231,47.16805682892026,383.0,66.83091168497802,14.712675065228838,0.0,0.0,0.0,0.0,0.0,0.0
23,0.0,15,360.08346669993574,"[['21' '7.00117634732724' 'present']
 ['15' '14.13206993124053' 'present']
 ['8' '25.388018469347163' 'present']
 ['8' '41.6454981655905' 'present']
 ['20' '48.58684413796453' 'present']
 ['5' '52.716717973493786' 'present']
 ['15' '73.59286665002153' 'present']
 ['20' '76.28344130778572' 'present']
 ['19' '85.29993649820754' 'present']
 ['14' '89.19757543979219' 'present']
 ['16' '98.51156665874078' 'present']
 ['14' '109.06535256459232' 'marauded']
 ['20' '111.8542629113237' 'presentdestroyed']
 ['15' '113.76767248085422' 'destroyed']
 ['6' '127.7624312523792' 'present']
 ['4' '135.57470117452374' 'present']
 ['15' '141.37066529582103' 'marauded']
 ['6' '153.84206969722752' 'present']
 ['8' '158.6854877897448' 'marauded']
 ['16' '161.32831534080682' 'presentdestroyed']
 ['21' '164.9154541619436' 'presentdestroyed']
 ['3' '165.6039462000736' 'destroyed']
 ['20' '168.27777216163915' 'marauded']
 ['3' '169.59815376208067' 'destroyed']
 ['7' '169.76033939358456' 'presentdestroyed']
 ['21' '180.19713153668613' 'present']
 ['15' '180.81109056477095' 'present']
 ['6' '180.93943530880486' 'present']
 ['17' '182.96643103101545' 'present']
 ['14' '183.567311399376' 'present']
 ['20' '185.32122660776952' 'present']
 ['5' '188.19410523121647' 'present']
 ['1' '191.67246841220708' 'present']
 ['8' '201.1185856887694' 'present']
 ['5' '211.79485835408667' 'present']
 ['7' '213.902370727035' 'present']
 ['0' '227.5904505641599' 'present']
 ['16' '231.7864402489469' 'present']
 ['3' '233.3294196878661' 'present']
 ['7' '240.8303517119378' 'present']
 ['4' '241.17578366777425' 'marauded']
 ['16' '252.32226329392964' 'present']
 ['13' '259.70861248013694' 'present']
 ['3' '264.8530905268541' 'present']
 ['6' '271.89635724383976' 'present']
 ['20' '278.2089910221151' 'present']
 ['4' '287.1254855637253' 'present']
 ['5' '290.70286469846843' 'present']
 ['3' '291.5558723788462' 'present']
 ['6' '293.18205392865787' 'present']
 ['1' '297.68724996189076' 'present']
 ['14' '300.02631723791967' 'present']
 ['7' '328.1881400440481' 'present']
 ['21' '338.1768459315418' 'marauded']
 ['3' '341.9249370164964' 'presentdestroyed']
 ['21' '359.3380490921675' 'present']]","[['F30' '82.11965584049491' 'mated']
 ['F12' '119.6028989874153' 'mated']
 ['F197' '134.3347937036129' 'mated']
 ['F186' '144.26414477649988' 'destroyed']
 ['F51' '148.12259510162477' 'destroyed']
 ['F178' '151.362375210171' 'mated']
 ['F155' '152.37779870656286' 'mated']
 ['F11' '155.07423959624202' 'mated']
 ['F87' '197.31540497268497' 'mated']
 ['F174' '201.6857251338827' 'absent']
 ['F142' '210.01617110214477' 'mated']
 ['F50' '224.00148005406925' 'mated']
 ['F182' '231.22609974158024' 'absent']
 ['F15' '232.43280495768946' 'mated']
 ['F188' '265.670682667135' 'mated']
 ['F0' '287.9169584374387' 'mated']
 ['F86' '307.0722743737563' 'mated']
 ['F19' '323.40374963194336' 'mated']
 ['F26' '337.56109775984703' 'mated']]",556.0,74.1707814113213,15.79492891374776,1468.0,249.3560046402156,53.18044182459784,213.0,36.59137415369609,8.203584196562133,0.0,0.0,0.0,0.0,0.0,0.0
