id,probability_maraud,successful_mating,next_foraging_time,mar_attempts,mate_attempts,foraging_events,foraging_hrs,foraging_sqhrs,staying_events,staying_hrs,staying_sqhrs,repairing_events,repairing_hrs,repairing_sqhrs,marauding_events,marauding_hrs,marauding_sqhrs,traveling_events,traveling_hrs,traveling_sqhrs
0,0.054,10,359.984908138424,"[['3' '8.336733977247857' 'marauded']
 ['1' '39.40414748660764' 'present']
 ['5' '57.82036402978627' 'present']
 ['5' '60.92083659032411' 'marauded']
 ['5' '71.86490553109485' 'present']
 ['8' '71.87257803773926' 'present']
 ['8' '84.62768918803035' 'present']
 ['4' '88.62374161191944' 'present']
 ['6' '96.01913633058766' 'marauded']
 ['3' '101.91585512651204' 'presentdestroyed']
 ['1' '109.67754887700086' 'present']
 ['5' '111.29487070525474' 'present']
 ['8' '126.28525238502961' 'present']
 ['10' '127.64752391079783' 'present']
 ['10' '133.21799643709676' 'present']
 ['10' '135.78651232726136' 'present']
 ['5' '142.1626702616297' 'present']
 ['6' '150.9398243022025' 'present']
 ['1' '152.51305041772406' 'present']
 ['5' '159.8437303791994' 'present']
 ['5' '163.64873576535055' 'marauded']
 ['5' '166.23389325802' 'destroyed']
 ['8' '167.51440463862252' 'presentdestroyed']
 ['4' '178.79669987305388' 'present']
 ['6' '178.7993346336135' 'present']
 ['4' '181.17999241285452' 'present']
 ['1' '185.65059630886037' 'present']
 ['8' '188.04699079595287' 'present']
 ['5' '235.97883611838787' 'present']
 ['8' '236.81999137314045' 'marauded']
 ['1' '242.88354529729588' 'presentdestroyed']
 ['5' '250.23116114509574' 'present']
 ['6' '256.5086444983328' 'present']
 ['5' '258.76888664092684' 'present']
 ['5' '267.89628809176884' 'present']
 ['5' '284.97128477671066' 'present']
 ['1' '285.0846489919987' 'present']
 ['1' '289.4487150254969' 'present']
 ['1' '291.58162955428935' 'present']
 ['5' '292.29170139865556' 'marauded']
 ['10' '307.6763021898969' 'present']
 ['8' '311.5357507720781' 'present']
 ['10' '311.9127164462362' 'marauded']
 ['5' '328.1048667657506' 'present']
 ['6' '332.18033728280443' 'present']
 ['8' '337.64871156910715' 'marauded']
 ['8' '347.3630803669476' 'present']
 ['1' '347.64825563769665' 'marauded']]","[['F18' '116.61568228475791' 'mated']
 ['F38' '119.02846283623099' 'absent']
 ['F81' '119.44942666859585' 'mated']
 ['F100' '124.67954777244447' 'absent']
 ['F21' '145.48643410517099' 'mated']
 ['F16' '146.9756030295671' 'mated']
 ['F104' '171.23607492251105' 'mated']
 ['F49' '217.6414531175728' 'mated']
 ['F70' '222.88666968339146' 'mated']
 ['F67' '229.36277293941203' 'absent']
 ['F90' '236.49879756946356' 'mated']
 ['F1' '277.76953687059154' 'mated']
 ['F68' '288.78435924369114' 'mated']]",570.0,70.7359731145288,14.336813911993241,1370.0,230.7078254992316,48.91078834566941,317.0,54.81506181224635,11.815214148275373,6.0,0.6,0.06000000000000001,69.0,3.1944444444444438,0.14789094650205756
1,0.054,8,360.43152017265146,"[['4' '1.3963370949293767' 'present']
 ['10' '2.7213378110834685' 'marauded']
 ['10' '3.775650493677097' 'presentdestroyed']
 ['5' '13.332701555053982' 'present']
 ['8' '31.73181406651138' 'present']
 ['4' '35.79830413720365' 'present']
 ['3' '47.51872035926692' 'present']
 ['4' '58.36417563925376' 'present']
 ['0' '58.8264111251652' 'present']
 ['4' '59.54367599437457' 'marauded']
 ['0' '60.41874987808839' 'presentdestroyed']
 ['0' '70.77697832414151' 'present']
 ['4' '74.11615241480774' 'present']
 ['3' '76.18639690025383' 'marauded']
 ['10' '82.83871041331533' 'presentdestroyed']
 ['10' '87.79138946977336' 'present']
 ['4' '90.5716473361781' 'present']
 ['0' '93.37532291146422' 'present']
 ['5' '101.63044401645423' 'present']
 ['6' '109.4524230454747' 'present']
 ['8' '112.69773558169341' 'present']
 ['3' '128.71442948778784' 'marauded']
 ['4' '141.27738910594232' 'marauded']
 ['0' '149.2732291796479' 'present']
 ['10' '156.41184511919954' 'present']
 ['4' '158.09765249146807' 'present']
 ['6' '159.10457085026235' 'present']
 ['0' '163.07844816969433' 'present']
 ['4' '166.92719431573573' 'marauded']
 ['8' '171.20886252834634' 'presentdestroyed']
 ['8' '174.85227681083538' 'presentdestroyed']
 ['4' '177.77153570131847' 'present']
 ['8' '178.15243400843121' 'present']
 ['8' '179.36908576957237' 'present']
 ['0' '179.6842506860042' 'present']
 ['0' '189.31501342691465' 'present']
 ['6' '207.88278618292222' 'marauded']
 ['5' '215.26132743086382' 'present']
 ['6' '218.1635330935729' 'marauded']
 ['0' '220.06962477396564' 'presentdestroyed']
 ['0' '221.3234743257925' 'destroyed']
 ['3' '233.45214233409033' 'marauded']
 ['3' '234.83829959980596' 'presentdestroyed']
 ['8' '237.4170704448985' 'presentdestroyed']
 ['4' '237.72549223465845' 'presentdestroyed']
 ['8' '239.09124615068697' 'presentdestroyed']
 ['10' '239.13806455086362' 'destroyed']
 ['10' '248.82007159810823' 'marauded']
 ['5' '249.59581766090707' 'presentdestroyed']
 ['4' '258.35646138726577' 'marauded']
 ['10' '261.7351150957756' 'presentdestroyed']
 ['5' '266.1043534614745' 'marauded']
 ['10' '273.2155065740283' 'present']
 ['6' '277.7344807018967' 'present']
 ['0' '288.6784983191262' 'present']
 ['5' '292.7402196646113' 'marauded']
 ['10' '295.6964880852536' 'presentdestroyed']
 ['4' '305.60950475947095' 'present']
 ['8' '311.1549411628927' 'present']
 ['0' '332.5090942348575' 'marauded']
 ['10' '334.918529597996' 'presentdestroyed']
 ['0' '337.1154421881088' 'presentdestroyed']]","[['F75' '89.07524877006229' 'absent']
 ['F39' '107.83786377885032' 'mated']
 ['F69' '141.16278203419466' 'mated']
 ['F21' '145.46328595702283' 'absentdestroyed']
 ['F10' '150.46065688593814' 'mated']
 ['F35' '162.61834276864943' 'mated']
 ['F104' '171.2129267743629' 'destroyed']
 ['F50' '171.34722257720045' 'absentdestroyed']
 ['F49' '217.61830496942466' 'absent']
 ['F74' '228.4297696348069' 'mated']
 ['F66' '229.04499809524216' 'mated']
 ['F67' '229.33962479126387' 'absent']
 ['F90' '236.4756494213154' 'destroyed']
 ['F57' '288.5241482170417' 'mated']
 ['F26' '299.1909795092455' 'destroyed']
 ['F51' '326.8391480980571' 'mated']]",562.0,75.08324325726609,16.582315986276388,1152.0,195.92638873736738,42.58869672333745,487.0,85.13979735760834,18.605441481514177,10.0,0.9999999999999999,0.10000000000000003,68.0,3.1481481481481475,0.1457475994513031
2,0.0,24,360.1014560665891,"[['1' '1.1424073010523013' 'marauded']
 ['0' '8.056113830608219' 'present']
 ['6' '8.970228541097633' 'marauded']
 ['8' '10.902446012769715' 'presentdestroyed']
 ['4' '18.84883463878897' 'present']
 ['10' '24.411844033975964' 'present']
 ['10' '31.43812370401186' 'marauded']
 ['10' '32.09133276719128' 'presentdestroyed']
 ['4' '34.882637320070934' 'presentdestroyed']
 ['3' '39.81875687651872' 'marauded']
 ['10' '46.25332571058228' 'presentdestroyed']
 ['4' '47.72226989851282' 'present']
 ['5' '56.35094425206397' 'present']
 ['4' '57.146992094368905' 'present']
 ['8' '59.33079881021595' 'present']
 ['5' '63.573945094402' 'present']
 ['8' '71.91887433403556' 'present']
 ['10' '94.23969408172712' 'marauded']
 ['6' '96.71316024234024' 'presentdestroyed']
 ['6' '106.85118090005854' 'present']
 ['10' '122.25073281309155' 'present']
 ['8' '132.08129454744946' 'present']
 ['8' '137.9164811751407' 'present']
 ['1' '139.0069220619364' 'present']
 ['6' '150.28100342927183' 'present']
 ['6' '164.2406910613155' 'present']
 ['4' '166.36035825871048' 'present']
 ['0' '174.7636392561998' 'present']
 ['10' '180.75905393194634' 'marauded']
 ['1' '182.98491957278108' 'presentdestroyed']
 ['1' '188.04881324776954' 'destroyed']
 ['6' '191.28797249059213' 'present']
 ['6' '195.10539192076874' 'present']
 ['1' '206.95333283682925' 'present']
 ['0' '212.27648342403043' 'present']
 ['10' '216.42111867225444' 'present']
 ['6' '216.5540209423207' 'present']
 ['5' '224.97604943826275' 'present']
 ['6' '225.95764971322316' 'marauded']
 ['1' '230.83200775962746' 'presentdestroyed']
 ['8' '246.4607427515567' 'marauded']
 ['0' '251.26441253355335' 'destroyed']
 ['10' '281.51941765041107' 'present']
 ['4' '283.5502939403026' 'present']
 ['5' '300.0581869130186' 'present']
 ['8' '305.9318323619405' 'present']
 ['8' '306.42052201271736' 'marauded']
 ['10' '311.3363474936195' 'presentdestroyed']
 ['8' '312.5106217909326' 'destroyed']
 ['5' '313.40623088257064' 'present']
 ['1' '313.90518932725826' 'present']
 ['5' '314.15392582332544' 'present']
 ['6' '322.3342405925289' 'present']
 ['3' '325.26758321868203' 'present']
 ['10' '343.11871314061125' 'present']
 ['5' '343.23773819036325' 'present']
 ['3' '346.6717408600881' 'present']]","[['F80' '37.17663779044138' 'absentdestroyed']
 ['F13' '66.71950055254867' 'mated']
 ['F102' '69.30517072471832' 'mated']
 ['F44' '73.05707815765967' 'mated']
 ['F54' '84.91522223102534' 'mated']
 ['F31' '104.15988529159456' 'mated']
 ['F38' '119.05161098437914' 'mated']
 ['F79' '130.84850852521612' 'mated']
 ['F9' '131.47318345474176' 'mated']
 ['F5' '143.69019852392563' 'mated']
 ['F82' '152.44802939307112' 'absent']
 ['F96' '152.87046563185882' 'mated']
 ['F30' '156.35173888001734' 'mated']
 ['F37' '166.57904299434807' 'mated']
 ['F19' '167.31830153551738' 'mated']
 ['F94' '170.504510310873' 'mated']
 ['F3' '171.35781389523962' 'mated']
 ['F88' '212.85415688303485' 'mated']
 ['F95' '213.4406189560122' 'mated']
 ['F0' '222.68305204275197' 'mated']
 ['F24' '227.42647337410472' 'destroyed']
 ['F46' '238.273510960191' 'absent']
 ['F46' '238.3198072564873' 'absent']
 ['F92' '241.17924253134598' 'mated']
 ['F8' '250.57407905001062' 'destroyed']
 ['F91' '264.36988691033577' 'mated']
 ['F64' '267.8737235054863' 'mated']
 ['F105' '267.9648891749287' 'mated']
 ['F28' '283.07356885112813' 'absent']
 ['F26' '299.2372758055418' 'mated']
 ['F77' '299.76036904325315' 'mated']]",563.0,70.56706191343241,15.137881964531939,1408.0,234.8564387327699,49.483878917141254,317.0,54.722146529909274,12.139128279997749,0.0,0.0,0.0,0.0,0.0,0.0
3,0.054,5,360.41208528967763,"[['6' '3.3951820386955838' 'present']
 ['10' '5.469483481796492' 'present']
 ['0' '7.190937552499848' 'present']
 ['8' '9.355048242969643' 'present']
 ['1' '15.277250978825899' 'present']
 ['10' '43.06037718547292' 'present']
 ['10' '49.029867430259635' 'marauded']
 ['4' '61.25436674281819' 'present']
 ['4' '63.90824009218471' 'present']
 ['4' '67.31861549828216' 'marauded']
 ['6' '84.56339843786691' 'present']
 ['10' '85.7498825567373' 'marauded']
 ['4' '88.67003790821575' 'presentdestroyed']
 ['6' '94.63231774615714' 'present']
 ['10' '106.44403605663645' 'present']
 ['5' '112.66925465358324' 'present']
 ['8' '115.04035910376949' 'present']
 ['8' '118.55606672286709' 'marauded']
 ['10' '123.22033851813164' 'destroyed']
 ['5' '123.56277491264831' 'presentdestroyed']
 ['4' '130.0795094725289' 'marauded']
 ['4' '135.20781778276196' 'presentdestroyed']
 ['8' '150.88478885311832' 'present']
 ['6' '152.54505000409011' 'present']
 ['8' '152.9916891118266' 'marauded']
 ['10' '156.81238259706444' 'presentdestroyed']
 ['1' '161.41710870041962' 'present']
 ['5' '161.8939276768464' 'present']
 ['5' '177.84178167381765' 'marauded']
 ['6' '186.7141567160948' 'present']
 ['1' '186.72803517870324' 'present']
 ['1' '198.0382887675344' 'present']
 ['8' '201.80537037161943' 'present']
 ['1' '203.91982931086005' 'present']
 ['0' '204.62607924377446' 'present']
 ['0' '208.47309367927974' 'present']
 ['6' '219.15630953223703' 'marauded']
 ['10' '224.4567610126137' 'presentdestroyed']
 ['5' '226.3629423807127' 'presentdestroyed']
 ['6' '231.6498187227656' 'present']
 ['4' '239.5274033218732' 'marauded']
 ['0' '249.94922607319833' 'present']
 ['10' '258.6159031231339' 'present']
 ['4' '261.858471098179' 'marauded']
 ['0' '264.9031998164563' 'presentdestroyed']
 ['5' '269.2160721859148' 'presentdestroyed']
 ['10' '271.9383546300171' 'present']
 ['10' '281.8971029674686' 'marauded']
 ['1' '283.63846533128293' 'destroyed']
 ['4' '291.6747818864755' 'present']
 ['5' '292.92071493012895' 'present']
 ['6' '294.97988932986726' 'marauded']
 ['4' '314.93752977665173' 'present']
 ['10' '327.53875157759785' 'present']
 ['6' '335.6327756128458' 'marauded']
 ['0' '337.1617384844051' 'destroyed']
 ['5' '339.95976547258596' 'presentdestroyed']
 ['5' '358.5777883192345' 'present']]","[['F23' '59.12570160940003' 'mated']
 ['F45' '60.55525303583999' 'mated']
 ['F33' '74.35724149603098' 'destroyed']
 ['F38' '119.00531468808283' 'absentdestroyed']
 ['F79' '130.8022122289198' 'destroyed']
 ['F56' '131.71204144907568' 'destroyed']
 ['F5' '143.66705037577748' 'absent']
 ['F93' '144.45520620255832' 'mated']
 ['F82' '152.40173309677482' 'absent']
 ['F11' '154.71430902300713' 'destroyed']
 ['F61' '159.80685917907653' 'destroyed']
 ['F34' '161.34317772142518' 'mated']
 ['F6' '167.58559439573733' 'absent']
 ['F98' '173.9646007390719' 'mated']
 ['F70' '222.8635215352433' 'absentdestroyed']
 ['F64' '267.85057535733813' 'destroyed']
 ['F28' '283.05042070298' 'destroyed']
 ['F77' '299.737220895105' 'destroyed']]",577.0,70.79847966774992,14.44520187400796,1209.0,205.30817400264004,43.73566946792711,467.0,79.4696718063915,16.839925831870218,17.0,1.7000000000000004,0.1700000000000001,63.0,2.916666666666666,0.13503086419753088
4,0.054,4,360.20636654468836,"[['0' '8.149539643214553' 'present']
 ['0' '23.96525815860036' 'present']
 ['1' '32.69294936669294' 'present']
 ['10' '33.32271500462115' 'present']
 ['1' '36.79008195579124' 'present']
 ['3' '43.293485741784245' 'present']
 ['6' '43.98997508075991' 'present']
 ['0' '49.856848348875005' 'present']
 ['6' '58.71353667680627' 'present']
 ['6' '65.14454855493334' 'present']
 ['0' '71.74680789821483' 'present']
 ['6' '77.27399942315476' 'present']
 ['0' '89.95208293272681' 'present']
 ['1' '101.88913552951526' 'present']
 ['6' '105.49020201471674' 'present']
 ['0' '109.17242212408304' 'marauded']
 ['3' '112.74124894790596' 'presentdestroyed']
 ['6' '115.30338765682463' 'presentdestroyed']
 ['8' '123.2473519022994' 'present']
 ['8' '123.98617431636313' 'present']
 ['1' '127.71484578382484' 'present']
 ['10' '130.40516840163838' 'present']
 ['8' '134.0498541103759' 'present']
 ['6' '137.98465025660067' 'present']
 ['3' '166.56613470972553' 'present']
 ['8' '168.44589254217394' 'present']
 ['3' '169.1636269118376' 'present']
 ['10' '212.23578109138353' 'present']
 ['6' '217.21618775615715' 'marauded']
 ['10' '232.15648056742884' 'present']
 ['10' '252.6928348839368' 'present']
 ['5' '257.57195674960997' 'present']
 ['6' '258.62098262335707' 'present']
 ['3' '259.033317060491' 'present']
 ['3' '261.4441850907803' 'present']
 ['5' '262.45176739992155' 'present']
 ['6' '267.9255677903395' 'present']
 ['8' '269.88887804736476' 'marauded']
 ['1' '280.77479132117014' 'present']
 ['10' '283.5985315834808' 'present']
 ['10' '288.55437033107603' 'present']
 ['10' '297.6734752560972' 'marauded']
 ['0' '299.40164637977324' 'presentdestroyed']
 ['5' '307.613671281406' 'present']
 ['10' '310.4051599419233' 'present']
 ['10' '316.84105362100667' 'present']
 ['3' '325.7906730433187' 'marauded']
 ['5' '334.98430921166045' 'present']
 ['6' '336.51952639350316' 'present']]","[['F83' '44.036041942385104' 'absent']
 ['F4' '109.553787871151' 'destroyed']
 ['F36' '152.47067626575097' 'mated']
 ['F19' '167.29515338736923' 'absent']
 ['F98' '173.9183044427756' 'absent']
 ['F20' '179.1775813536737' 'mated']
 ['F78' '222.51888221276266' 'destroyed']
 ['F67' '229.38592108756018' 'mated']
 ['F101' '277.72389838133404' 'mated']
 ['F26' '299.21412765739365' 'destroyed']
 ['F77' '299.6909245988087' 'destroyed']]",572.0,68.8744973516268,13.819194115689289,1493.0,254.64297271810682,55.04135555668827,173.0,30.649298308373577,6.5991361566330475,20.0,2.0000000000000004,0.20000000000000012,83.0,3.8425925925925917,0.1778978052126198
5,0.054,7,360.0581813224124,"[['1' '1.8660927166636643' 'marauded']
 ['4' '3.328015022217956' 'presentdestroyed']
 ['0' '18.709772127814645' 'present']
 ['0' '27.325744904885177' 'present']
 ['3' '31.529175187878216' 'present']
 ['3' '39.178573019668356' 'marauded']
 ['10' '41.28258166009083' 'presentdestroyed']
 ['10' '50.349324818848906' 'present']
 ['1' '53.041200526921756' 'present']
 ['8' '73.76745468488747' 'present']
 ['1' '84.5185713263566' 'present']
 ['1' '86.69740727741622' 'present']
 ['0' '91.83614173045717' 'present']
 ['10' '95.29077144329206' 'present']
 ['6' '103.26175035060444' 'present']
 ['1' '109.9113764241861' 'present']
 ['10' '114.86636247226593' 'marauded']
 ['8' '115.69945957998014' 'presentdestroyed']
 ['3' '118.57816088013035' 'presentdestroyed']
 ['8' '123.93987802006683' 'present']
 ['8' '125.95297718089633' 'marauded']
 ['8' '178.7832817038002' 'marauded']
 ['8' '181.31220780090172' 'presentdestroyed']
 ['10' '191.4816103245666' 'present']
 ['4' '196.30610337178666' 'marauded']
 ['4' '198.0431690076864' 'presentdestroyed']
 ['8' '207.03962755201835' 'present']
 ['8' '209.16885385054195' 'present']
 ['4' '209.78161659960716' 'present']
 ['0' '228.14375881701798' 'marauded']
 ['0' '230.7977397952208' 'presentdestroyed']
 ['1' '242.83724900099958' 'present']
 ['8' '250.83234970796076' 'present']
 ['4' '253.79619490061776' 'present']
 ['6' '265.084864954158' 'present']
 ['8' '281.15741587580845' 'present']
 ['6' '299.72740542701024' 'present']
 ['8' '308.9602165680532' 'present']
 ['8' '317.5726650489656' 'marauded']
 ['1' '324.67279735548897' 'presentdestroyed']
 ['4' '337.393488401603' 'present']
 ['8' '348.7863966263599' 'present']]","[['F18' '116.59253413660976' 'destroyed']
 ['F100' '124.70269592059262' 'mated']
 ['F2' '143.42924260792628' 'mated']
 ['F82' '152.49432568936743' 'mated']
 ['F50' '171.3703707253486' 'mated']
 ['F7' '204.598242929301' 'mated']
 ['F78' '222.54203036091081' 'mated']
 ['F0' '222.65990389460381' 'absent']
 ['F46' '238.29665910833916' 'absent']
 ['F84' '278.6794710490835' 'mated']]",566.0,74.38095181840158,16.741070312571,1345.0,231.81539925511848,50.247899639445244,278.0,48.83302349260054,10.373986920772255,12.0,1.2,0.12000000000000005,86.0,3.9814814814814805,0.18432784636488314
6,0.054,9,360.5640672258363,"[['8' '6.788940258916847' 'present']
 ['8' '10.089527138330203' 'present']
 ['5' '16.506259255998003' 'present']
 ['3' '28.621338694358865' 'marauded']
 ['1' '29.959134445595186' 'presentdestroyed']
 ['4' '30.8937793171717' 'presentdestroyed']
 ['3' '35.66165320292854' 'presentdestroyed']
 ['1' '36.34933904677717' 'marauded']
 ['5' '37.34401819227896' 'destroyed']
 ['0' '44.165157214748014' 'present']
 ['4' '51.99263537743481' 'present']
 ['5' '52.79690977380534' 'present']
 ['8' '53.46041373853395' 'present']
 ['10' '56.43781563717219' 'present']
 ['1' '68.34601814241508' 'present']
 ['5' '74.56380515554152' 'present']
 ['0' '86.81621829723261' 'marauded']
 ['5' '88.00842073430205' 'presentdestroyed']
 ['1' '92.85544471011065' 'presentdestroyed']
 ['3' '98.5872187603945' 'present']
 ['1' '104.2565032265302' 'present']
 ['5' '113.6889336595405' 'present']
 ['5' '124.73158202404998' 'present']
 ['10' '127.69382020709413' 'marauded']
 ['0' '131.28022553233154' 'presentdestroyed']
 ['4' '138.91139791235673' 'marauded']
 ['3' '152.05923236280162' 'present']
 ['0' '161.33031249369702' 'present']
 ['0' '162.17405002728654' 'present']
 ['4' '165.18055049893934' 'marauded']
 ['8' '199.54855955840384' 'marauded']
 ['4' '203.55427211907008' 'presentdestroyed']
 ['8' '225.54943513593992' 'present']
 ['5' '227.2258743841483' 'present']
 ['5' '258.72259034463053' 'present']
 ['0' '259.4610781596837' 'present']
 ['3' '261.4904813870766' 'present']
 ['3' '274.7595475878393' 'present']
 ['1' '281.8978270106666' 'marauded']
 ['0' '284.08269598270766' 'presentdestroyed']
 ['1' '286.2374072806671' 'presentdestroyed']
 ['10' '288.91108815685556' 'present']
 ['4' '312.48667478040335' 'marauded']
 ['10' '322.55451447769735' 'marauded']
 ['3' '325.22128692238573' 'presentdestroyed']
 ['3' '330.01725994958355' 'present']
 ['3' '330.25817475242974' 'present']
 ['8' '334.134673426341' 'present']
 ['0' '337.6469625992278' 'marauded']
 ['8' '350.9674462773562' 'marauded']
 ['3' '352.58097090234384' 'destroyed']]","[['F83' '44.05919009053325' 'mated']
 ['F107' '105.6867365857138' 'mated']
 ['F65' '133.73376799017612' 'destroyed']
 ['F16' '146.95245488141896' 'absent']
 ['F82' '152.47117754121928' 'absent']
 ['F87' '177.74342870085624' 'mated']
 ['F20' '179.1312850573774' 'absent']
 ['F43' '192.40655517720026' 'mated']
 ['F41' '194.12423093696967' 'mated']
 ['F71' '220.21953192978157' 'mated']
 ['F106' '223.01917649941726' 'mated']
 ['F24' '227.40332522595656' 'absent']
 ['F46' '238.34295540463546' 'mated']
 ['F1' '277.7463887224434' 'absent']
 ['F84' '278.6563229009353' 'absent']
 ['F58' '296.15681430922785' 'mated']
 ['F77' '299.71407274695684' 'absent']]",573.0,70.99924514790183,14.265536634488631,1259.0,211.41489095514336,44.763593036083286,417.0,73.06779421279282,16.143031955564563,12.0,1.2,0.12000000000000005,77.0,3.564814814814814,0.16503772290809313
7,0.0,6,359.9729967351734,"[['0' '4.496087496876723' 'present']
 ['8' '7.287882278658999' 'present']
 ['5' '10.961774738701621' 'present']
 ['4' '15.91362569483284' 'present']
 ['10' '17.667521966357178' 'present']
 ['6' '22.143099327683778' 'present']
 ['5' '29.69729673864319' 'present']
 ['10' '32.71032097496906' 'present']
 ['4' '55.95692521190672' 'marauded']
 ['3' '63.75671060251243' 'present']
 ['4' '80.07106044598883' 'marauded']
 ['8' '82.88882912658671' 'presentdestroyed']
 ['1' '98.23222695058114' 'marauded']
 ['6' '110.52838975712343' 'present']
 ['8' '111.69216226560815' 'present']
 ['10' '113.81450234315085' 'present']
 ['10' '130.08737246638842' 'present']
 ['0' '139.12634443677752' 'present']
 ['4' '144.9219608084086' 'present']
 ['0' '145.29056701485226' 'present']
 ['4' '146.12725104299363' 'present']
 ['4' '174.7594995107373' 'marauded']
 ['8' '177.99745181813176' 'presentdestroyed']
 ['5' '178.25429545081747' 'destroyed']
 ['8' '179.41538206586867' 'presentdestroyed']
 ['4' '195.13464749152777' 'present']
 ['8' '202.51504684290958' 'present']
 ['3' '202.98977747072846' 'present']
 ['5' '208.41005088471846' 'marauded']
 ['10' '221.7482884820236' 'present']
 ['0' '245.70266079918352' 'present']
 ['4' '253.84249119691407' 'present']
 ['8' '255.30931950400836' 'present']
 ['5' '256.19785581789984' 'present']
 ['4' '257.94914187563325' 'present']
 ['6' '258.1916572881508' 'present']
 ['6' '271.3575272383135' 'present']
 ['1' '306.20781686605187' 'present']
 ['0' '322.3813093812795' 'present']
 ['3' '322.7110033333078' 'present']
 ['3' '325.7443767470224' 'present']
 ['10' '328.20648060920183' 'present']
 ['8' '332.90947321359243' 'present']
 ['8' '347.22264282033746' 'present']
 ['5' '354.07487759156254' 'present']]","[['F75' '89.05210062191414' 'absent']
 ['F31' '104.13673714344641' 'destroyed']
 ['F15' '113.53369260718256' 'mated']
 ['F82' '152.42488124492297' 'absent']
 ['F11' '154.73745717115528' 'mated']
 ['F86' '173.54487637288727' 'mated']
 ['F95' '213.41747080786405' 'destroyed']
 ['F55' '285.3491856992384' 'mated']
 ['F60' '301.153084544056' 'mated']
 ['F22' '347.892969663358' 'mated']]",556.0,68.9620843000037,13.855814168494087,1512.0,261.04478178025255,56.435553574116504,177.0,30.234001206104843,6.623917820597779,0.0,0.0,0.0,0.0,0.0,0.0
8,0.054,7,360.23303898357204,"[['4' '7.8921370357681235' 'present']
 ['0' '18.192829469791175' 'marauded']
 ['5' '28.943051196227024' 'present']
 ['0' '31.052842028426095' 'present']
 ['1' '35.37041681881252' 'present']
 ['5' '37.39031448857525' 'present']
 ['3' '39.38513444371179' 'marauded']
 ['3' '46.13150435270196' 'destroyed']
 ['3' '48.74805362656358' 'present']
 ['0' '51.27770414594016' 'present']
 ['5' '53.40175367346184' 'present']
 ['6' '59.22239561141811' 'present']
 ['6' '63.37913505930208' 'present']
 ['1' '74.20169301451055' 'marauded']
 ['6' '74.20891660039297' 'destroyed']
 ['6' '75.18586377876844' 'presentdestroyed']
 ['6' '78.86320588753526' 'destroyed']
 ['5' '91.39561325958759' 'marauded']
 ['0' '93.32070289368409' 'destroyed']
 ['6' '96.99351011886347' 'presentdestroyed']
 ['6' '103.90461259618232' 'marauded']
 ['0' '121.33079258177693' 'present']
 ['6' '123.4732230867881' 'present']
 ['3' '130.0902758877196' 'present']
 ['5' '136.60218834855817' 'present']
 ['0' '149.71636568341526' 'present']
 ['10' '153.72667122711582' 'present']
 ['6' '154.9620286481293' 'present']
 ['5' '158.71576179164083' 'present']
 ['6' '184.93378139079468' 'present']
 ['3' '189.98354354448122' 'marauded']
 ['1' '191.24396750346006' 'presentdestroyed']
 ['3' '191.6148343504878' 'presentdestroyed']
 ['3' '195.1718598399892' 'presentdestroyed']
 ['6' '196.05511830241733' 'presentdestroyed']
 ['1' '215.3989616701215' 'present']
 ['10' '221.12905308500697' 'present']
 ['5' '221.5630809564272' 'present']
 ['10' '226.96484162152083' 'present']
 ['10' '227.25156317222928' 'marauded']
 ['4' '227.81441012069854' 'presentdestroyed']
 ['0' '229.78669947836707' 'presentdestroyed']
 ['0' '264.9494961127526' 'present']
 ['0' '270.27210628571976' 'present']
 ['3' '273.44905342257994' 'marauded']
 ['4' '289.8699688727542' 'marauded']
 ['4' '314.08618978961175' 'present']
 ['1' '316.1848168933228' 'present']
 ['3' '318.9530387733618' 'marauded']
 ['3' '328.7137294081252' 'present']
 ['6' '334.93970672882904' 'present']
 ['10' '353.5027153751656' 'present']
 ['1' '355.99957493033605' 'present']
 ['5' '357.2191025530659' 'marauded']]","[['F29' '38.76593726134393' 'mated']
 ['F75' '89.09839691821044' 'mated']
 ['F42' '140.6573805293408' 'mated']
 ['F21' '145.44013780887468' 'absent']
 ['F85' '150.35658513457315' 'mated']
 ['F61' '159.83000732722468' 'mated']
 ['F20' '179.15443320552555' 'absent']
 ['F53' '188.21776977169603' 'mated']
 ['F27' '214.59113241464055' 'mated']
 ['F8' '250.55093090186247' 'absent']]",570.0,67.19405396021465,13.059572281878898,1338.0,223.74287001648528,47.24293289891235,374.0,63.89946045640269,13.878605042000434,14.0,1.4000000000000001,0.14000000000000007,83.0,3.8425925925925917,0.1778978052126198
9,0.0,8,359.798922364228,"[['6' '0.7902704403654763' 'present']
 ['6' '3.6336621502139397' 'present']
 ['0' '8.33992974739268' 'present']
 ['3' '12.04468432383193' 'present']
 ['3' '14.769392933399413' 'marauded']
 ['5' '19.644769206333322' 'destroyed']
 ['10' '19.659441411674102' 'presentdestroyed']
 ['1' '50.5413069766482' 'marauded']
 ['0' '52.14558489549075' 'presentdestroyed']
 ['8' '67.93182681364588' 'present']
 ['0' '69.2470438232712' 'present']
 ['6' '72.09430881420857' 'present']
 ['6' '78.57562880402921' 'present']
 ['1' '99.74597787793708' 'present']
 ['3' '100.20886160832251' 'marauded']
 ['6' '102.72500580057516' 'presentdestroyed']
 ['4' '103.467723977381' 'presentdestroyed']
 ['3' '152.39657450648713' 'present']
 ['5' '160.6859877582838' 'present']
 ['0' '162.66214296581077' 'present']
 ['3' '177.2414461788953' 'present']
 ['1' '184.5973820459049' 'present']
 ['1' '186.38440597834662' 'present']
 ['5' '194.87671512139826' 'present']
 ['1' '195.7947594237729' 'present']
 ['1' '203.33805667170722' 'present']
 ['3' '213.24137715106076' 'present']
 ['4' '216.70572367235675' 'present']
 ['4' '216.75201996865306' 'present']
 ['5' '226.71791034244515' 'present']
 ['10' '227.39785946852558' 'present']
 ['4' '229.17462337042681' 'marauded']
 ['1' '248.0555377730939' 'present']
 ['3' '255.76645740273273' 'present']
 ['6' '261.4228614763994' 'present']
 ['6' '273.15591608479974' 'present']
 ['1' '279.99001125640285' 'present']
 ['6' '281.84428680515' 'marauded']
 ['10' '282.85367396656505' 'presentdestroyed']
 ['5' '299.56132714107343' 'present']
 ['4' '308.1701728487842' 'present']
 ['5' '310.4753571631375' 'marauded']
 ['5' '313.5227004597933' 'presentdestroyed']
 ['10' '328.25277690549814' 'present']
 ['4' '334.10290362599136' 'present']
 ['5' '345.1240913778045' 'marauded']
 ['8' '345.40645067056136' 'presentdestroyed']
 ['5' '350.1131704576651' 'presentdestroyed']
 ['5' '357.60897785327035' 'present']]","[['F63' '90.87641944209693' 'mated']
 ['F4' '109.57693601929915' 'mated']
 ['F17' '128.6768702118892' 'mated']
 ['F79' '130.82536037706797' 'absent']
 ['F40' '144.575828614397' 'mated']
 ['F97' '146.60771689806052' 'mated']
 ['F6' '167.63189069203364' 'mated']
 ['F25' '185.87169722744656' 'mated']
 ['F73' '198.88143556584367' 'mated']
 ['F66' '228.99870179894586' 'absent']]",560.0,69.44125937414529,14.778653971866051,1463.0,248.1729773195529,52.9230079072953,263.0,42.42408566870386,8.968569482595445,0.0,0.0,0.0,0.0,0.0,0.0
10,0.054,9,360.33959378295253,"[['8' '12.964851680826003' 'present']
 ['6' '54.77793589538827' 'present']
 ['4' '58.56768174067223' 'present']
 ['1' '58.673092775981985' 'present']
 ['4' '73.3287094711618' 'present']
 ['1' '86.65111098111991' 'present']
 ['1' '98.64518637252844' 'marauded']
 ['1' '99.62577430192113' 'presentdestroyed']
 ['6' '103.0024994053762' 'presentdestroyed']
 ['4' '106.4854592404588' 'present']
 ['4' '108.3257937447838' 'present']
 ['0' '116.88049641348687' 'present']
 ['6' '117.50540815163897' 'present']
 ['4' '138.47664632175142' 'marauded']
 ['0' '150.08283376746581' 'present']
 ['8' '155.616347546677' 'present']
 ['3' '160.8369470164899' 'marauded']
 ['4' '164.66919104528' 'presentdestroyed']
 ['8' '168.6766280593351' 'destroyed']
 ['8' '176.34378252649893' 'present']
 ['8' '179.46167836216497' 'present']
 ['6' '183.7234138991326' 'present']
 ['1' '193.0089837762915' 'present']
 ['1' '194.8022625755434' 'marauded']
 ['3' '235.08515099214392' 'present']
 ['8' '239.13754244698328' 'marauded']
 ['5' '242.68559190423224' 'presentdestroyed']
 ['1' '247.11114770098678' 'present']
 ['5' '253.94967718070404' 'present']
 ['3' '259.27795416286773' 'present']
 ['8' '262.4576023066182' 'marauded']
 ['0' '265.4534310381847' 'presentdestroyed']
 ['6' '270.032612570922' 'present']
 ['3' '270.81712704019606' 'present']
 ['0' '275.3737471682805' 'present']
 ['8' '283.5641913285041' 'present']
 ['4' '287.3889893511776' 'present']
 ['4' '294.96025122663553' 'present']
 ['6' '298.2872002009646' 'marauded']
 ['4' '312.90065793185147' 'present']
 ['3' '322.20073528146247' 'present']
 ['5' '329.58597596950574' 'present']
 ['5' '331.6076794758947' 'present']
 ['3' '343.81305318050306' 'marauded']
 ['8' '346.39347959509814' 'presentdestroyed']]","[['F32' '81.33415637283933' 'mated']
 ['F47' '98.56770706266231' 'absent']
 ['F31' '104.11358899529826' 'destroyed']
 ['F99' '113.56220555050392' 'mated']
 ['F56' '131.73518959722384' 'mated']
 ['F6' '167.60874254388548' 'destroyed']
 ['F98' '173.94145259092375' 'absent']
 ['F25' '185.8485490792984' 'absent']
 ['F89' '204.79523143185042' 'mated']
 ['F103' '226.45668160425345' 'mated']
 ['F24' '227.44962152225287' 'mated']
 ['F66' '229.021849947094' 'absent']
 ['F92' '241.15609438319782' 'destroyed']
 ['F62' '249.84154576901824' 'mated']
 ['F8' '250.59722719815878' 'mated']
 ['F52' '296.72557396561655' 'mated']]",583.0,69.41864287069717,14.208990406916843,1383.0,237.17422742385617,51.59981960969294,289.0,48.64618510590942,10.430790578362805,14.0,1.4000000000000001,0.14000000000000007,74.0,3.425925925925925,0.1586076817558298
11,0.0,11,360.26185999956255,"[['1' '25.968874728079065' 'present']
 ['5' '26.96765538683046' 'present']
 ['3' '31.06616014635613' 'present']
 ['0' '32.7206360763358' 'present']
 ['10' '48.39399789902083' 'present']
 ['6' '55.039610538929026' 'present']
 ['4' '55.05062918654425' 'present']
 ['5' '55.431413006251034' 'marauded']
 ['4' '73.25337293277069' 'present']
 ['3' '78.31506385754564' 'present']
 ['4' '80.30099740320286' 'present']
 ['3' '82.00417999035022' 'present']
 ['0' '90.74292555710036' 'present']
 ['4' '120.20985593614175' 'present']
 ['1' '121.65877420289476' 'present']
 ['4' '123.92688992211122' 'present']
 ['8' '126.88132572271942' 'present']
 ['0' '130.47996390126085' 'present']
 ['4' '140.46135699588865' 'marauded']
 ['8' '144.60765799394707' 'destroyed']
 ['4' '147.9006566727962' 'present']
 ['5' '148.04069601169343' 'present']
 ['4' '155.1172688560105' 'present']
 ['5' '168.5824475266362' 'present']
 ['8' '187.8385262306342' 'present']
 ['3' '195.1255635436929' 'present']
 ['1' '195.8759873585977' 'present']
 ['6' '214.65446595843068' 'present']
 ['4' '216.31995302930824' 'marauded']
 ['8' '222.28382958460432' 'presentdestroyed']
 ['4' '232.03308470645672' 'present']
 ['8' '259.1863568608679' 'present']
 ['6' '269.82942765650915' 'present']
 ['3' '275.7269323001945' 'present']
 ['1' '281.8515307143703' 'present']
 ['0' '291.60601866280484' 'present']
 ['6' '294.42940271386794' 'present']
 ['4' '294.6103186883559' 'present']
 ['5' '331.5613831795984' 'present']
 ['5' '342.08305593418794' 'present']
 ['3' '343.66675688420673' 'marauded']
 ['5' '345.0777950815082' 'presentdestroyed']
 ['5' '355.7367963938836' 'present']]","[['F80' '37.19978593858953' 'mated']
 ['F33' '74.38038964417913' 'mated']
 ['F47' '98.59085521081046' 'mated']
 ['F48' '106.82021267022671' 'mated']
 ['F65' '133.75691613832427' 'mated']
 ['F72' '134.66932162496988' 'mated']
 ['F14' '137.6444370667174' 'mated']
 ['F2' '143.40609445977813' 'destroyed']
 ['F16' '146.9293067332708' 'destroyed']
 ['F12' '161.87594996116098' 'mated']
 ['F86' '173.52172822473912' 'absent']
 ['F59' '244.71524934721884' 'mated']
 ['F28' '283.0967169992763' 'mated']
 ['F76' '359.87094872203033' 'mated']]",561.0,67.57984603342697,12.69952856241964,1572.0,268.1900516439466,57.68110837349098,142.0,24.380602543131246,5.523280101910522,0.0,0.0,0.0,0.0,0.0,0.0
