id,probability_maraud,successful_mating,next_foraging_time,mar_attempts,mate_attempts,foraging_events,foraging_hrs,foraging_sqhrs,staying_events,staying_hrs,staying_sqhrs,repairing_events,repairing_hrs,repairing_sqhrs,marauding_events,marauding_hrs,marauding_sqhrs,traveling_events,traveling_hrs,traveling_sqhrs
0,0.0,12,360.07758063619934,"[['12' '15.450068348981956' 'marauded']
 ['22' '26.907306523026904' 'present']
 ['10' '30.077804471730172' 'present']
 ['20' '39.50889645007977' 'present']
 ['16' '84.60140938553437' 'marauded']
 ['20' '98.2038062423629' 'marauded']
 ['20' '101.83533219532961' 'presentdestroyed']
 ['20' '129.65689831945494' 'marauded']
 ['21' '138.40448117616415' 'present']
 ['4' '153.70796722836204' 'present']
 ['12' '157.83084242123888' 'present']
 ['16' '163.54657576317163' 'marauded']
 ['5' '163.7527582376367' 'presentdestroyed']
 ['5' '194.15552994751226' 'present']
 ['21' '224.4147811438903' 'marauded']
 ['5' '228.323662803183' 'destroyed']
 ['5' '273.072332930288' 'present']
 ['5' '275.03720919730756' 'present']
 ['10' '281.479481585652' 'present']
 ['4' '288.21857452337946' 'present']
 ['4' '289.57650283681147' 'present']
 ['10' '298.4097174668631' 'present']
 ['12' '300.3879106291372' 'present']
 ['22' '311.03877019318406' 'present']
 ['21' '318.93343479696244' 'present']
 ['4' '325.53447091528255' 'present']
 ['10' '357.4167013363971' 'present']
 ['10' '358.7859083270933' 'present']]","[['F69' '47.15325863325089' 'mated']
 ['F187' '83.0832618879922' 'mated']
 ['F209' '145.64819308083744' 'mated']
 ['F74' '152.483762931317' 'mated']
 ['F52' '166.86097178654026' 'destroyed']
 ['F34' '167.17579690791604' 'destroyed']
 ['F63' '175.35137228653596' 'mated']
 ['F114' '187.56188264774605' 'mated']
 ['F0' '197.1668744942046' 'mated']
 ['F184' '209.34853647579615' 'mated']
 ['F175' '251.90593555332444' 'mated']
 ['F81' '266.0694228395463' 'mated']
 ['F106' '292.92275823479' 'mated']
 ['F20' '346.84530919789273' 'mated']]",573.0,71.49435909304218,13.958837237318937,1487.0,251.8880002557978,54.14075262801814,228.0,36.68473519947781,7.483999930919636,0.0,0.0,0.0,0.0,0.0,0.0
1,0.0,7,359.92186334538803,"[['22' '0.9579386647023966' 'marauded']
 ['10' '8.028220196221984' 'presentdestroyed']
 ['20' '20.091976581828323' 'present']
 ['16' '28.648234326218795' 'present']
 ['10' '29.744329786604503' 'present']
 ['22' '31.36068668673389' 'present']
 ['16' '39.44993254565037' 'present']
 ['10' '42.11485024907568' 'marauded']
 ['20' '47.036639912676826' 'destroyed']
 ['5' '71.27574180289484' 'present']
 ['12' '73.84566569843913' 'present']
 ['12' '80.95602130721367' 'present']
 ['21' '84.8076212031769' 'present']
 ['21' '93.52909330525777' 'marauded']
 ['5' '104.11995799247573' 'marauded']
 ['4' '134.7373620207374' 'present']
 ['4' '141.01694280445972' 'present']
 ['21' '155.24259827854468' 'present']
 ['12' '172.50011621928425' 'marauded']
 ['21' '184.20638553714397' 'present']
 ['16' '188.08900166955075' 'present']
 ['20' '208.43411719911205' 'marauded']
 ['4' '214.01138150123168' 'destroyed']
 ['16' '226.10629994223794' 'marauded']
 ['4' '228.21729965710358' 'presentdestroyed']
 ['20' '237.30681594989676' 'present']
 ['16' '250.6509415449311' 'present']
 ['16' '250.65557117456072' 'present']
 ['12' '251.39634404289484' 'present']
 ['21' '277.7623374490806' 'marauded']
 ['4' '312.38633143364126' 'present']
 ['10' '326.43755257284346' 'present']
 ['12' '331.8205999791401' 'present']
 ['20' '333.0601453680214' 'present']
 ['22' '349.56394440075775' 'present']]","[['F154' '69.42426008396444' 'mated']
 ['F77' '111.80624955745417' '']
 ['F88' '154.4141497546851' 'mated']
 ['F185' '188.81244174068914' 'absent']
 ['F26' '227.13965053590238' 'absentdestroyed']
 ['F9' '228.36618368890854' 'absentdestroyed']
 ['F215' '239.1308859868408' 'mated']
 ['F62' '250.48290669067265' 'mated']
 ['F94' '257.4636434951657' 'mated']
 ['F207' '317.1499897822863' 'mated']
 ['F171' '318.75856826357864' 'mated']]",564.0,72.93482333392559,16.670109495164276,1419.0,238.3472740790509,50.77628257207475,292.0,48.72577298463567,10.02379369449818,0.0,0.0,0.0,0.0,0.0,0.0
2,0.0,8,360.42376146126173,"[['22' '2.0759367996436606' 'present']
 ['21' '3.310898093704779' 'present']
 ['4' '19.96433047220999' 'present']
 ['10' '24.325489318250618' 'present']
 ['20' '32.8254085213008' 'present']
 ['22' '42.2478082293502' 'present']
 ['22' '47.33558632317402' 'present']
 ['5' '59.58772707466639' 'present']
 ['22' '59.75142022762107' 'marauded']
 ['10' '59.875647257144074' 'presentdestroyed']
 ['5' '70.05678844628103' 'present']
 ['10' '86.57026970571445' 'marauded']
 ['21' '92.71543336415182' 'destroyed']
 ['10' '119.54647987747937' 'present']
 ['12' '148.4260024939811' 'marauded']
 ['12' '176.31200654493696' 'present']
 ['22' '181.00255833425547' 'present']
 ['5' '200.43000936509318' 'marauded']
 ['22' '211.49803606740687' 'present']
 ['20' '224.37106175595477' 'present']
 ['5' '233.5823700802575' 'present']
 ['21' '263.691566866777' 'present']
 ['5' '279.35341891767354' 'present']
 ['4' '301.3985621351882' 'present']
 ['5' '302.91309056359' 'present']
 ['4' '321.90974049536624' 'present']
 ['21' '327.99921321768517' 'present']
 ['12' '333.98133183603625' 'present']
 ['22' '337.26091147456407' 'present']
 ['20' '340.25264918538124' 'present']]","[['F145' '49.843679957748186' 'mated']
 ['F165' '112.99351618185644' 'mated']
 ['F83' '122.57163762805399' 'mated']
 ['F4' '143.9072967786108' 'absent']
 ['F13' '145.3606315420291' 'mated']
 ['F107' '180.287663925471' 'absent']
 ['F139' '181.00558819248118' 'mated']
 ['F156' '192.07637843649923' 'mated']
 ['F17' '221.91451874464158' 'mated']
 ['F194' '224.89606321584483' 'absent']
 ['F89' '263.9826332055401' 'absent']
 ['F56' '305.00909424200887' 'absent']
 ['F192' '313.9330347364059' 'mated']]",562.0,71.89278670641667,14.963125221017078,1542.0,263.87168173968223,56.990128108089664,138.0,24.326986684452166,5.5682173854717,0.0,0.0,0.0,0.0,0.0,0.0
3,0.0,10,360.2781268118329,"[['4' '16.769175701765132' 'present']
 ['12' '20.943465789600467' 'present']
 ['12' '26.97591858542221' 'marauded']
 ['20' '28.28910900806602' 'destroyed']
 ['20' '57.839654583509144' 'marauded']
 ['5' '78.67344592959235' 'present']
 ['20' '79.9234146040409' 'marauded']
 ['12' '82.39673544001036' 'presentdestroyed']
 ['21' '89.03357244547702' 'present']
 ['20' '106.2875941313793' 'present']
 ['20' '107.19417235446957' 'present']
 ['5' '136.02775318162065' 'marauded']
 ['22' '143.6757192248397' 'present']
 ['22' '144.62017718316508' 'present']
 ['4' '148.20585752428104' 'present']
 ['4' '150.42248376397546' 'present']
 ['5' '157.96050679064365' 'present']
 ['4' '163.63112094261908' 'present']
 ['22' '165.401139285468' 'present']
 ['5' '177.48508856127603' 'present']
 ['22' '192.3201581995109' 'present']
 ['22' '193.1372692638184' 'present']
 ['12' '221.43543821219504' 'present']
 ['21' '225.19575014112132' 'present']
 ['10' '238.00567869907857' 'present']
 ['12' '249.01049867481103' 'present']
 ['10' '261.36263294428625' 'present']
 ['22' '271.7372605390259' 'present']
 ['22' '282.19420659477714' 'present']
 ['16' '282.34434113943945' 'present']
 ['12' '298.56196574726704' 'present']
 ['5' '331.8932709002213' 'present']
 ['12' '356.8282200764579' 'present']]","[['F72' '39.18976490266426' 'mated']
 ['F155' '88.55989757379464' 'mated']
 ['F37' '103.39591372801682' 'mated']
 ['F208' '130.95904880252482' 'absent']
 ['F161' '137.84819242880792' 'absentdestroyed']
 ['F112' '151.52445619658243' 'mated']
 ['F203' '183.70514019228136' 'mated']
 ['F115' '208.6908714795697' 'mated']
 ['F90' '251.8301438825266' 'mated']
 ['F182' '253.30751428118063' 'mated']
 ['F7' '281.8813447512771' 'mated']
 ['F85' '318.8138572573153' 'mated']
 ['F84' '351.9216810358227' 'absent']]",568.0,67.21678382421291,13.004374227839165,1587.0,268.4273763547602,58.02215317608873,138.0,24.358645195797354,5.469476892464926,0.0,0.0,0.0,0.0,0.0,0.0
4,0.054,7,360.3214591076085,"[['10' '0.7996903682985855' 'present']
 ['5' '15.76897943732177' 'present']
 ['12' '17.255889258007596' 'present']
 ['20' '35.09548137063375' 'present']
 ['10' '50.42951716999697' 'present']
 ['5' '65.73265483767419' 'present']
 ['21' '66.21400827456377' 'present']
 ['10' '87.95788058854941' 'present']
 ['16' '88.4163223844617' 'present']
 ['12' '103.93595181377671' 'present']
 ['21' '108.31529817172091' 'marauded']
 ['21' '110.09384565500925' 'presentdestroyed']
 ['12' '130.9478729328327' 'present']
 ['21' '136.69834843677424' 'present']
 ['21' '156.8263017484695' 'present']
 ['10' '169.59568785732174' 'present']
 ['5' '179.79413773953183' 'present']
 ['20' '212.26743714191937' 'present']
 ['10' '234.8572128492701' 'present']
 ['21' '259.0580980258035' 'marauded']
 ['12' '267.4287979673824' 'present']
 ['21' '278.64115106191116' 'present']
 ['12' '325.5336599415321' 'marauded']
 ['12' '358.9873871321737' 'present']]","[['F195' '42.95860506139051' 'absent']
 ['F3' '45.89045493509969' 'mated']
 ['F165' '112.99120136704163' 'destroyed']
 ['F68' '174.9166474979751' 'mated']
 ['F211' '180.85034575250614' 'mated']
 ['F135' '205.9912763033677' 'mated']
 ['F141' '210.03053621733451' 'mated']
 ['F194' '224.89837803065964' 'absent']
 ['F196' '235.20904237508486' 'mated']
 ['F1' '273.9971781611004' 'absent']
 ['F214' '311.58204932409916' 'mated']]",565.0,70.56379287545721,14.766916115698585,1583.0,269.0335597388538,57.63743126013604,117.0,18.396420909545196,3.684747477252232,16.0,1.6000000000000003,0.1600000000000001,104.0,0.48148148148148223,0.002229080932784637
5,0.054,5,360.1576496460475,"[['10' '3.4167630852055777' 'marauded']
 ['4' '11.970045446035362' 'present']
 ['10' '22.149085092222723' 'marauded']
 ['4' '27.343118887734928' 'presentdestroyed']
 ['16' '51.689003350199876' 'marauded']
 ['21' '65.22198914268388' 'present']
 ['10' '84.71867875376647' 'present']
 ['4' '92.70281830218532' 'marauded']
 ['22' '97.83781642376033' 'presentdestroyed']
 ['16' '103.01925945374006' 'present']
 ['12' '105.86048663997914' 'present']
 ['12' '119.59850870472302' 'marauded']
 ['16' '133.64024400069002' 'present']
 ['16' '139.63090900225615' 'present']
 ['21' '146.64785532444068' 'marauded']
 ['20' '153.02348067617112' 'presentdestroyed']
 ['22' '157.1229705419819' 'present']
 ['4' '167.46995887756282' 'present']
 ['22' '183.98456899627118' 'marauded']
 ['21' '187.8189969542884' 'presentdestroyed']
 ['4' '198.66405693262593' 'present']
 ['22' '219.35120593730406' 'present']
 ['10' '219.66465260600458' 'present']
 ['20' '238.37179260950623' 'present']
 ['12' '249.9039185500481' 'marauded']
 ['22' '257.9665507112032' 'present']
 ['21' '277.20164066917005' 'present']
 ['20' '288.4612885249059' 'present']
 ['12' '299.02223502191805' 'present']
 ['10' '321.41938402346676' 'marauded']
 ['21' '328.4866631234818' 'presentdestroyed']
 ['22' '334.7910177398823' 'marauded']
 ['4' '343.1297203859449' 'present']]","[['F162' '42.83231248732071' 'mated']
 ['F144' '50.422177437036126' 'mated']
 ['F59' '90.19449675799075' 'absent']
 ['F190' '92.59535711612773' 'absent']
 ['F176' '144.98808960984272' 'mated']
 ['F34' '167.17348209310123' 'absent']
 ['F204' '215.50343242174887' 'mated']
 ['F210' '227.98689895852087' 'mated']]",558.0,73.95291783289075,15.205812447318706,1280.0,223.3182370700389,49.010176097424605,368.0,60.97719446315733,12.65687727042082,14.0,1.4000000000000001,0.14000000000000007,83.0,0.3842592592592596,0.0017789780521261986
6,0.0,11,360.3501849433393,"[['12' '0.8579582659258966' 'present']
 ['16' '3.570848239478951' 'present']
 ['4' '49.822460932964205' 'present']
 ['22' '62.38959382175797' 'present']
 ['16' '67.33106239119789' 'present']
 ['21' '71.37977659189762' 'present']
 ['12' '79.87823065025772' 'present']
 ['16' '90.02326552148227' 'present']
 ['20' '98.19917661273328' 'present']
 ['5' '106.8728041125002' 'present']
 ['21' '125.24331452173675' 'present']
 ['22' '135.05376005679517' 'present']
 ['20' '148.08441931354054' 'present']
 ['20' '208.92301378589892' 'present']
 ['12' '221.43080858256542' 'present']
 ['12' '221.52418534710426' 'present']
 ['5' '223.01800527945943' 'present']
 ['10' '230.18426755875484' 'present']
 ['12' '241.5069708476408' 'marauded']
 ['20' '268.01670819146057' 'present']
 ['20' '275.6635626799748' 'present']
 ['22' '276.57000361023995' 'present']
 ['5' '292.88964253584686' 'present']
 ['4' '297.7671044410443' 'present']
 ['4' '298.4139037087117' 'present']
 ['10' '310.27023822712664' 'marauded']
 ['4' '315.80102633514593' 'presentdestroyed']
 ['21' '317.52618883660244' 'presentdestroyed']
 ['20' '335.9998832805252' 'present']]","[['F140' '64.47596217487818' 'mated']
 ['F212' '103.25234365563927' 'mated']
 ['F64' '126.76256082344288' 'mated']
 ['F181' '128.75299121831043' 'mated']
 ['F33' '140.33134581342253' 'mated']
 ['F149' '145.49443998396737' 'mated']
 ['F28' '185.9096084091405' 'absent']
 ['F185' '188.81475655550395' 'mated']
 ['F158' '214.07115707889048' 'mated']
 ['F210' '227.98458414370606' 'absent']
 ['F78' '295.3637229336208' 'mated']
 ['F117' '302.24149708374404' 'mated']
 ['F84' '351.92399585063754' 'mated']]",569.0,66.78945804103026,13.438101725645593,1678.0,281.30483201139765,60.64772067964389,67.0,12.085729600294698,2.855824495026193,0.0,0.0,0.0,0.0,0.0,0.0
7,0.0,11,360.4358591025324,"[['22' '31.964971886082196' 'present']
 ['4' '42.448530953964706' 'marauded']
 ['16' '53.816750973004396' 'present']
 ['22' '59.01223963061723' 'present']
 ['5' '68.39269951457909' 'marauded']
 ['16' '76.53687398492625' 'present']
 ['10' '94.13373034563483' 'present']
 ['21' '110.59474235311481' 'present']
 ['10' '113.56245012607283' 'present']
 ['22' '152.88725037768683' 'present']
 ['4' '153.70333759873242' 'present']
 ['20' '153.8088178373422' 'present']
 ['4' '154.0263139594849' 'marauded']
 ['4' '157.71600221414053' 'presentdestroyed']
 ['16' '165.2197944849713' 'present']
 ['4' '172.69456595284913' 'marauded']
 ['21' '204.6884770863131' 'present']
 ['20' '229.2717733857537' 'present']
 ['16' '247.29979203186585' 'marauded']
 ['10' '249.07111759277686' 'presentdestroyed']
 ['4' '269.3264072496786' 'present']
 ['20' '270.0534209279277' 'present']
 ['5' '290.9250581939596' 'present']
 ['4' '335.56533399656746' 'present']
 ['16' '359.5570662071897' 'present']]","[['F164' '57.639971189554764' 'mated']
 ['F178' '84.46760291091547' 'mated']
 ['F177' '87.83282996313396' 'absent']
 ['F157' '90.41648527757975' 'mated']
 ['F23' '109.83000355007013' 'mated']
 ['F161' '137.85050724362273' 'mated']
 ['F19' '146.13823204976362' 'mated']
 ['F45' '147.1356786721784' 'absent']
 ['F130' '157.61336644027492' 'destroyed']
 ['F159' '167.88769118442644' 'mated']
 ['F14' '197.03529096812346' 'mated']
 ['F110' '240.23234892062166' 'mated']
 ['F73' '261.8521129169495' 'mated']
 ['F54' '283.8687603610441' 'mated']]",575.0,73.07423007991112,14.765619031221034,1516.0,256.2278776812327,55.078330174285504,179.0,30.721721630287274,6.7149780199332705,0.0,0.0,0.0,0.0,0.0,0.0
8,0.0,7,360.3383665678864,"[['10' '2.7933593893388324' 'marauded']
 ['16' '37.5649851195043' 'present']
 ['16' '37.88432164538623' 'present']
 ['20' '51.77327902698872' 'present']
 ['12' '54.04722229476742' 'present']
 ['12' '55.24905243218839' 'present']
 ['10' '62.024678424304795' 'present']
 ['20' '63.437375447113645' 'present']
 ['16' '71.34797555467104' 'marauded']
 ['22' '109.13990153706207' 'present']
 ['5' '115.62898764955172' 'present']
 ['22' '130.63128794881948' 'marauded']
 ['21' '136.70297806640386' 'destroyed']
 ['20' '151.97243906288733' 'present']
 ['20' '210.02588767375633' 'present']
 ['21' '237.26029833829895' 'marauded']
 ['12' '238.9378434003872' 'presentdestroyed']
 ['5' '244.55705120885426' 'presentdestroyed']
 ['12' '256.0476732357651' 'marauded']
 ['4' '257.82319106123435' 'presentdestroyed']
 ['12' '260.1717497372428' 'presentdestroyed']
 ['10' '294.93940830433974' 'present']
 ['4' '318.4300549938681' 'marauded']
 ['16' '321.0338076689744' 'presentdestroyed']
 ['10' '332.8427707727594' 'present']
 ['22' '358.9000802992921' 'present']]","[['F150' '96.82072836202506' 'mated']
 ['F111' '98.12489605385936' 'absent']
 ['F99' '108.37459072008019' 'mated']
 ['F208' '130.95673398771' 'destroyed']
 ['F52' '166.86328660135507' 'mated']
 ['F34' '167.17811172273085' 'absent']
 ['F18' '173.26952185741527' 'mated']
 ['F6' '185.06630106641336' 'mated']
 ['F79' '246.4815976033924' 'mated']
 ['F73' '261.84748328731985' 'destroyed']
 ['F85' '318.81154244250047' 'destroyed']
 ['F142' '343.22686758405564' 'mated']]",560.0,69.10008791142572,14.299044255990015,1497.0,254.51470838510545,54.84676609901432,212.0,36.481564935656024,7.972250917043151,0.0,0.0,0.0,0.0,0.0,0.0
9,0.0,6,360.0412167538799,"[['21' '3.6663245302564573' 'present']
 ['22' '60.99952694437227' 'present']
 ['21' '69.91949271981093' 'present']
 ['5' '79.54077082597394' 'present']
 ['21' '84.00553039104314' 'present']
 ['4' '90.6220767741825' 'present']
 ['10' '101.87360412904052' 'present']
 ['12' '125.81700825472343' 'marauded']
 ['10' '129.07863363150835' 'presentdestroyed']
 ['22' '133.1168245974663' 'presentdestroyed']
 ['4' '140.7573547762219' 'present']
 ['10' '142.28118720999805' 'present']
 ['22' '171.55822218150735' 'present']
 ['16' '205.63320985177805' 'marauded']
 ['5' '210.78837777540602' 'presentdestroyed']
 ['16' '225.08623158449998' 'present']
 ['22' '251.17827983842076' 'marauded']
 ['20' '272.4984397370356' 'present']
 ['5' '272.76394093997186' 'present']
 ['21' '277.0923814099107' 'present']
 ['4' '286.073962612517' 'present']
 ['22' '290.90891549320503' 'present']
 ['10' '293.10307248657546' 'present']
 ['22' '295.0798768749757' 'present']
 ['12' '306.36715199117435' 'present']
 ['4' '317.36483169373287' 'present']
 ['10' '317.9751173664011' 'present']
 ['12' '324.4562103615612' 'present']]","[['F35' '9.740810731913461' 'mated']
 ['F163' '43.9189535430231' 'mated']
 ['F181' '128.75067640349562' 'destroyed']
 ['F4' '143.904981963796' 'absent']
 ['F55' '158.0588265228541' 'mated']
 ['F109' '194.44335974259664' 'mated']
 ['F126' '203.3595352105653' 'mated']
 ['F115' '208.68855666475488' 'absentdestroyed']
 ['F120' '215.84812418028034' 'mated']]",571.0,69.17935368618764,13.81328199497189,1593.0,272.91810900126626,58.79345410449351,112.0,18.09774946101481,3.533165110666993,0.0,0.0,0.0,0.0,0.0,0.0
10,0.054,6,360.49738087317,"[['20' '11.726052895320484' 'present']
 ['20' '43.95980361191099' 'present']
 ['22' '57.269575658182085' 'present']
 ['21' '69.67756527030524' 'present']
 ['20' '77.98725795069942' 'present']
 ['21' '109.6045461383215' 'present']
 ['4' '137.39646352989791' 'present']
 ['4' '143.73470818091636' 'present']
 ['4' '146.29631730351386' 'present']
 ['16' '148.2293163162229' 'present']
 ['5' '175.78050726033186' 'marauded']
 ['22' '176.9834311150546' 'destroyed']
 ['12' '182.6123791460767' 'presentdestroyed']
 ['22' '193.1326396341888' 'present']
 ['5' '193.50625253163514' 'present']
 ['12' '203.96121211678422' 'present']
 ['12' '217.10986033343514' 'present']
 ['16' '228.819264460912' 'present']
 ['4' '251.98780423621508' 'marauded']
 ['22' '264.63368330242685' 'present']
 ['21' '264.9312890221784' 'present']
 ['16' '269.03513286131243' 'marauded']
 ['12' '279.33557417796715' 'present']
 ['21' '285.01397450578213' 'marauded']
 ['4' '292.46879783110154' 'destroyed']
 ['20' '307.0421675456342' 'present']
 ['20' '318.04105923996116' 'present']
 ['22' '343.63671251944373' 'marauded']
 ['12' '346.3535129666841' 'presentdestroyed']
 ['16' '350.4537601082143' 'presentdestroyed']
 ['22' '357.55356781826333' 'present']]","[['F168' '89.61855904525676' 'mated']
 ['F37' '103.39359891320201' 'absent']
 ['F32' '160.5656132973511' 'mated']
 ['F197' '160.76741307304806' 'mated']
 ['F104' '179.58110273797467' 'destroyed']
 ['F39' '180.82065267811058' 'absentdestroyed']
 ['F127' '200.94301025494786' 'mated']
 ['F97' '205.87460860253205' 'mated']
 ['F101' '258.5397863984767' 'destroyed']
 ['F183' '260.01929068149775' '']
 ['F38' '266.6452480118843' 'mated']]",575.0,69.13709946323033,13.495633433417058,1527.0,258.6137134053682,55.41782316890886,177.0,30.24952956689454,6.749395149820608,17.0,1.7000000000000004,0.1700000000000001,93.0,0.4305555555555561,0.0019933127572016444
11,0.0,11,360.0236702130587,"[['4' '11.974675075664992' 'marauded']
 ['22' '27.027223436236987' 'present']
 ['10' '37.00585918832838' 'present']
 ['4' '59.5866081240658' 'present']
 ['5' '60.33298812794684' 'present']
 ['5' '85.99938140626993' 'present']
 ['4' '104.90956469155732' 'marauded']
 ['5' '112.89449011065027' 'marauded']
 ['21' '115.82547069131458' 'presentdestroyed']
 ['5' '116.49842594187315' 'presentdestroyed']
 ['22' '133.11219496783667' 'present']
 ['21' '143.08946846399257' 'marauded']
 ['5' '144.10991156079746' 'presentdestroyed']
 ['20' '152.36214740202624' 'marauded']
 ['10' '170.1825858206118' 'present']
 ['20' '178.18216963728935' 'marauded']
 ['20' '188.32171742052145' 'present']
 ['12' '221.52881497673388' 'present']
 ['12' '231.49941685373398' 'present']
 ['10' '239.28297650794326' 'present']
 ['16' '243.64275813087477' 'present']
 ['12' '248.10975807694416' 'marauded']
 ['20' '273.0046062363662' 'present']
 ['22' '279.55594538724256' 'present']
 ['21' '319.17855266022474' 'present']
 ['10' '339.7809514020582' 'present']]","[['F113' '66.61761729226205' 'mated']
 ['F48' '96.17824496681028' 'mated']
 ['F98' '121.95215150238114' 'mated']
 ['F31' '126.70113427055847' 'mated']
 ['F47' '128.4530587649181' 'mated']
 ['F167' '139.9928757011275' 'mated']
 ['F52' '166.85865697172545' 'absent']
 ['F39' '180.8229674929254' 'destroyed']
 ['F91' '186.23096592853886' 'mated']
 ['F133' '195.6999029166957' 'absent']
 ['F134' '199.2110695480028' 'mated']
 ['F76' '203.2301593070936' 'mated']
 ['F56' '305.0114090568237' 'mated']
 ['F153' '340.8180478859116' 'mated']]",572.0,69.58826956331191,13.787162034825464,1471.0,247.8270544196234,52.26933579980205,261.0,42.66793212296399,8.930356730093676,0.0,0.0,0.0,0.0,0.0,0.0
12,0.054,13,360.0246211511067,"[['4' '21.468740464966988' 'present']
 ['16' '39.78143760660716' 'present']
 ['22' '50.67096817227247' 'present']
 ['21' '51.98764337024198' 'present']
 ['4' '55.717310748694075' 'marauded']
 ['10' '71.10866046019555' 'present']
 ['20' '71.58517097258597' 'present']
 ['20' '99.62037189221168' 'present']
 ['16' '105.82496382781935' 'present']
 ['4' '107.25429815589901' 'marauded']
 ['20' '128.2487988938531' 'present']
 ['16' '133.37264123430157' 'present']
 ['20' '149.73956290211092' 'present']
 ['20' '153.28648327740325' 'present']
 ['10' '155.52406221866275' 'present']
 ['4' '176.2673514766204' 'present']
 ['20' '180.4071382137055' 'present']
 ['22' '189.03184587699448' 'present']
 ['21' '191.2248320148937' 'present']
 ['16' '202.42179214480328' 'present']
 ['22' '209.1093737697297' 'marauded']
 ['4' '226.20176272002504' 'present']
 ['22' '264.02837335232283' 'present']
 ['5' '267.73736189303077' 'present']
 ['20' '274.51690885495753' 'present']
 ['5' '282.1318494380233' 'marauded']
 ['21' '305.95148632715274' 'present']]","[['F195' '42.960919876205324' 'mated']
 ['F144' '50.41986262222131' 'absent']
 ['F143' '62.33080288201169' 'destroyed']
 ['F140' '64.47364736006337' '']
 ['F27' '79.95003248079308' 'mated']
 ['F190' '92.59767193094254' 'mated']
 ['F57' '106.58760904718035' 'mated']
 ['F15' '151.48928755589938' 'absent']
 ['F166' '158.5625594410047' 'absent']
 ['F34' '167.18042653754566' 'mated']
 ['F10' '169.18684085950878' 'mated']
 ['F123' '174.1321824329637' 'mated']
 ['F29' '175.17261263904393' 'mated']
 ['F107' '180.28997874028582' 'mated']
 ['F11' '185.94576730304945' 'mated']
 ['F206' '223.84539927367527' 'mated']
 ['F194' '224.90069284547445' 'mated']
 ['F124' '226.4559900108699' 'mated']]",559.0,72.31131397368324,15.471698303161464,1572.0,260.8586506773975,55.46618054904212,145.0,24.349740195336484,5.2416420483497745,22.0,2.2000000000000006,0.22000000000000014,100.0,0.46296296296296363,0.002143347050754458
13,0.0,6,360.5787798155402,"[['4' '22.30221672079442' 'present']
 ['20' '33.76699033124647' 'present']
 ['20' '38.11575032560475' 'marauded']
 ['20' '45.55934575447486' 'marauded']
 ['12' '45.683209089939' 'presentdestroyed']
 ['10' '48.28393857348684' 'presentdestroyed']
 ['22' '48.35880121686967' 'presentdestroyed']
 ['16' '56.018183647154146' 'present']
 ['4' '72.09388138709481' 'marauded']
 ['5' '87.07148546641156' 'present']
 ['12' '93.73259869414967' 'present']
 ['10' '95.06578293205203' 'marauded']
 ['22' '98.8745840248436' 'presentdestroyed']
 ['12' '101.32571809313318' 'presentdestroyed']
 ['4' '104.36235821775168' 'present']
 ['21' '132.72404337233186' 'present']
 ['20' '143.76537578892916' 'present']
 ['16' '153.12609068833075' 'present']
 ['5' '157.00913066359425' 'present']
 ['4' '164.55025720369113' 'present']
 ['5' '165.3479383461734' 'present']
 ['21' '168.29413280821694' 'present']
 ['10' '171.90328831795864' 'marauded']
 ['10' '174.9044220784105' 'presentdestroyed']
 ['22' '185.84971277184195' 'present']
 ['5' '202.72997842273327' 'marauded']
 ['20' '205.88857001962242' 'destroyed']
 ['22' '257.2996009106173' 'present']
 ['20' '274.03101103069184' 'present']
 ['21' '274.1206200022702' 'present']
 ['5' '297.984923682064' 'present']
 ['5' '302.21455647573146' 'present']
 ['16' '320.08826636987055' 'present']
 ['10' '334.9821044570564' 'present']
 ['5' '343.6015456313612' 'present']
 ['12' '346.53069129595053' 'present']
 ['20' '346.9676872220239' 'present']]","[['F49' '5.88514938264135' 'mated']
 ['F41' '67.22574270244498' 'mated']
 ['F151' '136.34926092641174' 'mated']
 ['F198' '172.15737484403994' 'destroyed']
 ['F75' '180.91631318027473' 'absent']
 ['F60' '187.08407690233747' 'mated']
 ['F25' '246.73734077931041' 'mated']
 ['F119' '314.57345890668006' 'mated']]",547.0,71.05344047585466,15.36934842783666,1453.0,252.59494730672733,55.111236435403946,221.0,36.5374354613827,7.772811265482137,0.0,0.0,0.0,0.0,0.0,0.0
14,0.0,13,359.96889368922297,"[['12' '0.18428135829785908' 'present']
 ['10' '59.039327501806625' 'present']
 ['21' '62.91758875811134' 'present']
 ['10' '75.01455454776726' 'present']
 ['12' '77.07433852325788' 'present']
 ['22' '90.95241967605091' 'present']
 ['16' '100.15246526938257' 'present']
 ['22' '107.92245207110797' 'present']
 ['12' '118.9302225214105' 'present']
 ['22' '123.44615101977074' 'marauded']
 ['10' '125.15819134683717' 'presentdestroyed']
 ['10' '127.14108504786665' 'destroyed']
 ['12' '132.15168238882157' 'marauded']
 ['20' '133.60836122718743' 'destroyed']
 ['4' '145.0721214096702' 'present']
 ['16' '145.9501861502296' 'present']
 ['22' '155.67946173952498' 'present']
 ['10' '157.13606724935642' 'present']
 ['12' '180.381749954944' 'present']
 ['4' '188.8998866323182' 'present']
 ['10' '198.36013792162265' 'marauded']
 ['12' '202.6277585687015' 'presentdestroyed']
 ['21' '212.09012108808912' 'present']
 ['16' '216.30641904066457' 'present']
 ['4' '225.14166876469312' 'present']
 ['12' '256.83081421699393' 'marauded']
 ['10' '261.74342861056164' 'presentdestroyed']
 ['4' '271.9040313672836' 'present']
 ['5' '282.3156934531201' 'present']
 ['22' '286.0106684377681' 'present']
 ['12' '292.39053265156446' 'present']
 ['20' '303.55685885630066' 'marauded']
 ['12' '339.29333135578054' 'marauded']
 ['10' '354.7975643527491' 'present']]","[['F170' '48.838158619002776' 'mated']
 ['F174' '76.37764123589153' 'mated']
 ['F2' '94.85538418475734' 'mated']
 ['F131' '124.25104028034886' 'absentdestroyed']
 ['F64' '126.76024600862807' 'destroyed']
 ['F151' '136.34694611159694' 'destroyed']
 ['F45' '147.1379934869932' 'mated']
 ['F112' '151.51982656695282' 'absent']
 ['F166' '158.56718907063433' 'mated']
 ['F201' '167.153659398616' 'mated']
 ['F39' '180.8252823077402' 'mated']
 ['F9' '228.36849850372334' 'mated']
 ['F152' '256.4732539579399' 'mated']
 ['F89' '263.9849480203549' 'mated']
 ['F102' '272.1020014137156' 'mated']
 ['F132' '272.2716805605392' 'mated']
 ['F93' '298.52032405721184' 'mated']]",568.0,68.85909658674379,13.678588973682064,1516.0,254.25068253670642,54.385160377796204,222.0,36.89867197232961,7.68946333643974,0.0,0.0,0.0,0.0,0.0,0.0
15,0.0,12,360.22096743844196,"[['16' '19.50710409611172' 'present']
 ['22' '27.29012335586295' 'present']
 ['4' '32.5059038198383' 'present']
 ['10' '37.1663522103595' 'present']
 ['16' '38.09742199808854' 'present']
 ['4' '47.915033020129876' 'present']
 ['10' '50.4341467996266' 'present']
 ['16' '75.25723554922021' 'marauded']
 ['16' '75.95935871878585' 'presentdestroyed']
 ['16' '77.07267000612964' 'destroyed']
 ['10' '87.49103194636841' 'present']
 ['4' '92.02387300277175' 'present']
 ['22' '110.58886644261976' 'present']
 ['20' '150.92112783184587' 'marauded']
 ['10' '156.18388512194824' 'presentdestroyed']
 ['12' '158.6782006581291' 'present']
 ['22' '172.3850643665143' 'present']
 ['22' '173.71180630422396' 'marauded']
 ['21' '198.50807845876594' 'present']
 ['20' '198.51113862863565' 'present']
 ['10' '202.38139209964314' 'marauded']
 ['5' '210.53810874633436' 'present']
 ['22' '212.714377443722' 'present']
 ['22' '216.8175939997022' 'present']
 ['21' '217.3847790851741' 'present']
 ['12' '252.40429662400444' 'present']
 ['12' '252.87177832337738' 'present']
 ['12' '258.22118741134113' 'present']
 ['5' '262.3103447291132' 'present']
 ['12' '267.8993537052242' 'present']
 ['5' '271.7037862870188' 'marauded']
 ['20' '276.87506292830375' 'presentdestroyed']
 ['22' '280.6425368177193' 'present']
 ['10' '297.9024480802557' 'present']
 ['20' '298.9946659873541' 'present']
 ['4' '304.09723534659037' 'present']
 ['22' '305.8770657545132' 'present']
 ['16' '308.12781169927797' 'marauded']
 ['5' '313.7738384099127' 'presentdestroyed']
 ['10' '338.4249708162538' 'present']
 ['20' '340.7567561956534' 'present']]","[['F27' '79.94771766597827' 'destroyed']
 ['F59' '90.19681157280556' 'mated']
 ['F66' '101.90054141856997' 'mated']
 ['F208' '130.96136361733963' 'mated']
 ['F112' '151.52214138176763' 'absentdestroyed']
 ['F40' '166.03727408703642' 'mated']
 ['F189' '190.15225057487504' 'mated']
 ['F108' '199.4348026206587' 'absent']
 ['F126' '203.3572203957505' 'destroyed']
 ['F188' '220.8935965295641' 'mated']
 ['F53' '237.1465137534628' 'mated']
 ['F116' '249.62350870197267' 'mated']
 ['F183' '260.0216054963126' 'mated']
 ['F67' '263.5677643787407' 'mated']
 ['F65' '293.57476869627254' 'mated']
 ['F122' '329.99428032061536' 'mated']]",565.0,68.26319276044377,13.367162267845039,1520.0,255.00616623471154,53.751275881391,223.0,36.90065373858187,8.096928795323572,0.0,0.0,0.0,0.0,0.0,0.0
16,0.054,11,360.25065464437307,"[['21' '4.510778845884794' 'present']
 ['21' '9.02980015239046' 'present']
 ['20' '16.17101921604905' 'present']
 ['5' '19.74665608950536' 'marauded']
 ['21' '36.730905750952786' 'present']
 ['12' '48.196903885481234' 'present']
 ['10' '65.08111144692481' 'present']
 ['12' '65.31718834937392' 'present']
 ['12' '105.85585701034952' 'present']
 ['12' '107.15405766451856' 'marauded']
 ['22' '108.12704946294913' 'presentdestroyed']
 ['4' '129.96683440845592' 'present']
 ['5' '138.90890347107754' 'present']
 ['12' '167.05134066895738' 'marauded']
 ['20' '174.17006316210177' 'presentdestroyed']
 ['5' '191.7233679863965' 'present']
 ['21' '192.97175632520276' 'present']
 ['4' '197.03646299335776' 'present']
 ['21' '199.63742071819374' 'present']
 ['10' '205.63234827725512' 'marauded']
 ['5' '240.21175643134129' 'present']
 ['12' '242.3573229244698' 'present']
 ['5' '246.4542579037453' 'present']
 ['21' '251.27174522342824' 'present']
 ['12' '258.525744856169' 'present']
 ['22' '289.46712628996835' 'marauded']
 ['5' '290.77408056053883' 'presentdestroyed']
 ['21' '292.51268488850707' 'presentdestroyed']
 ['12' '332.6493046940558' 'marauded']
 ['12' '333.0713935795329' 'presentdestroyed']
 ['5' '347.4856171278369' 'present']]","[['F46' '10.724230185620348' 'mated']
 ['F70' '96.1631634654303' 'mated']
 ['F111' '98.12721086867417' 'mated']
 ['F21' '98.33928330770044' 'mated']
 ['F165' '112.98888655222682' 'destroyed']
 ['F129' '125.83639305801495' 'mated']
 ['F30' '163.7085403309607' 'mated']
 ['F198' '172.15968965885475' 'destroyed']
 ['F105' '237.00308558280187' 'mated']
 ['F125' '246.1695009377587' 'mated']
 ['F200' '248.93155147316693' 'mated']
 ['F8' '265.4578446524972' 'mated']
 ['F137' '277.6107442039259' 'mated']]",572.0,68.07831070578828,13.713618818993307,1474.0,253.39062551495329,54.12968766216947,213.0,36.672939893394705,7.904204896021474,15.0,1.5000000000000002,0.15000000000000008,82.0,0.3796296296296299,0.001757544581618654
17,0.0,16,360.0183292806881,"[['16' '18.77399588510796' 'present']
 ['10' '41.069766810155784' 'present']
 ['20' '41.375490517406725' 'present']
 ['5' '61.049261741748026' 'present']
 ['16' '67.57470179648467' 'present']
 ['10' '87.96251021817903' 'present']
 ['4' '88.86725298475403' 'present']
 ['4' '90.80405787633838' 'present']
 ['21' '108.65147655565494' 'present']
 ['12' '118.16875822258966' 'marauded']
 ['16' '138.7481389669686' 'present']
 ['10' '144.5552348081023' 'present']
 ['20' '150.54766889019382' 'present']
 ['12' '160.34090874371952' 'present']
 ['20' '170.06808525257006' 'present']
 ['20' '170.9874966920844' 'present']
 ['21' '183.45154986905925' 'present']
 ['21' '190.50478145130472' 'present']
 ['20' '190.7548791559071' 'present']
 ['16' '195.43377229794595' 'marauded']
 ['4' '198.29096880959924' 'presentdestroyed']
 ['16' '203.49940982420614' 'marauded']
 ['5' '221.00794520944146' 'present']
 ['12' '242.35269329484018' 'present']
 ['12' '261.34608219090615' 'present']
 ['20' '261.64389821275734' 'present']
 ['21' '262.8735971699136' 'present']
 ['10' '298.4143470964928' 'present']
 ['22' '321.84859315357846' 'present']
 ['20' '327.47283009454156' 'present']
 ['22' '334.70647206890237' 'present']
 ['4' '354.31574594515837' 'present']
 ['16' '357.7350400325702' 'present']
 ['10' '358.48463044244636' 'present']
 ['10' '359.5143320738399' 'present']]","[['F177' '87.83514477794877' 'mated']
 ['F48' '96.17593015199547' 'absent']
 ['F44' '96.61010390218922' 'mated']
 ['F50' '115.03572142252465' 'mated']
 ['F95' '116.90536726765133' 'mated']
 ['F169' '117.78207027461949' 'mated']
 ['F22' '145.90688499566218' 'mated']
 ['F100' '152.3230798203015' 'mated']
 ['F130' '157.61568125508973' 'mated']
 ['F133' '195.7022177315105' 'absentdestroyed']
 ['F115' '208.68624184994007' 'destroyed']
 ['F42' '227.43002967250717' 'absent']
 ['F213' '228.3524885574013' 'mated']
 ['F51' '230.40167963474613' 'mated']
 ['F36' '231.01386857342382' 'mated']
 ['F202' '248.41848681316796' 'mated']
 ['F82' '254.9237638758404' 'mated']
 ['F87' '262.37260229346674' 'mated']
 ['F172' '280.96867342986803' 'mated']
 ['F24' '300.3429117746568' 'mated']]",566.0,71.6212384028846,15.543505381182111,1590.0,270.3411403807588,58.27596178607856,110.0,18.226950441471107,3.898458446625685,0.0,0.0,0.0,0.0,0.0,0.0
18,0.0,9,360.0459302082251,"[['10' '31.24752632854079' 'marauded']
 ['22' '53.80469414324745' 'marauded']
 ['4' '58.404148871598814' 'destroyed']
 ['12' '69.39598470618121' 'present']
 ['20' '83.21115518467384' 'present']
 ['22' '123.37028514934948' 'present']
 ['12' '125.92163788435305' 'present']
 ['10' '133.71929496099654' 'present']
 ['22' '137.80208446362494' 'present']
 ['21' '152.31186787640087' 'present']
 ['16' '156.23177412459276' 'marauded']
 ['12' '156.45364272134867' 'destroyed']
 ['10' '173.89400484567525' 'present']
 ['4' '196.01473382004818' 'present']
 ['16' '199.16021085918882' 'present']
 ['22' '202.1634594863374' 'present']
 ['4' '204.17844688216314' 'present']
 ['5' '219.38960868122956' 'present']
 ['21' '227.34128568447198' 'present']
 ['10' '249.46404937279684' 'marauded']
 ['16' '251.14736433942326' 'presentdestroyed']
 ['21' '254.86488282472573' 'destroyed']
 ['22' '311.7086636240839' 'present']
 ['5' '320.73023721656745' 'present']
 ['20' '322.0380256685512' 'present']
 ['12' '339.39796098541024' 'present']
 ['5' '344.1496331514971' 'present']
 ['10' '359.5189617034696' 'present']]","[['F193' '56.19089335635548' 'destroyed']
 ['F143' '62.333117696826505' 'mated']
 ['F92' '77.55918191045575' 'mated']
 ['F111' '98.12258123904455' 'absent']
 ['F205' '116.93308613420909' 'mated']
 ['F146' '130.50420225649094' 'mated']
 ['F4' '143.9096115934256' 'mated']
 ['F61' '150.84914196017763' 'mated']
 ['F166' '158.56487425581952' 'destroyed']
 ['F30' '163.70622551614588' 'destroyed']
 ['F52' '166.85634215691064' 'absent']
 ['F118' '169.4509771904005' 'mated']
 ['F173' '179.47707587097528' 'absent']
 ['F71' '222.91133258084386' 'mated']
 ['F1' '273.99949297591525' 'mated']]",565.0,72.08073161731737,14.680122158968587,1561.0,263.41556380270214,56.21896228424596,144.0,24.695680958373682,5.40060949921232,0.0,0.0,0.0,0.0,0.0,0.0
19,0.0,9,360.22958976707145,"[['5' '0.5688957378791948' 'present']
 ['21' '3.8731274324462133' 'present']
 ['4' '6.609371089212802' 'present']
 ['20' '26.676170876906863' 'present']
 ['5' '39.478652833681885' 'present']
 ['20' '43.950544352651725' 'present']
 ['20' '43.95517398228136' 'present']
 ['21' '44.21317607944802' 'present']
 ['12' '73.98916543226416' 'present']
 ['21' '82.70450861673585' 'present']
 ['12' '101.1174027534523' 'present']
 ['22' '151.67867169418213' 'present']
 ['12' '186.7073850868782' 'present']
 ['20' '210.21563486033452' 'present']
 ['4' '212.8504731178923' 'present']
 ['5' '221.00331557981184' 'present']
 ['10' '237.0628416407813' 'present']
 ['20' '238.66511901405786' 'present']
 ['10' '239.99415773461362' 'present']
 ['4' '245.14486487783185' 'present']
 ['4' '255.89394065150412' 'present']
 ['22' '262.32083349223876' 'present']
 ['12' '272.51555229817825' 'present']
 ['4' '280.5179426730508' 'present']
 ['4' '280.6433214967814' 'marauded']
 ['21' '325.75643148841783' 'marauded']
 ['4' '342.816245649945' 'present']]","[['F121' '78.7821994397545' 'mated']
 ['F199' '140.26176927391327' 'mated']
 ['F86' '177.31404003410205' 'mated']
 ['F28' '185.9119232239553' 'mated']
 ['F160' '192.56495534231826' 'mated']
 ['F96' '217.10041144688114' 'mated']
 ['F26' '227.1419653507172' 'mated']
 ['F79' '246.4792827885776' 'absent']
 ['F180' '263.3344619907057' 'mated']
 ['F102' '272.09968659890075' 'absent']
 ['F147' '299.7627877925055' 'mated']]",564.0,70.41011722692313,14.302360538653486,1657.0,277.57261051465827,58.630890346685234,69.0,12.208493891132198,2.752752084167041,0.0,0.0,0.0,0.0,0.0,0.0
20,0.054,4,360.3697131941674,"[['21' '10.954151280406423' 'present']
 ['10' '32.19813224874112' 'present']
 ['4' '39.54285648979916' 'present']
 ['4' '63.00531969061429' 'present']
 ['22' '72.35316892208435' 'present']
 ['4' '72.64164841576475' 'present']
 ['4' '74.03004284337551' 'present']
 ['10' '89.92548183093658' 'marauded']
 ['16' '90.74068208101181' 'presentdestroyed']
 ['4' '92.02850263240137' 'presentdestroyed']
 ['21' '109.60917576795111' 'marauded']
 ['5' '130.09372567493193' 'present']
 ['10' '131.23721634867115' 'present']
 ['22' '131.54618741834034' 'present']
 ['16' '145.95481577985922' 'present']
 ['4' '153.3569255634863' 'present']
 ['21' '153.51316137600028' 'present']
 ['10' '158.2626920620751' 'present']
 ['21' '158.7524097361453' 'present']
 ['22' '162.5305444309872' 'present']
 ['12' '202.6323881983311' 'present']
 ['4' '214.0160111308613' 'marauded']
 ['16' '214.12461612997797' 'presentdestroyed']
 ['21' '218.32305186078733' 'presentdestroyed']
 ['4' '225.1370391350635' 'present']
 ['5' '243.18791501093727' 'marauded']
 ['5' '249.20873228241334' 'presentdestroyed']
 ['16' '260.6199613618005' 'present']
 ['22' '274.87018490358093' 'present']
 ['21' '277.09701103954035' 'marauded']
 ['22' '289.76732935660226' 'marauded']
 ['5' '314.7766590866977' 'present']
 ['4' '315.3632472355852' 'present']
 ['16' '347.06155672708786' 'present']]","[['F150' '96.81841354721026' 'destroyed']
 ['F186' '130.30597644005314' 'mated']
 ['F133' '195.7045325463253' 'mated']
 ['F42' '227.43234448732198' 'mated']
 ['F179' '353.45248177590565' 'mated']]",563.0,73.27385703522,16.33486602175735,1464.0,248.72847982348873,53.54220962470724,223.0,36.55405172551775,7.875696782494752,11.0,1.0999999999999999,0.11000000000000004,85.0,0.3935185185185189,0.0018218449931412877
21,0.054,11,360.42749938957695,"[['16' '3.4106494495867086' 'present']
 ['16' '17.318670093300565' 'marauded']
 ['5' '59.45567241194015' 'present']
 ['16' '68.08758594811822' 'present']
 ['5' '72.38500395234377' 'marauded']
 ['12' '115.90316442504344' 'present']
 ['10' '118.92889805271162' 'present']
 ['20' '161.58936140979125' 'present']
 ['12' '162.21194800291588' 'present']
 ['22' '173.29053142287333' 'marauded']
 ['5' '183.57167458440463' 'present']
 ['4' '187.23005142571822' 'present']
 ['10' '192.10371058764153' 'present']
 ['16' '201.7765667097755' 'present']
 ['16' '221.5982053057665' 'present']
 ['12' '265.3692967895054' 'marauded']
 ['4' '270.6431153031414' 'presentdestroyed']
 ['22' '286.49251476268114' 'present']
 ['12' '294.4087651465742' 'marauded']
 ['16' '303.7653605821793' 'present']
 ['5' '306.5872157582732' 'present']
 ['5' '334.7668445176339' 'marauded']
 ['16' '352.4522379040679' 'present']
 ['16' '358.1230718136565' 'present']]","[['F136' '70.08401967777873' 'mated']
 ['F58' '100.04026174044341' 'mated']
 ['F128' '105.19191514244159' 'mated']
 ['F99' '108.37227590526538' 'absent']
 ['F131' '124.25335509516367' 'mated']
 ['F191' '131.926579027261' 'mated']
 ['F103' '133.06522721571108' 'mated']
 ['F16' '157.58160246709' 'mated']
 ['F148' '159.38259581115545' 'mated']
 ['F138' '165.72778796861854' 'mated']
 ['F198' '172.16200447366955' 'mated']
 ['F14' '197.03297615330865' 'absent']
 ['F101' '258.5421012132915' 'mated']
 ['F43' '312.38447887083197' 'absent']
 ['F153' '340.81573307109676' 'destroyed']]",566.0,70.26152916241033,14.78828351340646,1470.0,251.5790342669819,54.115760143492224,207.0,36.31705542108382,7.9945809985834195,16.0,1.6000000000000003,0.1600000000000001,85.0,0.3935185185185189,0.0018218449931412877
22,0.054,6,360.37330158763297,"[['21' '9.922280224173486' 'marauded']
 ['4' '22.297587091164793' 'present']
 ['4' '33.98441575243272' 'marauded']
 ['10' '37.52736880584176' 'destroyed']
 ['4' '52.23624620141277' 'present']
 ['16' '64.8257653145455' 'marauded']
 ['16' '77.06804037650002' 'present']
 ['12' '84.25364906860788' 'present']
 ['12' '88.12472823593995' 'present']
 ['16' '104.19239575922836' 'present']
 ['4' '106.89909981722846' 'present']
 ['21' '114.57191099489012' 'marauded']
 ['5' '116.50305557150277' 'presentdestroyed']
 ['16' '119.98193788613308' 'presentdestroyed']
 ['4' '147.6976552084157' 'present']
 ['5' '163.4862724976163' 'present']
 ['20' '178.58508473693252' 'present']
 ['16' '205.62858022214843' 'present']
 ['21' '221.78472764653014' 'marauded']
 ['5' '226.1830248069653' 'destroyed']
 ['12' '231.63127286063136' 'marauded']
 ['4' '236.20365635369586' 'presentdestroyed']
 ['12' '243.23540178674568' 'marauded']
 ['10' '244.7158991786059' 'presentdestroyed']
 ['16' '247.1119017833859' 'presentdestroyed']
 ['4' '296.9425672336394' 'marauded']
 ['5' '309.1505606615167' 'present']
 ['5' '332.47565781406297' 'present']]","[['F193' '56.1932081711703' 'mated']
 ['F12' '110.6161086929322' 'mated']
 ['F77' '111.80856437226898' 'mated']
 ['F95' '116.90305245283652' 'destroyed']
 ['F5' '141.68872510993364' 'mated']
 ['F80' '142.02718351117105' 'mated']
 ['F112' '151.517511752138' 'absent']
 ['F104' '179.58341755278948' 'mated']
 ['F26' '227.13733572108757' 'destroyed']
 ['F213' '228.3501737425865' 'destroyed']
 ['F215' '239.128571172026' '']]",567.0,70.37139823700655,15.25322311875087,1423.0,239.0069762011566,50.86189555491243,297.0,48.85627468064685,10.346421827632659,16.0,1.6000000000000003,0.1600000000000001,90.0,0.41666666666666713,0.0019290123456790105
23,0.0,5,360.1647671021513,"[['12' '0.651776681511594' 'present']
 ['10' '5.0477340587285005' 'present']
 ['4' '10.527908157458498' 'present']
 ['12' '14.448574435080422' 'present']
 ['10' '27.000703504824283' 'present']
 ['4' '34.15193980464851' 'present']
 ['16' '36.140065302238256' 'present']
 ['22' '46.79730941229217' 'marauded']
 ['5' '50.1163878665966' 'presentdestroyed']
 ['4' '51.518773583099396' 'destroyed']
 ['10' '91.43493425323658' 'marauded']
 ['16' '92.49767714507155' 'presentdestroyed']
 ['16' '96.4659121642824' 'presentdestroyed']
 ['21' '103.26926148864142' 'present']
 ['21' '108.31066854209129' 'present']
 ['4' '150.749194501653' 'present']
 ['22' '160.60689390466254' 'marauded']
 ['20' '165.0453120956343' 'destroyed']
 ['16' '177.5112199187975' 'present']
 ['5' '217.634554666969' 'marauded']
 ['16' '235.52442428942365' 'present']
 ['4' '244.70967612630082' 'marauded']
 ['21' '264.2999670732397' 'present']
 ['10' '279.8441181580259' 'marauded']
 ['21' '304.125933075112' 'marauded']
 ['4' '315.79639670551626' 'present']
 ['10' '317.63416742107165' 'present']
 ['12' '335.1269767845487' 'present']]","[['F111' '98.12026642422974' 'destroyed']
 ['F205' '116.93077131939428' 'absent']
 ['F15' '151.4916023707142' 'mated']
 ['F30' '163.70391070133107' 'destroyed']
 ['F173' '179.4793906857901' 'mated']
 ['F75' '180.91862799508954' 'mated']
 ['F185' '188.81012692587433' 'absent']
 ['F108' '199.4371174354735' 'mated']
 ['F188' '220.89128171474928' 'destroyed']
 ['F73' '261.8497981021347' 'absent']
 ['F43' '312.3867936856468' 'mated']]",566.0,70.22797519335072,15.423577414281784,1430.0,247.45424925277868,53.59756451518334,247.0,42.52581325997507,9.236949785679307,0.0,0.0,0.0,0.0,0.0,0.0
