id,probability_maraud,successful_mating,next_foraging_time,mar_attempts,mate_attempts,foraging_events,foraging_hrs,foraging_sqhrs,staying_events,staying_hrs,staying_sqhrs,repairing_events,repairing_hrs,repairing_sqhrs,marauding_events,marauding_hrs,marauding_sqhrs,traveling_events,traveling_hrs,traveling_sqhrs
0,0.0,9,360.1471678873066,"[['6' '9.40924390326448' 'present']
 ['5' '16.29639398134188' 'present']
 ['3' '19.460907666679145' 'present']
 ['5' '29.998597872225947' 'present']
 ['7' '46.93066323488252' 'present']
 ['11' '55.044909082308536' 'present']
 ['6' '59.3785790924174' 'marauded']
 ['8' '61.24955678965692' 'presentdestroyed']
 ['7' '65.78926425884092' 'presentdestroyed']
 ['7' '83.48771743400115' 'present']
 ['7' '84.55126236005928' 'present']
 ['3' '85.49961194012587' 'present']
 ['11' '102.28150830863287' 'present']
 ['5' '104.4658891698723' 'present']
 ['7' '113.00423365988972' 'present']
 ['11' '115.07545836105567' 'marauded']
 ['8' '137.46117891482118' 'present']
 ['8' '144.34929173028243' 'present']
 ['8' '147.85339574648984' 'present']
 ['10' '153.07108193958788' 'present']
 ['7' '192.20027559249817' 'present']
 ['6' '196.24152365572937' 'present']
 ['11' '196.5623363764494' 'present']
 ['6' '209.37410820662356' 'marauded']
 ['7' '213.06439450175145' 'presentdestroyed']
 ['7' '215.5837528549754' 'presentdestroyed']
 ['5' '217.71387470760484' 'present']
 ['3' '218.87322434151542' 'present']
 ['7' '225.1280469422815' 'present']
 ['8' '226.65349253700214' 'present']
 ['6' '231.65747087197195' 'present']
 ['10' '238.62068073806708' 'present']
 ['5' '244.29921938533397' 'present']
 ['5' '245.61638614380112' 'marauded']
 ['7' '249.73175959702368' 'presentdestroyed']
 ['8' '274.0355178405874' 'marauded']
 ['3' '275.9540027512472' 'presentdestroyed']
 ['10' '279.5412687261257' 'presentdestroyed']
 ['5' '291.8259112329324' 'present']
 ['10' '292.05185433834805' 'marauded']
 ['11' '297.55438437372106' 'presentdestroyed']
 ['8' '304.156305196181' 'present']
 ['7' '304.4775942902303' 'present']
 ['3' '305.62655945848' 'marauded']
 ['3' '314.8282763418494' 'present']
 ['6' '315.0028601351923' 'present']
 ['7' '324.4200217191663' 'present']
 ['6' '339.8581376758919' 'present']
 ['10' '347.1638657726992' 'present']
 ['3' '351.2133361583524' 'marauded']]","[['F11' '27.909188503460424' 'absent']
 ['F31' '42.714285500747884' 'mated']
 ['F16' '43.80112469524802' 'mated']
 ['F47' '54.31739582130196' 'mated']
 ['F79' '89.78688106947355' 'mated']
 ['F74' '97.42864029302592' 'mated']
 ['F8' '109.18069046046959' 'absent']
 ['F52' '136.1521939846901' 'absent']
 ['F61' '139.8876800404451' 'mated']
 ['F85' '159.34642467334413' 'absent']
 ['F13' '184.99076851655133' 'mated']
 ['F91' '211.74582044399133' 'destroyed']
 ['F78' '225.83896696134235' 'mated']
 ['F9' '228.21637612885084' 'mated']
 ['F29' '245.64697338578247' 'absentdestroyed']
 ['F33' '250.82540601207603' 'absentdestroyed']
 ['F63' '253.38100483453815' 'absentdestroyed']
 ['F35' '254.14103439857033' 'absent']]",565.0,65.68959937031971,12.548278871271997,1469.0,245.68082413074066,51.90584544967846,289.0,48.755196981151514,10.66908552109657,0.0,0.0,0.0,0.0,0.0,0.0
1,0.0,7,360.2575785440254,"[['11' '28.43189968173339' 'present']
 ['7' '31.22548765443214' 'present']
 ['3' '44.74942593298658' 'present']
 ['6' '57.189232787709194' 'present']
 ['7' '60.27230882933166' 'present']
 ['10' '69.00222730956945' 'present']
 ['11' '76.95751679688344' 'present']
 ['11' '79.22682382800151' 'present']
 ['11' '79.27312012429782' 'present']
 ['8' '94.94602846757799' 'present']
 ['11' '99.29084313662203' 'marauded']
 ['8' '115.92363141235596' 'present']
 ['8' '121.08902395086523' 'marauded']
 ['6' '128.31391525682898' 'present']
 ['11' '130.91896016826766' 'present']
 ['10' '132.68649591190768' 'present']
 ['6' '133.42583723825896' 'present']
 ['11' '146.30382990682872' 'present']
 ['10' '148.47570858441964' 'marauded']
 ['3' '154.54857604279414' 'presentdestroyed']
 ['6' '157.30898461800396' 'marauded']
 ['5' '164.07132728172212' 'presentdestroyed']
 ['5' '172.9166520575273' 'present']
 ['8' '177.73966138909344' 'present']
 ['6' '177.95599567347966' 'present']
 ['5' '181.0075070299496' 'present']
 ['11' '206.9553996094083' 'present']
 ['6' '215.02663073021344' 'present']
 ['10' '224.45678259558096' 'marauded']
 ['3' '260.8144655590804' 'present']
 ['10' '261.782847893464' 'present']
 ['3' '265.1107582211346' 'present']
 ['8' '268.14085218752723' 'marauded']
 ['8' '284.90397935755124' 'present']
 ['8' '322.74407748215856' 'present']
 ['11' '324.3935365671981' 'marauded']
 ['8' '324.5664594368243' 'presentdestroyed']
 ['10' '351.28929622649514' 'present']
 ['11' '351.91881329058884' 'present']
 ['8' '353.4543902057295' 'present']]","[['F22' '18.273332503157516' 'mated']
 ['F87' '110.74579995203166' 'mated']
 ['F6' '113.7632535863675' 'mated']
 ['F36' '149.20888617034475' 'absentdestroyed']
 ['F40' '214.57754081939345' 'mated']
 ['F44' '221.20488500235672' 'mated']
 ['F104' '234.30440850502637' 'mated']
 ['F43' '251.4060214482118' 'absent']
 ['F63' '253.35785668639' 'absent']
 ['F29' '257.80901042281954' 'absent']
 ['F97' '258.7436658956921' 'mated']]",570.0,71.99967541165203,15.464433421710599,1460.0,245.22271501209386,52.53015495007815,256.0,42.96669964445376,9.040482459009286,0.0,0.0,0.0,0.0,0.0,0.0
2,0.0,9,360.2689160578971,"[['7' '1.474051275389561' 'present']
 ['11' '5.888925931897504' 'marauded']
 ['7' '6.0272157208124915' 'presentdestroyed']
 ['6' '12.71703008697849' 'destroyed']
 ['5' '22.919088091917803' 'present']
 ['3' '23.660385092990982' 'present']
 ['6' '26.2893147926286' 'present']
 ['6' '26.335611088924896' 'marauded']
 ['7' '28.152907400452296' 'presentdestroyed']
 ['5' '29.543193587293636' 'destroyed']
 ['6' '35.47946406127334' 'marauded']
 ['11' '53.20627902423403' 'present']
 ['7' '61.49043534761246' 'present']
 ['10' '72.34648517893362' 'marauded']
 ['11' '84.79424761161818' 'present']
 ['5' '108.19466939139669' 'present']
 ['3' '113.86828834966238' 'present']
 ['11' '124.0125452633435' 'present']
 ['11' '129.18437664922916' 'present']
 ['10' '135.52884555861334' 'present']
 ['8' '144.08393889864908' 'present']
 ['11' '156.26532630068607' 'present']
 ['3' '163.93010225453438' 'present']
 ['10' '184.04395697402066' 'marauded']
 ['11' '190.74707819747593' 'destroyed']
 ['6' '197.9909207511728' 'marauded']
 ['6' '202.89812552864996' 'presentdestroyed']
 ['6' '205.8812720543127' 'present']
 ['8' '211.5328927717431' 'marauded']
 ['7' '225.81828613250568' 'present']
 ['7' '226.35733688480877' 'present']
 ['7' '230.71413267520222' 'present']
 ['3' '232.50746285351912' 'marauded']
 ['3' '237.74150237145193' 'presentdestroyed']
 ['6' '240.62418778512836' 'marauded']
 ['8' '242.68178851329506' 'presentdestroyed']
 ['7' '247.72152815427756' 'present']
 ['7' '253.88827672132783' 'marauded']
 ['11' '255.75783205297813' 'presentdestroyed']
 ['6' '257.79894744966276' 'destroyed']
 ['10' '275.35511477865174' 'present']
 ['10' '280.00618485116144' 'present']
 ['10' '301.5406770664093' 'present']
 ['10' '301.5869733627056' 'present']
 ['6' '303.88304426464833' 'present']
 ['5' '317.6609366744192' 'present']
 ['6' '320.04934027008767' 'marauded']
 ['7' '345.7852700471645' 'marauded']
 ['5' '350.4629103517506' 'presentdestroyed']]","[['F31' '42.69113735259974' 'destroyed']
 ['F75' '65.05076824649304' 'mated']
 ['F88' '79.83723047707551' '']
 ['F24' '83.18796101870342' 'mated']
 ['F105' '88.30472771411584' 'mated']
 ['F14' '106.88280037956692' 'mated']
 ['F8' '109.20383860861774' 'mated']
 ['F65' '149.61185883966016' 'absent']
 ['F84' '157.7393099775186' 'mated']
 ['F19' '210.26864763094275' 'absent']
 ['F19' '210.3380920753872' 'absent']
 ['F92' '220.070545133479' 'mated']
 ['F18' '254.98482933238546' 'destroyed']
 ['F29' '257.7858622746714' 'absentdestroyed']
 ['F68' '260.65843133926626' 'destroyed']
 ['F101' '287.1540056655471' 'mated']
 ['F57' '313.31831216587904' 'mated']
 ['F99' '318.392981426537' 'absent']]",563.0,68.15098355812522,14.1137248342939,1290.0,218.3572563158518,46.96094711192951,430.0,73.7582329933863,16.273487151227126,0.0,0.0,0.0,0.0,0.0,0.0
3,0.054,10,360.1003760796451,"[['6' '0.42970873411650856' 'present']
 ['5' '7.809116679081691' 'present']
 ['7' '12.36527090350209' 'present']
 ['10' '43.70585845865934' 'present']
 ['5' '47.54337817837645' 'present']
 ['5' '52.36973281769417' 'present']
 ['6' '58.396088608148965' 'marauded']
 ['6' '60.53160319357829' 'destroyed']
 ['10' '60.64611517315065' 'presentdestroyed']
 ['10' '70.059097236164' 'present']
 ['8' '75.54276257548182' 'marauded']
 ['11' '84.01892156045868' 'present']
 ['11' '84.84054390791448' 'present']
 ['8' '92.97398831712559' 'present']
 ['10' '94.4124950158483' 'present']
 ['6' '95.16241498266847' 'marauded']
 ['11' '96.24359780231049' 'destroyed']
 ['8' '99.6546274767443' 'presentdestroyed']
 ['5' '112.30928904976176' 'present']
 ['6' '119.7143734979752' 'present']
 ['5' '136.65844898021865' 'present']
 ['11' '146.8120311827155' 'present']
 ['6' '147.3205805429029' 'present']
 ['10' '157.15042443686113' 'present']
 ['11' '165.55286034246723' 'present']
 ['7' '166.17003398991054' 'present']
 ['11' '185.10614648420838' 'marauded']
 ['11' '193.60665468144887' 'marauded']
 ['7' '202.73388989133193' 'present']
 ['11' '203.12769502699587' 'present']
 ['10' '206.07973399675134' 'present']
 ['5' '210.8201751599901' 'marauded']
 ['10' '252.24434915894957' 'present']
 ['5' '271.7117758197918' 'present']
 ['11' '278.16885046572384' 'present']
 ['7' '286.90624726144057' 'marauded']
 ['11' '292.4372926260082' 'destroyed']
 ['7' '304.23066420865763' 'present']
 ['5' '310.4067754933187' 'present']
 ['7' '341.7457726627027' 'present']
 ['10' '348.3843967658521' 'present']
 ['11' '355.49079690826244' 'present']]","[['F60' '37.65464110046485' 'mated']
 ['F53' '63.528103691335055' 'destroyed']
 ['F5' '105.52810305644353' 'mated']
 ['F0' '116.25777772412258' 'mated']
 ['F84' '157.71616182937044' 'absent']
 ['F3' '157.84562532191907' 'mated']
 ['F23' '182.9951698729503' 'mated']
 ['F13' '184.96762036840317' 'absent']
 ['F48' '200.85143926234912' 'absent']
 ['F56' '210.55912970716557' 'mated']
 ['F91' '211.72267229584318' 'destroyed']
 ['F33' '250.77910971577973' 'absent']
 ['F43' '251.42916959635994' 'mated']
 ['F15' '271.10989716546953' 'mated']
 ['F99' '318.41612957468516' 'mated']
 ['F42' '354.1119660257867' 'mated']]",571.0,69.1016199064743,13.699324381794641,1465.0,243.5476052854625,51.64802914092024,254.0,42.64782579362267,9.23505616815198,12.0,1.2,0.12000000000000005,81.0,3.749999999999999,0.1736111111111109
4,0.0,11,360.1086970576771,"[['11' '2.5207742224272147' 'present']
 ['3' '21.984400347545368' 'present']
 ['6' '32.205461177803045' 'present']
 ['11' '35.42777075678369' 'present']
 ['7' '47.406160943541344' 'present']
 ['6' '51.38140645785991' 'present']
 ['3' '125.06263601254817' 'marauded']
 ['11' '126.80155331850177' 'presentdestroyed']
 ['8' '128.1222008624784' 'presentdestroyed']
 ['3' '131.24751681326845' 'presentdestroyed']
 ['11' '131.6080719265997' 'presentdestroyed']
 ['8' '138.16788692680373' 'present']
 ['7' '141.47076917199215' 'present']
 ['8' '143.39894244456033' 'present']
 ['10' '147.0923187198631' 'present']
 ['5' '150.30681998326835' 'present']
 ['5' '154.6679459172059' 'present']
 ['3' '161.49573220964683' 'present']
 ['7' '181.263818019313' 'present']
 ['5' '187.97536782336505' 'present']
 ['5' '190.2720454897711' 'marauded']
 ['8' '198.07846582886927' 'marauded']
 ['3' '206.402692443537' 'present']
 ['3' '207.46559789953704' 'present']
 ['11' '208.40592364348805' 'present']
 ['3' '225.39983923735855' 'marauded']
 ['6' '231.70376716826826' 'presentdestroyed']
 ['6' '232.7978323866972' 'present']
 ['10' '240.60589938006495' 'present']
 ['10' '240.73087693518607' 'present']
 ['10' '245.69529354858506' 'marauded']
 ['10' '272.5128950515746' 'present']
 ['6' '276.2486558316999' 'present']
 ['6' '280.32649403841083' 'present']
 ['6' '288.66328089837026' 'present']
 ['5' '293.6665676178616' 'present']
 ['10' '314.5466677770737' 'present']
 ['10' '321.6596104092289' 'present']
 ['5' '322.24270290407884' 'marauded']
 ['7' '324.0692215504507' 'destroyed']
 ['5' '327.734306981114' 'presentdestroyed']
 ['8' '354.580047424496' 'present']
 ['11' '354.9283591708427' 'present']]","[['F31' '42.667989204451594' 'absent']
 ['F17' '49.07713689991049' 'absent']
 ['F17' '49.14658134435493' 'absent']
 ['F46' '58.55580895852743' 'absent']
 ['F72' '81.74735575926998' 'mated']
 ['F73' '137.66607404597224' 'absent']
 ['F65' '149.6350069878083' 'mated']
 ['F55' '171.839528754448' 'mated']
 ['F98' '173.93719558762092' 'mated']
 ['F93' '177.29264415012022' 'mated']
 ['F27' '209.19462200085255' 'mated']
 ['F7' '234.26604560852587' 'mated']
 ['F29' '245.73956597837508' 'absentdestroyed']
 ['F33' '250.80225786392788' 'destroyed']
 ['F35' '254.16418254671848' 'mated']
 ['F50' '256.344832262438' 'mated']
 ['F97' '258.72051774754397' 'absent']
 ['F68' '260.61213504296995' 'absent']
 ['F1' '300.5340883124489' 'mated']
 ['F10' '346.12265883029545' 'mated']]",579.0,70.68965782873082,14.913700896961274,1512.0,252.66263243213842,52.95757054666215,220.0,36.78764208110704,7.804189364791883,0.0,0.0,0.0,0.0,0.0,0.0
5,0.054,10,360.3920189790307,"[['8' '4.645523415606726' 'present']
 ['8' '4.958339843647625' 'present']
 ['3' '29.13562868000492' 'present']
 ['7' '29.708525274643396' 'present']
 ['6' '31.520273361272793' 'marauded']
 ['3' '38.53876275807459' 'presentdestroyed']
 ['10' '54.17471641089124' 'present']
 ['7' '62.63845701560696' 'present']
 ['7' '68.09674292162686' 'present']
 ['11' '90.66825531718449' 'present']
 ['10' '98.3083013296492' 'present']
 ['10' '106.22792165986777' 'present']
 ['10' '113.00411428149519' 'present']
 ['11' '116.57551466297767' 'marauded']
 ['3' '127.27647597949328' 'present']
 ['11' '128.99449011005177' 'present']
 ['11' '129.2387609253969' 'marauded']
 ['8' '131.14444200067257' 'presentdestroyed']
 ['7' '138.06145534943937' 'present']
 ['8' '143.80971492057307' 'present']
 ['10' '147.20231154057947' 'present']
 ['11' '149.713019528072' 'present']
 ['7' '155.76939730649426' 'present']
 ['10' '159.18054272404174' 'present']
 ['7' '161.6452842570956' 'present']
 ['11' '174.5988461500246' 'present']
 ['8' '184.9634094025251' 'present']
 ['11' '206.13197099306493' 'present']
 ['10' '215.59865599464754' 'present']
 ['7' '226.63074440313758' 'present']
 ['11' '232.1403686884098' 'marauded']
 ['8' '238.00450002991127' 'destroyed']
 ['7' '257.49281242319654' 'marauded']
 ['8' '281.6580251217958' 'present']
 ['3' '281.8663696575098' 'present']
 ['11' '283.448666763633' 'present']
 ['6' '287.1716421812615' 'present']
 ['6' '287.2179384775578' 'present']
 ['8' '292.59504784846035' 'present']
 ['10' '308.0926084816095' 'present']
 ['3' '313.47598144064256' 'present']
 ['7' '323.3860089326058' 'present']
 ['6' '335.71803995288747' 'marauded']
 ['10' '346.24717082720593' 'present']
 ['8' '351.2755052112088' 'present']
 ['8' '353.4080939094332' 'present']]","[['F89' '59.31642234608004' 'mated']
 ['F96' '69.9861270102416' 'mated']
 ['F88' '79.86037862522366' 'mated']
 ['F77' '86.96117064545147' 'mated']
 ['F102' '94.66670049894697' 'mated']
 ['F52' '136.12904583654193' 'destroyed']
 ['F76' '140.09692789041077' 'mated']
 ['F32' '145.43798255918352' 'mated']
 ['F19' '210.36124022353536' 'mated']
 ['F81' '244.3045383728855' 'absent']
 ['F26' '245.5406477068739' 'mated']
 ['F43' '251.35972515191548' 'absent']
 ['F18' '254.9616811842373' 'absent']
 ['F4' '256.84161974587573' 'mated']]",567.0,69.56426277531794,14.141042930754942,1484.0,249.12488251387674,52.6822623416281,218.0,36.25849735476717,7.642441068644479,16.0,1.6000000000000003,0.1600000000000001,75.0,3.4722222222222214,0.16075102880658423
6,0.054,11,360.65959556497296,"[['7' '5.183339774614903' 'present']
 ['7' '8.43518116247672' 'present']
 ['5' '15.158011884850438' 'present']
 ['5' '21.43296433152915' 'present']
 ['7' '23.37362450638177' 'present']
 ['3' '41.377453775549604' 'present']
 ['3' '43.09328657524929' 'marauded']
 ['3' '44.538862778535155' 'presentdestroyed']
 ['10' '45.46294074544654' 'destroyed']
 ['3' '49.68835871362565' 'presentdestroyed']
 ['3' '56.565378815694864' 'present']
 ['8' '57.68228790208004' 'present']
 ['10' '65.10835127307107' 'present']
 ['8' '103.41556260673565' 'marauded']
 ['5' '106.5720525505216' 'presentdestroyed']
 ['11' '107.34844630452889' 'presentdestroyed']
 ['7' '114.41931008714964' 'present']
 ['7' '123.08372869414923' 'present']
 ['3' '124.54696319649793' 'present']
 ['11' '141.81446249131287' 'present']
 ['8' '142.91994335250405' 'present']
 ['8' '146.67620286305936' 'present']
 ['3' '152.71772676901108' 'present']
 ['10' '157.49882204501185' 'present']
 ['7' '161.0892209270921' 'marauded']
 ['5' '164.80807206624817' 'presentdestroyed']
 ['8' '164.82780142972743' 'presentdestroyed']
 ['11' '177.1269031097881' 'present']
 ['8' '177.3024557720269' 'present']
 ['8' '178.50475163090553' 'present']
 ['7' '194.08533943367257' 'present']
 ['7' '194.80721452748844' 'present']
 ['8' '195.1198834283633' 'present']
 ['8' '195.52111601155343' 'present']
 ['8' '206.78996438544849' 'present']
 ['10' '212.6259896146772' 'present']
 ['5' '214.86242015545108' 'present']
 ['8' '219.52021719803238' 'present']
 ['8' '220.16515215578744' 'present']
 ['8' '220.55796474224312' 'marauded']
 ['3' '221.33965894421758' 'presentdestroyed']
 ['3' '224.88740170900198' 'presentdestroyed']
 ['11' '231.45398742128182' 'present']
 ['10' '243.40919511212977' 'marauded']
 ['7' '248.6878003630633' 'destroyed']
 ['7' '249.50611551341905' 'presentdestroyed']
 ['10' '253.5894300999078' 'present']
 ['5' '267.12874127027555' 'present']
 ['3' '268.5300853978517' 'present']
 ['7' '268.9937767082242' 'present']
 ['11' '280.4271791088653' 'present']
 ['11' '289.8968184974887' 'present']
 ['7' '296.08674632761193' 'marauded']
 ['7' '304.431297993934' 'present']
 ['11' '304.91959032528865' 'marauded']
 ['10' '307.0599236444772' 'presentdestroyed']
 ['3' '312.8739397943436' 'present']
 ['7' '342.8638698835576' 'present']
 ['5' '343.0595425092451' 'marauded']
 ['5' '346.6952983310943' 'presentdestroyed']
 ['5' '350.5092066480469' 'present']]","[['F17' '49.12343319620678' 'destroyed']
 ['F12' '125.84301556251185' 'mated']
 ['F85' '159.36957282149228' 'mated']
 ['F83' '179.37573958976307' 'mated']
 ['F94' '185.33010524038215' 'mated']
 ['F66' '189.71063568199085' 'mated']
 ['F28' '196.61333994945872' 'mated']
 ['F48' '200.87458741049727' 'mated']
 ['F2' '206.1679470392989' 'mated']
 ['F18' '255.0079774805336' 'mated']
 ['F50' '256.32168411428984' 'absent']
 ['F68' '260.6815794874144' 'mated']
 ['F54' '276.5517550322961' 'mated']]",557.0,72.57554758799668,15.941096411338261,1392.0,232.92838967103557,48.81469554339248,283.0,49.147572737237,10.933445876207761,16.0,1.6000000000000003,0.1600000000000001,81.0,3.749999999999999,0.1736111111111109
7,0.054,10,360.2349863651989,"[['3' '11.517882514104096' 'present']
 ['6' '14.674090853694533' 'present']
 ['6' '19.59616981168793' 'present']
 ['6' '32.251757474099335' 'present']
 ['6' '32.298053770395626' 'present']
 ['6' '42.10988414707836' 'present']
 ['8' '47.863054422084666' 'present']
 ['5' '50.5045225686746' 'marauded']
 ['11' '51.5296909626934' 'presentdestroyed']
 ['11' '55.33197274467549' 'presentdestroyed']
 ['10' '59.46691027054361' 'present']
 ['5' '63.67884231065565' 'present']
 ['3' '85.93104863247082' 'marauded']
 ['5' '103.28441836679244' 'marauded']
 ['5' '106.61834884681791' 'presentdestroyed']
 ['3' '114.68471010901358' 'present']
 ['3' '139.43397056935197' 'present']
 ['3' '148.710312029174' 'present']
 ['5' '155.63762733241686' 'present']
 ['11' '159.83591990938058' 'present']
 ['3' '169.4533739479742' 'present']
 ['8' '169.8591490267108' 'marauded']
 ['3' '173.66904925403693' 'presentdestroyed']
 ['10' '175.00080153867424' 'destroyed']
 ['3' '178.10049644593886' 'present']
 ['8' '181.17891022991512' 'present']
 ['8' '214.45857053872467' 'present']
 ['11' '224.6012868883466' 'present']
 ['8' '229.92549041983034' 'present']
 ['8' '231.32466563875658' 'marauded']
 ['8' '251.34676898695656' 'present']
 ['3' '256.3049093943289' 'present']
 ['10' '257.71050088471355' 'present']
 ['11' '260.0816896850726' 'present']
 ['6' '267.0132947687684' 'present']
 ['3' '274.2946307273784' 'present']
 ['3' '275.55543669387083' 'marauded']
 ['8' '276.8985655456226' 'presentdestroyed']
 ['8' '283.64261856145816' 'present']
 ['8' '284.1733847314389' 'present']
 ['11' '287.0026598687586' 'marauded']
 ['10' '288.30528057870305' 'destroyed']
 ['8' '295.94464147164757' 'present']
 ['8' '298.4767228805852' 'present']
 ['5' '301.89361600542304' 'present']
 ['5' '310.453071789615' 'present']
 ['10' '312.7066923772007' 'marauded']
 ['3' '314.9464200661301' 'presentdestroyed']
 ['6' '318.3002103415925' 'presentdestroyed']
 ['3' '328.03179599809715' 'present']
 ['6' '329.4827179887355' 'present']
 ['6' '339.9044339721882' 'present']
 ['6' '353.52971443308553' 'present']
 ['10' '357.1537358675472' 'present']]","[['F11' '27.932336651608573' 'absent']
 ['F47' '54.29424767315381' 'destroyed']
 ['F53' '63.5512518394832' 'mated']
 ['F41' '76.34762882830236' 'mated']
 ['F5' '105.50495490829537' 'destroyed']
 ['F52' '136.17534213283824' 'mated']
 ['F36' '149.25518246664106' 'mated']
 ['F65' '149.588710691512' 'absent']
 ['F64' '155.40021997289514' 'mated']
 ['F91' '211.7689685921395' 'mated']
 ['F29' '245.71641783022693' 'absent']
 ['F58' '246.1832637260656' 'mated']
 ['F15' '271.0404527210251' 'absent']
 ['F15' '271.0867490173214' 'absent']
 ['F20' '283.89096334336244' 'mated']
 ['F69' '301.7439104798196' 'mated']
 ['F57' '313.2951640177309' 'destroyed']
 ['F67' '352.5323348874059' 'mated']]",563.0,70.09080800595572,13.531398434554783,1376.0,235.91098166052552,51.33571565124521,304.0,48.73449944161788,10.085626892254501,14.0,1.4000000000000001,0.14000000000000007,89.0,4.12037037037037,0.19075788751714648
8,0.054,7,360.0421378075271,"[['5' '2.1323684109777044' 'present']
 ['3' '11.371586217807799' 'marauded']
 ['7' '11.746531212607803' 'presentdestroyed']
 ['3' '20.022289231195497' 'present']
 ['5' '24.416571731402037' 'marauded']
 ['7' '39.57077612153165' 'present']
 ['10' '48.244161309099354' 'marauded']
 ['3' '57.795459991139715' 'present']
 ['10' '67.69390146572009' 'present']
 ['10' '84.9401273448711' 'marauded']
 ['10' '89.98886722105367' 'presentdestroyed']
 ['5' '100.89822387359483' 'present']
 ['3' '117.7861011342881' 'present']
 ['11' '118.11743114993583' 'present']
 ['11' '139.23384710425668' 'present']
 ['7' '140.35605406744057' 'present']
 ['5' '155.4160384912938' 'marauded']
 ['6' '176.0953867959037' 'present']
 ['5' '177.34610991418404' 'present']
 ['10' '195.59693541425395' 'present']
 ['3' '202.28255225067704' 'present']
 ['7' '202.68759359503562' 'present']
 ['7' '205.72005905655405' 'present']
 ['7' '212.63118423533192' 'present']
 ['3' '243.13402993869488' 'marauded']
 ['10' '280.8022471021955' 'present']
 ['11' '283.0918518024399' 'present']
 ['10' '291.24192370269935' 'present']
 ['3' '295.7983078604853' 'present']
 ['5' '309.6992722706699' 'marauded']
 ['3' '318.958305772678' 'present']
 ['5' '330.34724263042386' 'marauded']
 ['6' '336.860163042378' 'presentdestroyed']
 ['7' '349.1683373534469' 'present']]","[['F17' '49.10028504805864' 'absentdestroyed']
 ['F49' '111.50413671013638' 'mated']
 ['F103' '115.99643037295368' 'mated']
 ['F38' '128.52585433406264' 'mated']
 ['F25' '153.98069125289095' 'mated']
 ['F45' '154.00622351765492' 'mated']
 ['F84' '157.69301368122228' 'destroyed']
 ['F85' '159.32327652519598' 'absentdestroyed']
 ['F90' '169.77049335754916' 'mated']
 ['F98' '173.91404743947277' 'absent']
 ['F27' '209.1714738527044' 'absent']
 ['F19' '210.31494392723906' 'absent']
 ['F81' '244.28139022473735' 'destroyed']
 ['F29' '257.76271412652324' 'absent']
 ['F59' '326.13371997328846' 'mated']]",574.0,72.41253994225018,14.884082701730785,1374.0,233.35679705230083,49.78502339994671,304.0,49.24103608542845,10.456500591391977,14.0,1.4000000000000001,0.14000000000000007,79.0,3.6574074074074066,0.16932441700960202
9,0.0,11,360.2030947912702,"[['7' '12.737904565948005' 'present']
 ['3' '13.833763161579196' 'present']
 ['7' '18.95046936929591' 'present']
 ['3' '22.597709714794203' 'present']
 ['7' '29.98543698265747' 'present']
 ['7' '34.683310193752384' 'marauded']
 ['11' '36.65100539031494' 'presentdestroyed']
 ['7' '42.51693283565853' 'present']
 ['8' '42.523076016987204' 'present']
 ['3' '44.90652760146089' 'present']
 ['10' '49.81735142197323' 'marauded']
 ['6' '61.11889647515641' 'present']
 ['8' '65.92722751025981' 'present']
 ['6' '77.28385424819993' 'present']
 ['6' '80.60219332826274' 'present']
 ['6' '83.0354778603354' 'present']
 ['3' '85.05563903250444' 'marauded']
 ['6' '97.88540294738223' 'present']
 ['11' '104.99482222373871' 'present']
 ['5' '108.24096568769299' 'marauded']
 ['11' '111.94357128435762' 'destroyed']
 ['7' '121.00898206559978' 'present']
 ['5' '125.37948137298629' 'present']
 ['6' '134.18409463382744' 'present']
 ['11' '143.31310966265409' 'present']
 ['10' '152.4023853716778' 'present']
 ['10' '153.38153114559168' 'present']
 ['5' '153.80177672579134' 'marauded']
 ['5' '155.36974219499749' 'presentdestroyed']
 ['7' '164.783416908396' 'marauded']
 ['11' '167.86828985147372' 'presentdestroyed']
 ['11' '170.03510463823122' 'presentdestroyed']
 ['3' '177.27732723722306' 'present']
 ['6' '178.1659724003413' 'present']
 ['11' '181.8120110554878' 'present']
 ['6' '183.20391793341025' 'present']
 ['5' '184.59741404568018' 'present']
 ['6' '190.23478546307322' 'present']
 ['11' '198.87638878984575' 'present']
 ['7' '206.5128067633978' 'present']
 ['6' '207.74974727925184' 'present']
 ['7' '213.11069079804776' 'present']
 ['10' '220.51227015857302' 'present']
 ['8' '223.07914616323404' 'marauded']
 ['6' '232.0908810316711' 'present']
 ['6' '264.9709775694504' 'present']
 ['7' '266.7591708703725' 'present']
 ['3' '270.5059562555249' 'present']
 ['6' '277.14067953597396' 'present']
 ['6' '280.48489067987356' 'present']
 ['3' '314.7296153037775' 'present']
 ['8' '319.0620439349636' 'present']
 ['6' '319.27398654227136' 'marauded']
 ['6' '329.26614577382253' 'present']
 ['10' '348.8651534965606' 'present']
 ['10' '353.6944444239322' 'marauded']]","[['F17' '49.16972949250307' 'mated']
 ['F46' '58.578957106675574' 'mated']
 ['F95' '101.92078780355362' 'mated']
 ['F51' '117.83311852890185' 'mated']
 ['F73' '137.6892221941204' 'mated']
 ['F70' '152.04604468498408' 'mated']
 ['F100' '179.19118212200357' 'mated']
 ['F107' '191.51591594452125' 'mated']
 ['F106' '215.498030955846' 'mated']
 ['F81' '244.32768652103366' 'mated']
 ['F43' '251.38287330006364' 'absent']
 ['F15' '271.06360086917323' 'absent']
 ['F30' '308.121932097877' 'mated']]",571.0,71.24029733149256,15.353072011822322,1370.0,234.73343152049677,50.660696744196905,308.0,54.10258631012445,11.847263785127852,0.0,0.0,0.0,0.0,0.0,0.0
10,0.054,7,360.68305360376513,"[['11' '5.087152933395444' 'marauded']
 ['6' '8.69074471909004' 'destroyed']
 ['3' '13.630012975994708' 'present']
 ['5' '17.900483081305158' 'present']
 ['7' '18.34975583958587' 'marauded']
 ['7' '29.079286529574777' 'marauded']
 ['7' '32.172893439090764' 'presentdestroyed']
 ['5' '52.13699957027032' 'present']
 ['11' '57.37292186839495' 'present']
 ['5' '72.39186520848706' 'marauded']
 ['6' '75.03894283357936' 'presentdestroyed']
 ['7' '84.0417475148525' 'present']
 ['5' '102.58822178235395' 'present']
 ['8' '117.90486834300415' 'marauded']
 ['5' '137.07179502173938' 'marauded']
 ['5' '137.2621895494311' 'presentdestroyed']
 ['6' '143.38109958984447' 'presentdestroyed']
 ['7' '162.98761604303846' 'present']
 ['5' '172.03160655538497' 'present']
 ['11' '181.98773988851926' 'present']
 ['5' '186.25860553824864' 'marauded']
 ['11' '193.94852778113363' 'present']
 ['8' '203.4273105957583' 'present']
 ['7' '217.09411473057995' 'present']
 ['7' '227.92524993245485' 'marauded']
 ['8' '230.8172977221654' 'presentdestroyed']
 ['5' '243.03163370737937' 'present']
 ['5' '252.95181799213583' 'present']
 ['7' '264.4089730208581' 'marauded']
 ['8' '271.95742842569535' 'destroyed']
 ['3' '272.01858457027646' 'presentdestroyed']
 ['11' '278.5249189513985' 'present']
 ['7' '285.679622516077' 'present']
 ['5' '287.09485250770194' 'present']
 ['3' '312.26013894974835' 'present']
 ['5' '313.9883281261711' 'present']
 ['3' '339.27854369145666' 'present']]","[['F21' '26.903286333533767' 'mated']
 ['F16' '43.777976547099875' 'absent']
 ['F36' '149.2320343184929' 'absent']
 ['F45' '153.98307536950676' 'absent']
 ['F34' '169.59469622666623' 'mated']
 ['F55' '171.81638060629984' 'absent']
 ['F39' '208.65969769388693' 'mated']
 ['F29' '245.69326968207878' 'absent']
 ['F63' '253.4041529826863' 'mated']
 ['F68' '260.6352831911181' 'absent']
 ['F37' '285.4977922836032' 'mated']
 ['F82' '292.37828135773486' 'mated']
 ['F71' '315.7156291972435' 'mated']]",572.0,73.21048668392258,14.816205999432778,1324.0,227.32419120784303,49.253884916956544,319.0,54.9438979752676,11.888081264257664,13.0,1.3,0.13000000000000006,75.0,3.4722222222222214,0.16075102880658423
11,0.054,6,360.2911327552985,"[['6' '16.02570215569244' 'marauded']
 ['7' '41.977131314922765' 'marauded']
 ['8' '44.744694830786436' 'presentdestroyed']
 ['6' '57.94467492042842' 'present']
 ['6' '64.99222932792004' 'present']
 ['6' '66.73716465239738' 'marauded']
 ['7' '71.51927643464214' 'presentdestroyed']
 ['5' '77.5256980336346' 'present']
 ['5' '96.81737876536297' 'present']
 ['10' '102.44139350263198' 'present']
 ['6' '131.2356612366825' 'present']
 ['8' '131.99609581202853' 'present']
 ['8' '142.62019127527049' 'present']
 ['3' '148.86207862276004' 'present']
 ['3' '153.89431555178666' 'present']
 ['6' '154.0895595912021' 'present']
 ['8' '168.121096493464' 'present']
 ['3' '169.24794178614013' 'present']
 ['8' '171.3859365629324' 'present']
 ['7' '179.42230241747183' 'present']
 ['8' '209.0475801429551' 'marauded']
 ['10' '212.44611357305425' 'presentdestroyed']
 ['5' '216.0690462846136' 'present']
 ['6' '229.60489399837618' 'present']
 ['6' '241.75984085117918' 'marauded']
 ['3' '242.83546052041658' 'destroyed']
 ['5' '255.23508229372047' 'present']
 ['10' '262.180238234014' 'present']
 ['3' '267.02020686642277' 'present']
 ['7' '269.19839334163623' 'marauded']
 ['8' '281.9798630992822' 'present']
 ['3' '283.52699265230916' 'present']
 ['10' '295.71896806203335' 'present']
 ['7' '297.29240018372553' 'present']
 ['10' '306.89337034609366' 'marauded']
 ['10' '311.87528005405426' 'presentdestroyed']
 ['10' '313.35040482167966' 'presentdestroyed']
 ['8' '317.7701334001281' 'present']
 ['3' '325.81455592838694' 'marauded']
 ['3' '335.28378054125017' 'present']
 ['3' '339.96377152198966' 'present']
 ['8' '340.17032080461195' 'marauded']
 ['5' '352.8465028898253' 'present']
 ['6' '354.77437956944647' 'present']
 ['3' '357.63872797873427' 'present']
 ['7' '359.3658650841698' 'present']]","[['F11' '27.95548479975672' 'mated']
 ['F80' '78.69635904967325' 'mated']
 ['F86' '125.9695868833031' 'mated']
 ['F62' '178.94026367568722' 'mated']
 ['F19' '210.2917957790909' 'destroyed']
 ['F29' '245.67012153393063' 'absentdestroyed']
 ['F33' '250.84855416022418' 'mated']
 ['F29' '257.8321585709677' 'mated']]",580.0,69.70048176296584,13.407979766000544,1334.0,230.5064560873882,49.8023632597585,334.0,55.05559120507335,11.486759865294154,12.0,1.2,0.12000000000000005,78.0,3.6111111111111103,0.16718106995884757
