id,probability_maraud,successful_mating,next_foraging_time,mar_attempts,mate_attempts,foraging_events,foraging_hrs,foraging_sqhrs,staying_events,staying_hrs,staying_sqhrs,repairing_events,repairing_hrs,repairing_sqhrs,marauding_events,marauding_hrs,marauding_sqhrs,traveling_events,traveling_hrs,traveling_sqhrs
0,0.0,9,360.56145941592854,"[['19' '3.0198485758494327' 'present']
 ['15' '7.758216284154916' 'present']
 ['16' '8.977188680917388' 'marauded']
 ['16' '22.396077709373415' 'present']
 ['18' '24.272738673123474' 'present']
 ['3' '25.46010545270364' 'marauded']
 ['17' '30.691798708636863' 'presentdestroyed']
 ['19' '31.35903710932165' 'presentdestroyed']
 ['7' '36.820471802266404' 'present']
 ['11' '42.057344900323955' 'present']
 ['21' '43.217444227135395' 'present']
 ['18' '47.027996960463106' 'present']
 ['15' '51.033748244504075' 'present']
 ['23' '53.236404816274835' 'present']
 ['17' '57.135233639299905' 'present']
 ['18' '64.95182749920697' 'marauded']
 ['15' '80.22385264410094' 'marauded']
 ['17' '82.03907649180398' 'presentdestroyed']
 ['23' '100.59833310180788' 'present']
 ['3' '102.11659375843585' 'marauded']
 ['13' '152.75596882248666' 'present']
 ['16' '174.99058100274965' 'present']
 ['15' '176.36676989507967' 'present']
 ['12' '178.42788870733773' 'present']
 ['11' '179.0558455712968' 'present']
 ['2' '182.84078350834386' 'present']
 ['12' '209.39374737968654' 'present']
 ['16' '223.44609269311908' 'marauded']
 ['18' '231.8247840314928' 'present']
 ['3' '234.59461663333616' 'present']
 ['10' '239.95185818829302' 'present']
 ['12' '247.09452429273858' 'present']
 ['17' '247.84642722623377' 'marauded']
 ['16' '252.1995697869402' 'destroyed']
 ['17' '259.3323729828051' 'present']
 ['14' '260.4322967189658' 'marauded']
 ['2' '264.07747134622986' 'destroyed']
 ['14' '267.0715773021083' 'presentdestroyed']
 ['7' '267.939830106277' 'present']
 ['7' '272.2495962768028' 'present']
 ['7' '273.1476489244696' 'present']
 ['9' '277.43636467054677' 'present']
 ['12' '280.7620334494481' 'present']
 ['11' '285.1282305049663' 'marauded']
 ['13' '285.49466541348426' 'presentdestroyed']
 ['14' '286.16614059509413' 'presentdestroyed']
 ['18' '289.9601178396956' 'presentdestroyed']
 ['3' '291.50724190280215' 'presentdestroyed']
 ['9' '302.87025115957357' 'present']
 ['12' '309.39276384390223' 'present']
 ['10' '313.79057912832434' 'marauded']
 ['14' '314.2008825638531' 'presentdestroyed']
 ['9' '314.4997623553168' 'destroyed']
 ['21' '317.954154984224' 'presentdestroyed']
 ['7' '320.9227453342063' 'presentdestroyed']
 ['10' '339.34577834117925' 'present']
 ['19' '350.5860738920547' 'marauded']
 ['18' '354.72565486910145' 'destroyed']
 ['11' '355.10915651663794' 'presentdestroyed']]","[['F40' '138.8624188150049' 'mated']
 ['F60' '140.50022997673582' 'mated']
 ['F21' '171.2809044770464' 'mated']
 ['F16' '171.44070943690159' 'mated']
 ['F153' '186.15907634236555' 'mated']
 ['F142' '192.36419401184185' 'mated']
 ['F157' '225.07314891070277' 'destroyed']
 ['F126' '235.41037824746635' 'mated']
 ['F135' '245.51268662794146' 'mated']
 ['F205' '263.7790854925083' 'destroyed']
 ['F205' '263.78371512213795' 'destroyed']
 ['F78' '264.7259936453446' 'destroyed']
 ['F207' '279.87892557645597' 'mated']
 ['F187' '357.16798815858095' 'destroyed']]",563.0,68.9467043623564,13.931955721142785,1343.0,223.7793354801663,46.674962563245494,399.0,67.51362205293277,14.480541552350944,0.0,0.0,0.0,0.0,0.0,0.0
1,0.0,11,360.1334588240116,"[['10' '7.0443433792111' 'present']
 ['17' '11.754000097036625' 'present']
 ['23' '12.285618298493265' 'marauded']
 ['18' '17.26615434899012' 'presentdestroyed']
 ['14' '22.92569696197688' 'present']
 ['18' '24.268109043493848' 'present']
 ['16' '37.0356425087123' 'marauded']
 ['9' '42.55765121684763' 'presentdestroyed']
 ['11' '46.404270533562865' 'marauded']
 ['14' '48.56891050152248' 'presentdestroyed']
 ['15' '49.86382749955822' 'presentdestroyed']
 ['12' '51.37223135050578' 'presentdestroyed']
 ['11' '72.17691746219978' 'present']
 ['11' '72.97014346842275' 'marauded']
 ['2' '78.30450417023539' 'presentdestroyed']
 ['7' '78.75972805634362' 'presentdestroyed']
 ['10' '86.15574140524184' 'present']
 ['10' '93.98981103972159' 'present']
 ['17' '96.02141709243419' 'present']
 ['17' '106.11920513061084' 'present']
 ['7' '110.4922023373497' 'marauded']
 ['11' '116.1379749717767' 'destroyed']
 ['10' '137.01517946702825' 'present']
 ['23' '138.61917807751206' 'present']
 ['3' '142.3829813769354' 'present']
 ['18' '143.41533166959277' 'present']
 ['13' '143.63836964735714' 'present']
 ['21' '144.74110488167864' 'present']
 ['19' '153.24573582559995' 'present']
 ['12' '154.33438331089192' 'present']
 ['7' '163.86019868759755' 'present']
 ['2' '168.6127701230857' 'present']
 ['15' '173.13210460836817' 'present']
 ['14' '179.62340683932518' 'present']
 ['18' '186.46198513505547' 'present']
 ['21' '206.97767934533766' 'present']
 ['16' '210.32124932462108' 'present']
 ['16' '214.35676507320358' 'present']
 ['23' '217.4589472290474' 'marauded']
 ['3' '221.76905298077463' 'presentdestroyed']
 ['3' '230.84455173591448' 'present']
 ['19' '240.5417698134728' 'present']
 ['13' '240.82740073383846' 'marauded']
 ['3' '245.50218221622717' 'presentdestroyed']
 ['10' '250.03338181217225' 'present']
 ['18' '251.24584848106392' 'present']
 ['15' '256.829856216804' 'marauded']
 ['15' '273.765954437433' 'present']
 ['15' '273.77058406706266' 'present']
 ['10' '275.899460685031' 'present']
 ['7' '280.14454672039017' 'present']
 ['19' '280.29573885210596' 'marauded']
 ['2' '288.53501986999214' 'marauded']
 ['23' '288.7180645350737' 'presentdestroyed']
 ['10' '290.9338929830341' 'presentdestroyed']
 ['3' '291.5026122731725' 'presentdestroyed']
 ['19' '299.50426784202295' 'present']
 ['21' '320.10527020510574' 'present']
 ['2' '326.46904929295647' 'present']
 ['3' '327.65577002812483' 'present']
 ['12' '332.2624540482038' 'present']
 ['2' '336.7552806025884' 'present']
 ['18' '351.22842631319355' 'present']
 ['18' '355.7567139844479' 'present']]","[['F144' '48.22765681892211' 'destroyed']
 ['F89' '49.1960641085899' 'destroyed']
 ['F71' '83.951694774699' 'mated']
 ['F84' '103.13451499893405' 'mated']
 ['F213' '103.81683743847569' 'mated']
 ['F120' '113.71264274435072' 'absentdestroyed']
 ['F9' '129.28535432509756' 'mated']
 ['F62' '143.8318981808557' 'mated']
 ['F118' '167.70834014695765' 'mated']
 ['F33' '171.87961563665075' 'mated']
 ['F193' '173.15332665196456' 'mated']
 ['F209' '179.2021957239321' 'absent']
 ['F142' '192.36187919702704' 'absent']
 ['F188' '193.10793101608226' 'mated']
 ['F180' '212.68773949992607' 'mated']
 ['F11' '222.74251010656428' 'absentdestroyed']
 ['F50' '242.99680096762975' 'destroyed']
 ['F68' '256.8597137901973' 'absentdestroyed']
 ['F185' '257.17342274938625' 'destroyed']
 ['F25' '283.44482655512286' 'absentdestroyed']
 ['F49' '313.6215211220079' 'absent']
 ['F129' '336.13506693113703' 'mated']]",566.0,68.34727736761512,14.276044781346206,1357.0,230.37846457616214,49.32043659013143,371.0,61.27465632578238,13.20974122750975,0.0,0.0,0.0,0.0,0.0,0.0
2,0.054,12,359.94445418209,"[['15' '11.844511470727623' 'present']
 ['17' '12.528347043857286' 'present']
 ['21' '30.92210723465544' 'present']
 ['7' '39.42693383352969' 'marauded']
 ['16' '48.487065174948114' 'marauded']
 ['9' '49.96014719037781' 'presentdestroyed']
 ['3' '65.18806141359326' 'present']
 ['12' '77.50835085059734' 'present']
 ['12' '85.38557953380604' 'marauded']
 ['21' '85.76857300087654' 'presentdestroyed']
 ['10' '87.6382545358269' 'presentdestroyed']
 ['11' '95.02827152726368' 'marauded']
 ['19' '96.92501696293762' 'presentdestroyed']
 ['15' '100.44502533323697' 'presentdestroyed']
 ['7' '100.95102471616006' 'presentdestroyed']
 ['9' '110.74169124964322' 'marauded']
 ['14' '144.71766751228728' 'present']
 ['3' '155.90994515064386' 'marauded']
 ['19' '156.2757942016665' 'presentdestroyed']
 ['3' '159.53488374590546' 'destroyed']
 ['16' '172.27450405619183' 'present']
 ['11' '175.35496210506773' 'present']
 ['19' '181.92424581037125' 'present']
 ['10' '197.6556782440328' 'present']
 ['23' '203.52203275249997' 'present']
 ['16' '203.52348609222855' 'present']
 ['17' '220.88121215429433' 'present']
 ['21' '221.86934039714833' 'present']
 ['10' '225.89861526131128' 'marauded']
 ['18' '225.97172146624143' 'destroyed']
 ['16' '226.2753921233304' 'presentdestroyed']
 ['3' '226.9551503380524' 'presentdestroyed']
 ['11' '246.70508595745636' 'marauded']
 ['16' '252.0144188416741' 'presentdestroyed']
 ['3' '252.33474876305374' 'presentdestroyed']
 ['10' '267.1910039090456' 'present']
 ['23' '267.8817914587842' 'present']
 ['17' '269.195340476709' 'marauded']
 ['23' '272.36030472071553' 'presentdestroyed']
 ['15' '274.1234526067329' 'presentdestroyed']
 ['16' '278.9472613491608' 'present']
 ['9' '279.335685088997' 'marauded']
 ['21' '287.46083811366947' 'present']
 ['7' '289.6159915111664' 'present']
 ['16' '291.14149797680767' 'present']
 ['18' '294.1787291352854' 'present']
 ['23' '300.9894853320972' 'present']
 ['19' '310.03694577292123' 'present']
 ['9' '336.83943696503167' 'present']]","[['F186' '3.5186732190178756' 'mated']
 ['F90' '37.43455995345195' 'mated']
 ['F55' '55.57106971290777' 'absentdestroyed']
 ['F146' '83.03832362422462' 'mated']
 ['F61' '97.57874452186935' 'destroyed']
 ['F189' '122.91287084460379' 'mated']
 ['F145' '122.94948216122296' 'mated']
 ['F79' '146.4741199590313' 'absent']
 ['F202' '160.2643446214999' 'absentdestroyed']
 ['F34' '164.7168835200744' 'mated']
 ['F121' '190.62408245716068' 'mated']
 ['F47' '191.51167807692886' 'mated']
 ['F188' '193.10561620126745' 'absent']
 ['F125' '194.6653410838324' 'mated']
 ['F110' '200.2934548485434' 'mated']
 ['F54' '224.6698822975675' 'mated']
 ['F70' '316.687308250523' 'mated']]",557.0,71.11878553197465,15.257497526077719,1312.0,225.69655456037285,49.17962096821767,368.0,61.38690871145657,13.244179079998448,14.0,1.4000000000000001,0.14000000000000007,87.0,0.4027777777777782,0.0018647119341563768
3,0.054,10,359.78613141591586,"[['2' '2.0753060678012414' 'marauded']
 ['17' '2.2383508373858314' 'destroyed']
 ['17' '4.618195257184758' 'presentdestroyed']
 ['21' '10.729083042206472' 'present']
 ['17' '17.301417654208393' 'present']
 ['17' '25.97657464259484' 'present']
 ['23' '32.53711555720519' 'marauded']
 ['15' '37.70946375071678' 'presentdestroyed']
 ['7' '47.93919270775195' 'present']
 ['17' '51.09863674882612' 'present']
 ['2' '58.479766831971006' 'present']
 ['19' '73.71195176834038' 'present']
 ['13' '77.10451903234974' 'present']
 ['11' '98.91251604368169' 'present']
 ['19' '107.39205287213231' 'present']
 ['17' '107.93831217185124' 'marauded']
 ['13' '109.0009832581838' 'presentdestroyed']
 ['13' '110.38069335366082' 'presentdestroyed']
 ['18' '119.26651090417117' 'marauded']
 ['2' '150.55826832999844' 'present']
 ['2' '164.43541051811653' 'present']
 ['19' '172.54182054423976' 'marauded']
 ['14' '173.82515842327976' 'presentdestroyed']
 ['9' '177.04170011425126' 'presentdestroyed']
 ['15' '179.60411446212234' 'presentdestroyed']
 ['15' '179.8957034182024' 'present']
 ['16' '185.28253631310912' 'present']
 ['17' '201.35117261741797' 'present']
 ['21' '211.42145849653227' 'present']
 ['14' '241.35728928395153' 'present']
 ['12' '254.15274160278412' 'present']
 ['18' '266.5564584659651' 'marauded']
 ['21' '268.46693431414013' 'presentdestroyed']
 ['15' '282.82792362805645' 'present']
 ['16' '284.52122466738325' 'present']
 ['11' '286.5640066150392' 'present']
 ['10' '291.3376361606558' 'present']
 ['16' '295.5443385139698' 'present']
 ['9' '297.49651970346775' 'present']
 ['2' '301.8567034136056' 'present']
 ['11' '305.59580216130155' 'present']
 ['13' '327.4990043308438' 'present']
 ['9' '328.6966777167441' 'marauded']
 ['16' '336.22221060842173' 'presentdestroyed']
 ['15' '339.47692318058506' 'present']
 ['18' '348.96028005068706' 'present']
 ['23' '351.1362997910428' 'present']
 ['11' '352.76077674411914' 'present']]","[['F74' '50.079960247696114' 'mated']
 ['F20' '51.9296931279568' 'mated']
 ['F29' '97.08718261346684' 'mated']
 ['F123' '127.25420303948756' 'mated']
 ['F191' '139.15467229070467' 'mated']
 ['F52' '141.9989514495561' 'mated']
 ['F178' '187.8993922945157' 'mated']
 ['F73' '189.82409404316536' 'mated']
 ['F184' '214.42152854796615' 'mated']
 ['F12' '245.61299532878562' 'mated']
 ['F6' '264.85778061731264' 'absent']]",570.0,70.81675734079228,15.053387537386325,1461.0,244.96131974952777,52.383337163502645,249.0,42.56394720186984,9.198030889302123,13.0,1.3,0.13000000000000006,86.0,0.39814814814814853,0.0018432784636488323
4,0.0,7,360.6413974858492,"[['9' '17.282313675548874' 'present']
 ['17' '17.804839096278293' 'marauded']
 ['7' '18.684876448103417' 'presentdestroyed']
 ['10' '38.42548370704718' 'present']
 ['17' '56.762847938859906' 'marauded']
 ['21' '58.61930346073528' 'presentdestroyed']
 ['9' '67.34336677287627' 'present']
 ['12' '87.7296315409332' 'present']
 ['3' '96.26773105546305' 'present']
 ['15' '101.6131888563786' 'present']
 ['12' '105.2401473381232' 'present']
 ['7' '119.82980831382037' 'present']
 ['2' '124.5524680218572' 'present']
 ['2' '124.9909601578923' 'present']
 ['15' '128.01943896730643' 'present']
 ['10' '130.06135716569483' 'present']
 ['23' '131.7320525895455' 'present']
 ['7' '138.50568196731476' 'present']
 ['11' '138.7395575290777' 'present']
 ['21' '142.61141164508433' 'present']
 ['14' '143.5384400392268' 'present']
 ['19' '153.9654444573866' 'present']
 ['21' '155.59403968872056' 'present']
 ['21' '158.28659613080495' 'present']
 ['17' '160.34617575641101' 'present']
 ['15' '161.0251317864073' 'present']
 ['13' '167.41510877832437' 'marauded']
 ['2' '176.70510600491076' 'present']
 ['18' '183.85518716274584' 'present']
 ['9' '189.67987200013013' 'present']
 ['13' '206.40912895661614' 'present']
 ['15' '210.3142507596976' 'present']
 ['14' '235.96578230806657' 'present']
 ['12' '240.9201726668865' 'present']
 ['18' '261.6112023778077' 'present']
 ['12' '262.04953482163813' 'present']
 ['17' '268.287858559972' 'present']
 ['9' '283.1136183788957' 'present']
 ['2' '292.1416945210656' 'present']
 ['18' '296.05193084289084' 'present']
 ['2' '301.1251161483055' 'present']
 ['10' '306.36446864958214' 'marauded']
 ['3' '313.18225038545205' 'presentdestroyed']
 ['11' '322.89152474672636' 'present']
 ['11' '328.0795521440393' 'present']
 ['21' '340.9393885327022' 'present']
 ['21' '346.2954035975934' 'present']
 ['18' '349.99056207780825' 'present']
 ['16' '350.7524253977477' 'marauded']
 ['14' '359.1609476525223' 'present']]","[['F44' '34.17823983936181' 'absent']
 ['F144' '48.23228644855174' 'absent']
 ['F55' '55.57338452772259' 'mated']
 ['F128' '98.46886530280854' 'mated']
 ['F215' '140.59288703203788' 'mated']
 ['F16' '171.43607980727197' 'destroyed']
 ['F33' '171.87498600702114' 'destroyed']
 ['F127' '186.28985738820788' 'mated']
 ['F142' '192.35956438221223' 'absent']
 ['F7' '244.14285986726847' 'mated']
 ['F197' '263.94839647490807' 'mated']
 ['F204' '309.56953417971994' 'destroyed']
 ['F66' '325.23319691770615' 'mated']]",560.0,69.7141818344811,14.291343918635606,1510.0,259.9713754540017,56.54575302749561,183.0,30.457197280198354,6.411545122569771,0.0,0.0,0.0,0.0,0.0,0.0
5,0.0,10,360.046604659339,"[['15' '2.8474398880475285' 'present']
 ['19' '6.599090795716374' 'present']
 ['11' '9.093909674554363' 'marauded']
 ['3' '11.32955179540733' 'presentdestroyed']
 ['16' '12.328869503576746' 'presentdestroyed']
 ['19' '13.840621553420137' 'presentdestroyed']
 ['7' '30.95846662327973' 'present']
 ['13' '43.17089909930502' 'present']
 ['16' '86.75162150066464' 'present']
 ['3' '96.27236068509266' 'present']
 ['23' '101.0463361420164' 'marauded']
 ['17' '105.95103911761119' 'presentdestroyed']
 ['18' '111.74044423332586' 'present']
 ['9' '118.29088386120621' 'present']
 ['18' '119.26188127454155' 'present']
 ['7' '120.50187755336812' 'present']
 ['3' '133.36097916796788' 'present']
 ['9' '135.43173236890607' 'present']
 ['19' '140.7417584427572' 'present']
 ['14' '143.7367822896675' 'present']
 ['13' '146.78082095543846' 'marauded']
 ['23' '150.87628984569977' 'presentdestroyed']
 ['17' '157.1137533674348' 'marauded']
 ['23' '160.9883955586679' 'presentdestroyed']
 ['15' '171.1711179113688' 'present']
 ['21' '178.4383544734683' 'present']
 ['11' '178.7197597837786' 'present']
 ['2' '181.3875160876812' 'present']
 ['13' '193.5855087239264' 'present']
 ['17' '199.2033361664749' 'present']
 ['11' '199.48451719998076' 'present']
 ['15' '205.83370687004629' 'present']
 ['18' '215.0227461408722' 'present']
 ['10' '216.64492761703497' 'present']
 ['16' '219.9558402712297' 'present']
 ['9' '227.33984494666976' 'present']
 ['7' '227.95443452694752' 'marauded']
 ['9' '241.49752192567118' 'present']
 ['11' '247.53930759048941' 'present']
 ['13' '258.2277838428076' 'present']
 ['3' '265.11147057034987' 'present']
 ['7' '276.1212738892403' 'marauded']
 ['12' '286.1811257768334' 'present']
 ['2' '292.1370648914359' 'present']
 ['21' '294.7526530135835' 'present']
 ['14' '303.8048373367447' 'present']
 ['19' '309.97334228833165' 'present']
 ['3' '315.2756215581849' 'marauded']
 ['14' '317.05304283876404' 'presentdestroyed']
 ['19' '317.9098450526076' 'destroyed']
 ['15' '318.26813973141384' 'presentdestroyed']
 ['15' '321.95062867719315' 'presentdestroyed']
 ['10' '324.22603871316556' 'present']
 ['9' '324.9986469727336' 'present']
 ['12' '346.8453067733384' 'marauded']
 ['13' '355.83069775448473' 'present']
 ['7' '359.62957861064496' 'present']]","[['F90' '37.432245138637136' 'absent']
 ['F189' '122.91055602978898' 'absent']
 ['F53' '135.58330747065028' 'mated']
 ['F151' '138.38801303956487' 'mated']
 ['F86' '172.13714741374682' 'mated']
 ['F56' '201.4600839518877' 'mated']
 ['F0' '209.080539980918' 'mated']
 ['F157' '225.07546372551758' 'mated']
 ['F198' '257.45647995994256' 'mated']
 ['F10' '259.0408646677437' 'mated']
 ['F48' '268.2004806463976' 'absent']
 ['F137' '272.81055764393943' 'mated']
 ['F35' '300.4272382172454' 'mated']]",565.0,73.78204902652438,15.976455125599328,1391.0,237.1071557274252,51.04448537861126,297.0,49.15897723705949,10.389971386524376,0.0,0.0,0.0,0.0,0.0,0.0
6,0.0,8,359.9225949023712,"[['7' '11.963617226513705' 'present']
 ['12' '13.69083977562284' 'marauded']
 ['17' '18.613936453918104' 'presentdestroyed']
 ['17' '30.03934227034216' 'present']
 ['16' '37.140272138341935' 'present']
 ['9' '38.181528079947626' 'present']
 ['7' '45.16040883276531' 'present']
 ['16' '46.3635327691336' 'present']
 ['12' '52.22604937660278' 'marauded']
 ['18' '61.39349937411187' 'present']
 ['23' '84.17546570478504' 'marauded']
 ['16' '84.54389868252632' 'presentdestroyed']
 ['9' '95.69843113241514' 'present']
 ['18' '96.01893099322275' 'present']
 ['13' '96.26973369953045' 'marauded']
 ['23' '101.04170651238678' 'presentdestroyed']
 ['7' '111.04868438412586' 'marauded']
 ['13' '115.67419629770248' 'presentdestroyed']
 ['13' '119.65445400793936' 'present']
 ['12' '121.63016450709232' 'present']
 ['18' '127.25853182236091' 'present']
 ['9' '136.884191282258' 'marauded']
 ['10' '138.10004583180543' 'presentdestroyed']
 ['2' '147.5084427776149' 'present']
 ['18' '148.94848702084414' 'present']
 ['9' '149.68584230391875' 'present']
 ['12' '153.51196978266447' 'present']
 ['21' '154.5559980621579' 'present']
 ['7' '156.57733189495804' 'present']
 ['13' '158.6324904973987' 'present']
 ['15' '162.84578159890435' 'present']
 ['11' '164.15752028116202' 'marauded']
 ['13' '165.14201946629709' 'presentdestroyed']
 ['2' '172.21667387039912' 'present']
 ['21' '181.3794347123978' 'marauded']
 ['18' '184.99568316450913' 'presentdestroyed']
 ['2' '185.40577162690727' 'presentdestroyed']
 ['9' '185.98421633703026' 'presentdestroyed']
 ['11' '201.97982372125048' 'marauded']
 ['9' '222.14223371278243' 'present']
 ['21' '236.17078241592594' 'present']
 ['12' '240.17195975956636' 'present']
 ['3' '241.19370851795242' 'present']
 ['10' '250.03801144180187' 'marauded']
 ['13' '257.8306953001666' 'present']
 ['13' '258.8282644740026' 'present']
 ['10' '263.1088613536439' 'present']
 ['14' '263.51066548390304' 'present']
 ['15' '265.6828778719622' 'present']
 ['7' '289.734677135771' 'present']
 ['7' '296.4517006569452' 'marauded']
 ['7' '298.78533438831903' 'presentdestroyed']
 ['11' '302.5373249824501' 'presentdestroyed']
 ['16' '302.92213130210763' 'destroyed']
 ['11' '320.736161702591' 'present']
 ['2' '321.1357028732364' 'marauded']
 ['12' '322.7440574738349' 'presentdestroyed']
 ['14' '331.6047148869434' 'present']
 ['10' '335.4053050520175' 'marauded']
 ['14' '341.29406146380836' 'presentdestroyed']
 ['19' '346.2881560329635' 'present']
 ['18' '347.9597846855781' 'present']
 ['18' '348.7968429612168' 'marauded']
 ['2' '355.7399060157119' 'presentdestroyed']
 ['13' '357.01359662779504' 'present']
 ['3' '358.01612959457407' 'present']
 ['2' '359.1281406648371' 'present']]","[['F55' '55.568754898092955' 'absentdestroyed']
 ['F128' '98.46423567317892' 'absentdestroyed']
 ['F190' '122.62121358450413' 'mated']
 ['F14' '137.9013787679822' 'destroyed']
 ['F194' '149.51529479016656' 'mated']
 ['F161' '158.55462693779552' 'mated']
 ['F33' '171.87730082183595' 'destroyed']
 ['F23' '189.55459453932409' 'absent']
 ['F5' '192.96084576684137' 'absent']
 ['F110' '200.2911400337286' 'absent']
 ['F59' '215.90651772990955' 'mated']
 ['F48' '268.19816583158274' 'absent']
 ['F6' '276.8624102469423' 'mated']
 ['F25' '283.4471413699377' 'mated']
 ['F204' '309.5718489945348' 'mated']
 ['F160' '318.8502586430326' 'absent']
 ['F103' '323.04636958207834' 'destroyed']
 ['F103' '323.050999211708' 'destroyed']
 ['F117' '332.6184193002545' 'mated']]",566.0,67.81715358842786,13.441066946084556,1228.0,206.91053936227598,43.86534027233095,523.0,85.45966948466933,17.8418674400471,0.0,0.0,0.0,0.0,0.0,0.0
7,0.054,5,359.8964143797495,"[['15' '19.351008662652024' 'present']
 ['11' '27.04474303997946' 'present']
 ['15' '33.2746091583859' 'present']
 ['23' '36.70587298027298' 'present']
 ['15' '37.55810543191208' 'present']
 ['2' '60.406181875298365' 'marauded']
 ['10' '63.956007102388426' 'presentdestroyed']
 ['17' '66.60919949909051' 'presentdestroyed']
 ['15' '71.92640241597789' 'present']
 ['23' '76.16382034260714' 'present']
 ['11' '82.60654086185889' 'present']
 ['13' '105.04531130324042' 'present']
 ['9' '113.31093113578322' 'present']
 ['2' '127.05367795212426' 'present']
 ['15' '139.05895213524718' 'present']
 ['12' '139.81807016497592' 'marauded']
 ['13' '145.44813817796742' 'destroyed']
 ['13' '158.6371201270283' 'present']
 ['23' '167.41214720914695' 'marauded']
 ['2' '169.99141912999428' 'destroyed']
 ['19' '170.5841220466851' 'destroyed']
 ['9' '178.89375232421318' 'present']
 ['11' '179.05121594166718' 'present']
 ['16' '182.96924117695386' 'present']
 ['11' '183.31193620080978' 'present']
 ['2' '183.35935525089238' 'present']
 ['16' '187.6733361215815' 'marauded']
 ['18' '192.0342421886868' 'presentdestroyed']
 ['3' '197.6211694940837' 'present']
 ['15' '201.52124464555482' 'marauded']
 ['10' '201.78897706877015' 'presentdestroyed']
 ['12' '211.977361239495' 'present']
 ['15' '218.50891025497197' 'present']
 ['9' '233.6804096516606' 'present']
 ['10' '237.345392099957' 'present']
 ['17' '243.7706555657309' 'marauded']
 ['19' '243.88791101503406' 'destroyed']
 ['23' '244.25260060571026' 'destroyed']
 ['3' '254.86899184746295' 'present']
 ['3' '255.3500893899444' 'present']
 ['23' '255.78451636550543' 'marauded']
 ['3' '262.49151052985945' 'destroyed']
 ['12' '262.9454902945369' 'presentdestroyed']
 ['17' '268.2832289303423' 'present']
 ['14' '274.85388724056673' 'present']
 ['17' '281.16937572472494' 'present']
 ['9' '285.0520731552385' 'present']
 ['17' '304.81907629647884' 'present']
 ['16' '332.5307710633954' 'marauded']
 ['13' '342.52893818736004' 'present']
 ['12' '343.4793802882792' 'present']
 ['13' '349.47443877868665' 'present']
 ['19' '356.19152733297943' 'present']]","[['F102' '80.70230747066435' 'absent']
 ['F37' '155.27234260257546' 'absent']
 ['F33' '171.87267119220633' 'destroyed']
 ['F209' '179.20451053874692' 'mated']
 ['F5' '192.96316058165618' 'destroyed']
 ['F27' '215.13511894599353' 'mated']
 ['F201' '236.7083954523865' 'mated']
 ['F42' '241.27787142397042' 'mated']
 ['F152' '295.9279477586089' 'mated']]",561.0,72.1256231358972,15.780857380487094,1398.0,236.9857791781156,50.99405979994754,283.0,48.98640005531028,10.597183552869186,16.0,1.6000000000000003,0.1600000000000001,75.0,0.3472222222222224,0.0016075102880658422
8,0.0,9,359.9061896715018,"[['14' '6.725837004782677' 'present']
 ['17' '7.259616033810003' 'present']
 ['15' '15.264601742856083' 'present']
 ['3' '17.373885452873537' 'marauded']
 ['15' '29.531159479032947' 'present']
 ['7' '32.4178353203709' 'marauded']
 ['2' '35.621526217428595' 'presentdestroyed']
 ['3' '49.76199613594173' 'present']
 ['15' '50.12083636434451' 'marauded']
 ['9' '54.609022232031364' 'presentdestroyed']
 ['18' '54.73279031022243' 'presentdestroyed']
 ['19' '71.67885097712377' 'marauded']
 ['15' '75.35791818687844' 'presentdestroyed']
 ['23' '79.6482208064911' 'present']
 ['21' '90.42578992674557' 'marauded']
 ['11' '95.13605102528126' 'destroyed']
 ['11' '103.64292245891032' 'present']
 ['14' '103.82747970671207' 'present']
 ['7' '123.98396778493665' 'present']
 ['2' '136.13769136818328' 'present']
 ['10' '142.1556222767598' 'present']
 ['3' '143.5268317408297' 'present']
 ['21' '147.73814424350914' 'present']
 ['10' '157.06281185469697' 'present']
 ['17' '157.86269054394725' 'present']
 ['17' '159.68234145350524' 'present']
 ['21' '177.13498182916837' 'present']
 ['7' '183.40944477933755' 'marauded']
 ['19' '190.87575423288752' 'presentdestroyed']
 ['11' '197.13398350035' 'present']
 ['3' '218.61549540991578' 'present']
 ['3' '221.88112546037206' 'present']
 ['14' '224.56669908855832' 'present']
 ['15' '239.3396805924994' 'present']
 ['12' '241.6982291175701' 'marauded']
 ['10' '260.37395432369823' 'present']
 ['10' '271.3636833839191' 'present']
 ['19' '279.6002353017858' 'present']
 ['16' '292.8991518582629' 'present']
 ['17' '294.81610692002255' 'present']
 ['3' '301.6502717928157' 'marauded']
 ['13' '310.4212916037675' 'marauded']
 ['14' '312.8860423456274' 'presentdestroyed']
 ['17' '313.8806314157874' 'presentdestroyed']
 ['13' '316.44112629703716' 'presentdestroyed']
 ['19' '317.3819699967447' 'present']
 ['2' '324.7851460595326' 'present']
 ['3' '340.0056110015398' 'present']
 ['3' '341.6923042536565' 'present']
 ['18' '346.07025990423347' 'present']
 ['17' '349.02171757428005' 'marauded']
 ['18' '353.49116099496223' 'presentdestroyed']]","[['F89' '49.200693738219535' 'mated']
 ['F61' '97.58337415149897' 'destroyed']
 ['F154' '99.19595186739853' 'mated']
 ['F84' '103.13220018411924' 'absent']
 ['F80' '112.06913687131744' 'mated']
 ['F175' '113.94219713286984' 'mated']
 ['F67' '140.17300190950235' 'mated']
 ['F109' '170.0496718362283' 'mated']
 ['F170' '188.61196963152165' 'destroyed']
 ['F23' '189.5569093541389' 'absentdestroyed']
 ['F69' '218.9602997199569' 'mated']
 ['F162' '235.79361867056784' 'mated']
 ['F88' '237.04207227242298' 'mated']]",569.0,69.66123479737433,14.404855284476469,1334.0,228.91139744053655,49.803977157111724,350.0,61.49010858543821,13.69127249293896,0.0,0.0,0.0,0.0,0.0,0.0
9,0.054,7,360.00353066392864,"[['17' '4.622824886814388' 'present']
 ['7' '8.944798370672357' 'present']
 ['16' '18.57348761180953' 'present']
 ['18' '20.292228293058866' 'present']
 ['14' '29.25828148824256' 'present']
 ['16' '39.22776417549085' 'present']
 ['12' '50.71927544223167' 'present']
 ['15' '62.308976127314565' 'present']
 ['3' '76.26012553344066' 'marauded']
 ['11' '97.04460808426876' 'present']
 ['17' '98.29261320244211' 'present']
 ['18' '100.00276079431573' 'marauded']
 ['10' '103.67196415769675' 'presentdestroyed']
 ['18' '111.73581460369624' 'present']
 ['7' '115.24172168571398' 'present']
 ['19' '116.61060050496295' 'present']
 ['23' '132.84556303566742' 'present']
 ['19' '135.02074971193025' 'present']
 ['3' '138.96451588472607' 'marauded']
 ['21' '152.1530983004159' 'present']
 ['10' '166.42667964124823' 'marauded']
 ['11' '169.06690582034767' 'presentdestroyed']
 ['18' '175.5881488373041' 'present']
 ['16' '186.27982798161545' 'present']
 ['21' '196.5126831087054' 'present']
 ['17' '199.20796579610453' 'marauded']
 ['14' '205.7710448447937' 'destroyed']
 ['10' '215.60980937112814' 'present']
 ['19' '227.65107295011074' 'present']
 ['7' '242.85278173514914' 'present']
 ['12' '244.92874501319054' 'present']
 ['17' '245.47135067718708' 'present']
 ['15' '246.07490188674268' 'marauded']
 ['18' '264.90973583819124' 'present']
 ['15' '285.34294359497227' 'present']
 ['2' '287.7153459309643' 'present']
 ['12' '324.7691982707225' 'present']
 ['13' '331.3874963436088' 'present']
 ['19' '339.73743204834744' 'present']
 ['10' '350.51293208186485' 'marauded']
 ['3' '351.8223400903468' 'destroyed']
 ['13' '354.0376335581211' 'presentdestroyed']
 ['10' '354.2806810312665' 'presentdestroyed']
 ['2' '359.1235110352074' 'present']]","[['F83' '59.21363415052914' 'mated']
 ['F108' '83.84081653001209' 'absentdestroyed']
 ['F61' '97.58568896631378' 'mated']
 ['F212' '154.52296460080515' 'mated']
 ['F155' '182.55116183321735' 'mated']
 ['F57' '213.48571094792325' 'mated']
 ['F124' '239.14435790971567' 'mated']
 ['F78' '264.72367883052976' 'absent']
 ['F131' '333.9135337471741' 'mated']]",547.0,68.78595748368888,14.276451536189828,1497.0,246.61446058960942,51.746409049808214,244.0,43.11155060971249,9.842868015115513,14.0,1.4000000000000001,0.14000000000000007,78.0,0.3611111111111113,0.0016718106995884758
10,0.054,14,360.02500048781894,"[['3' '16.06823454358175' 'present']
 ['12' '38.40723296623944' 'present']
 ['19' '70.8442048374464' 'present']
 ['11' '74.97834215396725' 'present']
 ['14' '94.97840425846519' 'marauded']
 ['15' '98.2309291140864' 'presentdestroyed']
 ['18' '99.99813116468611' 'presentdestroyed']
 ['16' '124.33382692239621' 'present']
 ['18' '140.9797926402389' 'present']
 ['3' '143.75746745545342' 'present']
 ['13' '146.88545058506807' 'marauded']
 ['17' '147.9145632288838' 'presentdestroyed']
 ['17' '150.68236140516234' 'destroyed']
 ['3' '151.36659604641872' 'presentdestroyed']
 ['23' '169.38026776097382' 'marauded']
 ['23' '173.46452022419467' 'destroyed']
 ['19' '177.32284516098508' 'present']
 ['15' '184.20334307166033' 'present']
 ['12' '203.29607092429484' 'present']
 ['14' '205.49906165309727' 'present']
 ['15' '217.31118995492983' 'present']
 ['18' '217.3542092907696' 'present']
 ['15' '217.83859037537312' 'marauded']
 ['13' '220.77938474177174' 'presentdestroyed']
 ['21' '234.54631239957288' 'present']
 ['18' '237.80917250811302' 'present']
 ['11' '240.982891951375' 'marauded']
 ['11' '241.22101675299527' 'presentdestroyed']
 ['3' '242.4292549569191' 'presentdestroyed']
 ['9' '244.23417981441656' 'presentdestroyed']
 ['14' '247.9128271613823' 'destroyed']
 ['2' '254.85662832996164' 'present']
 ['14' '264.16326174143416' 'present']
 ['17' '282.99785640737963' 'marauded']
 ['18' '287.7422010091854' 'destroyed']
 ['21' '294.6216880065601' 'present']
 ['9' '305.9721060804457' 'present']
 ['9' '310.56947185359815' 'present']
 ['21' '311.96483082375283' 'present']
 ['2' '315.08569126822056' 'present']
 ['14' '316.44670021214426' 'marauded']
 ['14' '319.70727292803974' 'destroyed']
 ['13' '321.9799127426064' 'destroyed']
 ['17' '326.72026824388035' 'present']
 ['17' '328.65353156351875' 'present']
 ['18' '337.88998814208503' 'present']
 ['17' '340.8674799019103' 'present']
 ['13' '348.9440518140564' 'present']]","[['F141' '35.61229180965197' 'mated']
 ['F82' '79.58715257804766' 'mated']
 ['F196' '146.1091733687159' 'mated']
 ['F212' '154.52064978599034' 'destroyed']
 ['F37' '155.27697223220508' 'mated']
 ['F41' '169.24488934470713' 'mated']
 ['F109' '170.04504220659868' 'destroyed']
 ['F113' '186.2046474079754' 'mated']
 ['F31' '189.854892966451' 'mated']
 ['F165' '196.44965656216198' 'mated']
 ['F143' '240.23085938953713' 'mated']
 ['F18' '241.09311489011145' 'destroyed']
 ['F28' '255.22147815430756' 'mated']
 ['F3' '258.91060981715816' 'mated']
 ['F10' '259.03854985292884' 'absent']
 ['F205' '263.7814003073231' 'absent']
 ['F93' '280.2154670315965' 'mated']
 ['F49' '313.62383593682273' 'mated']
 ['F43' '337.1995428835747' 'mated']]",558.0,69.47961620389967,14.097470675335744,1455.0,246.1621041125333,52.555452632696394,254.0,42.58943726581073,9.211878572596467,15.0,1.5000000000000002,0.15000000000000008,90.0,0.41666666666666713,0.0019290123456790105
11,0.054,8,360.62916387434313,"[['17' '12.423717414227657' 'marauded']
 ['23' '17.509157462762342' 'presentdestroyed']
 ['7' '32.135035209071816' 'marauded']
 ['15' '37.44602222221389' 'presentdestroyed']
 ['9' '37.543891134131485' 'presentdestroyed']
 ['9' '51.05220899416012' 'present']
 ['14' '67.5996959693186' 'present']
 ['15' '92.23006092463314' 'present']
 ['18' '98.72816234101985' 'present']
 ['7' '100.51329205070836' 'present']
 ['7' '105.18678590170563' 'present']
 ['13' '114.7625112447243' 'present']
 ['12' '121.6255348774627' 'present']
 ['23' '134.25065476721812' 'present']
 ['12' '144.5665592625592' 'present']
 ['15' '170.4808087647136' 'present']
 ['23' '179.1430115587478' 'present']
 ['9' '188.3308074820787' 'marauded']
 ['19' '191.41863204904007' 'presentdestroyed']
 ['18' '196.092574912354' 'present']
 ['12' '214.07407698544708' 'present']
 ['23' '216.02966913823357' 'present']
 ['14' '216.06441961581496' 'present']
 ['15' '236.00610558455054' 'present']
 ['14' '247.29286276115607' 'present']
 ['18' '254.3622060591977' 'present']
 ['19' '254.89391369535412' 'present']
 ['15' '255.10519593241634' 'marauded']
 ['3' '278.8694137487548' 'present']
 ['18' '283.41245689476847' 'present']
 ['15' '291.09691137126595' 'marauded']
 ['14' '300.82212877638034' 'present']
 ['14' '303.20326777940846' 'present']
 ['14' '308.590116570678' 'marauded']
 ['2' '312.2429788134873' 'destroyed']
 ['15' '325.569933954495' 'present']
 ['18' '337.78535851245533' 'marauded']
 ['19' '341.6916740235846' 'presentdestroyed']]","[['F90' '37.4276155090075' 'destroyed']
 ['F144' '48.23460126336656' 'mated']
 ['F140' '111.24289654889994' 'mated']
 ['F134' '132.98157563969636' 'absent']
 ['F97' '163.8372344077612' 'mated']
 ['F132' '219.79994689705617' 'mated']
 ['F206' '228.37684169511087' 'mated']
 ['F45' '232.59843687504562' 'mated']
 ['F15' '239.14702944115942' 'mated']
 ['F28' '255.21916333949275' 'destroyed']
 ['F3' '258.9082950023433' 'absentdestroyed']
 ['F139' '303.5230795014971' 'mated']]",540.0,75.05975702461024,17.181088557437423,1401.0,239.93117375638025,51.68996156050446,241.0,42.781293098464275,9.468013049732875,20.0,2.0000000000000004,0.20000000000000012,74.0,0.3425925925925927,0.0015860768175582976
12,0.054,9,360.163385294274,"[['10' '0.8634682705360149' 'marauded']
 ['11' '1.3649321877820824' 'presentdestroyed']
 ['19' '19.57537739751476' 'present']
 ['18' '20.81840637149318' 'present']
 ['13' '25.26016799955623' 'present']
 ['17' '39.50927655789789' 'marauded']
 ['2' '47.12710980732056' 'present']
 ['13' '49.68365247154954' 'present']
 ['19' '50.69118234033701' 'present']
 ['13' '53.79669386773168' 'marauded']
 ['18' '64.59827560804489' 'present']
 ['2' '68.17695473616777' 'present']
 ['7' '68.87896402329947' 'present']
 ['18' '85.95400650449977' 'present']
 ['3' '102.83003461817414' 'present']
 ['17' '105.972332627258' 'marauded']
 ['18' '131.59896106050635' 'present']
 ['23' '131.6872791506705' 'present']
 ['21' '148.80680669133386' 'present']
 ['18' '152.12628883109133' 'present']
 ['14' '158.74167799555482' 'marauded']
 ['15' '158.9858514296557' 'presentdestroyed']
 ['3' '160.3626216283155' 'presentdestroyed']
 ['3' '165.97325375583281' 'presentdestroyed']
 ['19' '174.73295644365672' 'present']
 ['16' '185.1779066834795' 'marauded']
 ['11' '216.97453225535517' 'present']
 ['18' '217.1457272849745' 'marauded']
 ['21' '226.09337109262475' 'present']
 ['13' '226.37055681467137' 'present']
 ['18' '231.1917429155623' 'marauded']
 ['18' '236.24208576251743' 'presentdestroyed']
 ['21' '236.37194602859432' 'presentdestroyed']
 ['21' '240.50135301177875' 'present']
 ['7' '269.80646297696444' 'marauded']
 ['19' '286.90186267971035' 'present']
 ['7' '291.08659816411824' 'present']
 ['18' '296.6493549289142' 'marauded']
 ['16' '314.1775684170886' 'present']
 ['3' '320.1514123833853' 'present']
 ['16' '333.5725961161966' 'marauded']
 ['15' '333.6381556313151' 'presentdestroyed']
 ['11' '347.9559093028066' 'present']
 ['13' '351.92951454625023' 'marauded']
 ['15' '355.14098486328663' 'presentdestroyed']
 ['17' '357.50241241259033' 'presentdestroyed']]","[['F107' '30.706697667434845' 'mated']
 ['F44' '34.17592502454699' 'absent']
 ['F65' '75.91508234397615' 'mated']
 ['F169' '130.0859783804332' 'mated']
 ['F192' '130.97110107200112' 'mated']
 ['F147' '134.2739811417098' 'mated']
 ['F26' '154.17950819156516' 'mated']
 ['F58' '158.19300772152758' 'mated']
 ['F158' '222.98251106767188' 'absentdestroyed']
 ['F68' '256.86202860501214' 'absent']
 ['F112' '278.1232911174517' 'mated']
 ['F81' '346.0471391760421' 'mated']]",565.0,68.75513254376234,13.743533292056368,1290.0,216.56552681469145,46.16178843567789,428.0,73.3177899870048,15.903107016784102,11.0,1.0999999999999999,0.11000000000000004,79.0,0.365740740740741,0.0016932441700960204
13,0.054,11,360.2810082812814,"[['19' '6.264205797053313' 'marauded']
 ['3' '19.3564683554168' 'present']
 ['14' '21.259809953641327' 'present']
 ['7' '23.20011652462247' 'present']
 ['7' '24.588145900647405' 'present']
 ['10' '35.32916898399416' 'marauded']
 ['10' '37.573459397512295' 'destroyed']
 ['14' '42.62356397819197' 'presentdestroyed']
 ['17' '46.452868997462915' 'present']
 ['11' '55.35217742323708' 'present']
 ['9' '73.6617641517121' 'present']
 ['2' '77.53432493478546' 'present']
 ['2' '80.3817908477287' 'present']
 ['10' '81.71584929109738' 'present']
 ['10' '86.54439163838397' 'present']
 ['3' '87.16499433980165' 'marauded']
 ['10' '88.05323787380478' 'presentdestroyed']
 ['7' '94.888880807821' 'present']
 ['19' '95.13432877705665' 'present']
 ['12' '116.54872594977046' 'present']
 ['19' '123.02565494973634' 'present']
 ['12' '123.47034078994912' 'present']
 ['19' '126.33041169617489' 'present']
 ['15' '130.80951095339375' 'marauded']
 ['2' '132.24137056425766' 'presentdestroyed']
 ['17' '139.20037510676624' 'present']
 ['15' '140.39407001870987' 'present']
 ['15' '143.46486889682194' 'present']
 ['21' '152.94985209259877' 'present']
 ['18' '173.41258141592186' 'marauded']
 ['2' '179.24084470688348' 'presentdestroyed']
 ['14' '179.33351806270116' 'presentdestroyed']
 ['23' '181.74928311155332' 'present']
 ['19' '185.50592364730664' 'marauded']
 ['10' '187.7467772158231' 'destroyed']
 ['2' '198.35507999963653' 'present']
 ['12' '206.67760704455947' 'marauded']
 ['10' '208.93938104991486' 'presentdestroyed']
 ['16' '212.3287202616621' 'presentdestroyed']
 ['9' '220.66394688007873' 'present']
 ['14' '250.10919977238035' 'present']
 ['16' '252.28188985493122' 'present']
 ['21' '257.70341397269056' 'present']
 ['15' '260.32062200462684' 'marauded']
 ['18' '262.04910577922885' 'presentdestroyed']
 ['2' '264.83210264961684' 'presentdestroyed']
 ['11' '273.6431245543468' 'present']
 ['9' '279.9572100782217' 'present']
 ['2' '288.1914928012319' 'present']
 ['12' '288.8398299560959' 'present']
 ['7' '293.2866206853402' 'marauded']
 ['12' '309.3973934735319' 'present']
 ['7' '320.6716280470494' 'present']
 ['23' '326.3565521816351' 'present']
 ['9' '333.0706027295599' 'marauded']
 ['18' '349.73773789625415' 'present']
 ['15' '358.2859798821162' 'present']]","[['F150' '25.311906967466715' 'mated']
 ['F108' '83.8431313448269' 'mated']
 ['F91' '104.07195594904228' 'mated']
 ['F140' '111.24058173408513' 'absent']
 ['F171' '125.24752223384749' 'mated']
 ['F134' '132.98389045451117' 'destroyed']
 ['F116' '141.89916712898358' 'mated']
 ['F149' '145.84157954503394' 'mated']
 ['F114' '164.47758943208225' 'mated']
 ['F109' '170.04272739178387' 'absent']
 ['F170' '188.61428444633646' 'absentdestroyed']
 ['F211' '193.6690311867198' 'mated']
 ['F98' '216.53880904130557' 'mated']
 ['F11' '222.7448249213791' 'mated']
 ['F50' '242.99911578244456' 'mated']
 ['F6' '264.8600954321275' 'destroyed']]",560.0,71.36624097518454,15.021344895607246,1323.0,225.79082257439384,49.18880093771285,372.0,61.01100595094343,12.671325949256833,15.0,1.5000000000000002,0.15000000000000008,74.0,0.3425925925925927,0.0015860768175582976
14,0.054,8,359.85424672800644,"[['9' '17.75186659807561' 'present']
 ['21' '19.26253750949272' 'present']
 ['18' '24.830838182609284' 'present']
 ['18' '25.536886623165906' 'present']
 ['9' '26.18114435038855' 'present']
 ['17' '41.96066545801472' 'present']
 ['18' '43.18416236317153' 'present']
 ['18' '48.93307417952449' 'present']
 ['16' '51.8909177282265' 'present']
 ['19' '52.929384986521356' 'marauded']
 ['13' '64.88169053260314' 'present']
 ['19' '71.90129196198487' 'marauded']
 ['10' '77.35369028287364' 'presentdestroyed']
 ['2' '84.06090793711608' 'present']
 ['23' '84.28009533441465' 'present']
 ['17' '86.29721464315996' 'marauded']
 ['18' '99.60493433230343' 'present']
 ['2' '108.09326940235457' 'marauded']
 ['9' '108.32412877184414' 'presentdestroyed']
 ['23' '117.94702975819455' 'marauded']
 ['3' '118.49447485424069' 'presentdestroyed']
 ['13' '127.5049241559926' 'marauded']
 ['23' '135.93476250353564' 'present']
 ['11' '138.50063026446475' 'present']
 ['18' '165.2509247479274' 'present']
 ['10' '165.65960120474415' 'marauded']
 ['19' '174.5547861948576' 'present']
 ['7' '177.22701731274225' 'present']
 ['21' '179.1558046011768' 'present']
 ['7' '181.16640046836244' 'present']
 ['15' '181.74022535101363' 'present']
 ['18' '182.49183754180387' 'present']
 ['19' '184.166378803143' 'present']
 ['11' '188.2540348794578' 'marauded']
 ['9' '188.65546414068223' 'presentdestroyed']
 ['3' '189.83924889058886' 'presentdestroyed']
 ['12' '204.28774882420296' 'present']
 ['13' '206.41375858624576' 'present']
 ['2' '207.373785252132' 'present']
 ['15' '211.1191801409302' 'present']
 ['9' '216.8150783915906' 'present']
 ['16' '224.83601361438585' 'present']
 ['18' '228.85693059473132' 'present']
 ['23' '230.31438413333333' 'present']
 ['17' '242.61667189312413' 'present']
 ['16' '246.69387825519976' 'present']
 ['12' '249.77659934723374' 'present']
 ['10' '253.48776959880993' 'present']
 ['15' '284.7072999098472' 'present']
 ['17' '286.3419231297936' 'present']
 ['18' '292.3373379958798' 'present']
 ['23' '301.4846758994156' 'present']
 ['9' '302.8656215299439' 'present']
 ['10' '310.4618480800885' 'present']
 ['3' '316.0559012849688' 'present']
 ['15' '323.18348644963925' 'marauded']
 ['9' '328.8013073463738' 'destroyed']
 ['18' '333.52743592351095' 'marauded']]","[['F181' '36.666869529384634' 'mated']
 ['F115' '82.93085696499182' 'mated']
 ['F120' '113.71495755916553' 'absentdestroyed']
 ['F134' '132.97926082488155' 'destroyed']
 ['F147' '134.271666326895' '']
 ['F14' '137.90369358279702' 'mated']
 ['F41' '169.24257452989232' 'destroyed']
 ['F21' '171.27858966223158' 'destroyed']
 ['F16' '171.43839462208678' 'absentdestroyed']
 ['F30' '186.6176979529629' 'mated']
 ['F5' '192.9677902112858' 'absentdestroyed']
 ['F76' '203.671510546958' 'mated']
 ['F87' '245.16796183019076' 'mated']
 ['F94' '258.155738636079' 'mated']
 ['F167' '302.0591244936617' 'mated']
 ['F103' '323.0486843968932' 'absent']
 ['F106' '323.0670384489872' 'absent']
 ['F81' '346.04482436122726' 'absent']]",576.0,74.4003299425915,15.591696760656577,1319.0,223.3092659949279,47.57610231471433,385.0,61.306665878652716,12.376694511770527,7.0,0.7,0.07,69.0,0.3194444444444445,0.0014789094650205748
15,0.054,9,359.96215809026114,"[['21' '1.2926059343910528' 'present']
 ['2' '1.4333229952965603' 'present']
 ['16' '2.3003113369779737' 'present']
 ['10' '8.160034516109915' 'present']
 ['2' '17.630259296642308' 'present']
 ['2' '25.545545015082407' 'present']
 ['9' '33.96062057187728' 'present']
 ['16' '40.83172935603521' 'marauded']
 ['3' '42.142374291361335' 'presentdestroyed']
 ['3' '42.3026562431477' 'presentdestroyed']
 ['18' '47.85158651353533' 'destroyed']
 ['11' '53.98664846027118' 'present']
 ['14' '67.23109454105395' 'present']
 ['14' '83.04552839229642' 'present']
 ['21' '106.89035259232428' 'marauded']
 ['7' '106.89179793190102' 'destroyed']
 ['13' '113.50219214673828' 'presentdestroyed']
 ['12' '114.53027152446828' 'marauded']
 ['13' '116.68977584828585' 'presentdestroyed']
 ['9' '117.49549106563023' 'presentdestroyed']
 ['11' '165.89468499683568' 'present']
 ['11' '185.59401937588035' 'present']
 ['2' '188.1775143410427' 'present']
 ['2' '193.2596804778528' 'marauded']
 ['17' '199.86621560963076' 'presentdestroyed']
 ['12' '204.63122562047081' 'present']
 ['3' '219.5177887109028' 'present']
 ['18' '220.10935498526754' 'marauded']
 ['16' '226.27076249370077' 'presentdestroyed']
 ['3' '227.46325059512208' 'marauded']
 ['23' '234.277120039391' 'presentdestroyed']
 ['19' '234.48567266903504' 'present']
 ['18' '252.9474817018978' 'present']
 ['11' '274.80727995533675' 'marauded']
 ['10' '274.98109967534424' 'destroyed']
 ['9' '277.01591977608064' 'presentdestroyed']
 ['14' '283.66851337342024' 'present']
 ['23' '285.5551483370147' 'present']
 ['2' '289.39415532330906' 'present']
 ['16' '291.14612760643735' 'marauded']
 ['11' '300.12288796707765' 'marauded']
 ['19' '307.2477213492017' 'destroyed']
 ['7' '307.7630613578351' 'presentdestroyed']
 ['23' '316.5119477038361' 'present']
 ['2' '320.47721597752707' 'present']
 ['23' '348.6768327274556' 'present']
 ['7' '349.3506666611837' 'present']
 ['19' '352.85047692826697' 'present']
 ['13' '353.203217521578' 'present']]","[['F90' '37.42993032382232' 'absent']
 ['F39' '115.36572385261611' 'destroyed']
 ['F101' '139.6185351482379' 'mated']
 ['F214' '145.83022659676237' 'mated']
 ['F79' '146.4764347738461' 'mated']
 ['F161' '158.5523121229807' 'absent']
 ['F182' '177.20664458574058' 'mated']
 ['F73' '189.81714959872093' 'absent']
 ['F8' '198.60436494494348' 'destroyed']
 ['F119' '206.18972749745785' 'mated']
 ['F177' '211.42423955860417' 'mated']
 ['F104' '246.94444444170404' 'mated']
 ['F185' '257.1757375642011' 'mated']
 ['F166' '259.71871026494676' 'mated']]",560.0,64.93724227103863,12.313041588252103,1456.0,238.54104445676464,49.692947934673704,323.0,54.37787552268753,11.725582484335597,17.0,1.7000000000000004,0.1700000000000001,102.0,0.47222222222222293,0.0021862139917695473
16,0.054,5,360.1371498551805,"[['12' '13.177821641722895' 'present']
 ['12' '22.813506489795156' 'marauded']
 ['11' '26.014622609238007' 'presentdestroyed']
 ['14' '27.05961050416063' 'presentdestroyed']
 ['17' '48.993217814976305' 'present']
 ['10' '57.80747480777027' 'present']
 ['11' '64.17752693139293' 'marauded']
 ['12' '68.51497188176145' 'presentdestroyed']
 ['9' '70.38148012596524' 'presentdestroyed']
 ['15' '71.07521905969833' 'presentdestroyed']
 ['3' '85.65876966079877' 'present']
 ['19' '89.31601331838948' 'present']
 ['3' '96.94685526251692' 'present']
 ['23' '100.6029627314375' 'present']
 ['7' '100.97690078883494' 'marauded']
 ['18' '110.21884172498295' 'present']
 ['10' '113.94266155716996' 'marauded']
 ['14' '117.45758836338139' 'destroyed']
 ['19' '132.62753089212416' 'marauded']
 ['13' '142.5430246111259' 'present']
 ['10' '146.42604679969963' 'marauded']
 ['21' '159.86152977648607' 'marauded']
 ['3' '160.0186658369337' 'presentdestroyed']
 ['13' '167.41047914869475' 'present']
 ['18' '167.4771786177385' 'present']
 ['21' '170.45463002389806' 'present']
 ['9' '181.07290930635102' 'present']
 ['7' '195.81253305187204' 'marauded']
 ['15' '211.77411338551906' 'present']
 ['19' '214.01815653742653' 'present']
 ['15' '217.48971738024153' 'present']
 ['21' '225.52833302220992' 'present']
 ['10' '229.8251542816561' 'present']
 ['15' '236.83314375765488' 'marauded']
 ['2' '237.04827070869578' 'presentdestroyed']
 ['14' '253.5069952191687' 'present']
 ['9' '255.66412889874707' 'marauded']
 ['18' '255.88299661584847' 'presentdestroyed']
 ['15' '262.70646232665047' 'present']
 ['19' '269.06619784562383' 'present']
 ['23' '271.6635094920329' 'present']
 ['17' '286.97507799432464' 'present']
 ['10' '294.74252579114534' 'present']
 ['2' '305.4781208688055' 'marauded']
 ['12' '308.3792515596281' 'presentdestroyed']
 ['9' '310.7866591115897' 'presentdestroyed']
 ['12' '312.8416650638526' 'present']
 ['19' '316.7162985647396' 'marauded']
 ['9' '317.5196817865293' 'presentdestroyed']
 ['10' '334.1939300829424' 'present']
 ['21' '338.6840087329648' 'marauded']
 ['12' '345.5008125440301' 'presentdestroyed']
 ['17' '349.01708794465037' 'present']
 ['2' '352.01288304126325' 'marauded']
 ['9' '357.74749438045757' 'presentdestroyed']
 ['9' '359.7252375913188' 'present']]","[['F183' '31.97689597377212' 'mated']
 ['F100' '72.80175275102387' 'mated']
 ['F61' '97.58105933668416' 'absent']
 ['F16' '171.43376499245716' 'absent']
 ['F170' '188.61659926115126' 'mated']
 ['F23' '189.5592241689537' 'absent']
 ['F8' '198.6066797597583' 'destroyed']
 ['F19' '244.6108302512629' 'mated']
 ['F13' '273.01058666121514' 'mated']]",556.0,71.57912237591455,14.839961261867451,1179.0,200.91071973683236,43.71732132103223,518.0,85.61816225969766,18.30439197801716,16.0,1.6000000000000003,0.1600000000000001,65.0,0.3009259259259259,0.0013931755829903966
17,0.054,8,360.53300247177117,"[['14' '19.05942338682212' 'present']
 ['14' '25.378877666292055' 'present']
 ['2' '33.69723735627139' 'present']
 ['16' '46.83143929039353' 'present']
 ['9' '57.789850595366936' 'marauded']
 ['12' '71.89649083305629' 'present']
 ['16' '73.87564226164537' 'marauded']
 ['2' '84.55497049685808' 'present']
 ['3' '86.50789295505564' 'present']
 ['13' '87.13865460702395' 'marauded']
 ['12' '94.42447093035545' 'present']
 ['19' '99.73647974792453' 'present']
 ['23' '103.7946899503074' 'present']
 ['19' '110.15351643600074' 'marauded']
 ['10' '121.38063749534665' 'present']
 ['2' '123.6569076070264' 'marauded']
 ['7' '129.12842029836048' 'presentdestroyed']
 ['19' '131.28159155633526' 'presentdestroyed']
 ['18' '131.8171839693368' 'presentdestroyed']
 ['12' '139.7134405353463' 'marauded']
 ['10' '139.8865970211228' 'presentdestroyed']
 ['12' '152.97486515441' 'present']
 ['19' '154.30002714496197' 'present']
 ['7' '158.81950292909582' 'present']
 ['21' '162.5902927971302' 'marauded']
 ['21' '180.79320351530615' 'present']
 ['21' '182.78283545425796' 'present']
 ['11' '184.37140463767457' 'marauded']
 ['23' '189.73435284562913' 'destroyed']
 ['12' '204.6265959908412' 'present']
 ['2' '209.29922492295628' 'present']
 ['19' '212.09149581063969' 'marauded']
 ['2' '216.45021797050617' 'presentdestroyed']
 ['13' '216.5516746121815' 'presentdestroyed']
 ['13' '246.06045777453014' 'present']
 ['11' '247.91982716509926' 'marauded']
 ['19' '255.82045915973856' 'presentdestroyed']
 ['10' '260.03381546633733' 'present']
 ['9' '260.35658334981105' 'present']
 ['9' '261.7244128287269' 'present']
 ['18' '266.7214570338987' 'present']
 ['19' '268.4332777568878' 'present']
 ['16' '269.2459050999579' 'marauded']
 ['16' '280.7919862287797' 'present']
 ['9' '288.33326768369795' 'present']
 ['2' '292.14632415069525' 'present']
 ['14' '300.37206598852924' 'present']
 ['21' '307.8239835447858' 'present']
 ['2' '309.7838413328297' 'present']
 ['18' '338.26379363457073' 'present']
 ['7' '341.3587019060704' 'present']
 ['13' '341.59520517107893' 'present']
 ['7' '352.7965943150196' 'present']
 ['18' '355.7613436140776' 'present']]","[['F136' '42.38235049684628' 'mated']
 ['F102' '80.69999265584954' 'absentdestroyed']
 ['F163' '114.13905571153406' 'destroyed']
 ['F133' '169.88548868631355' 'mated']
 ['F73' '189.82177922835055' 'destroyed']
 ['F176' '223.94913811987735' 'mated']
 ['F185' '257.1711079345714' 'absent']
 ['F6' '264.8554658024978' 'absent']
 ['F4' '266.31877043669016' 'mated']
 ['F32' '292.8166422361522' 'mated']
 ['F72' '319.3170034244498' 'mated']
 ['F103' '323.05331402652286' 'mated']
 ['F106' '323.06935326380204' 'mated']
 ['F43' '337.19722806875984' 'absent']]",567.0,69.79237597677636,14.577910953116083,1275.0,220.33756676726753,48.068139689617084,397.0,67.44960075773528,14.462161062417874,21.0,2.1000000000000005,0.21000000000000013,84.0,0.38888888888888923,0.0018004115226337432
18,0.054,6,360.53000257614246,"[['14' '0.3004467928660611' 'present']
 ['23' '9.148293960996131' 'marauded']
 ['17' '10.029046055342743' 'presentdestroyed']
 ['17' '12.641244655806057' 'destroyed']
 ['2' '16.059489863379376' 'presentdestroyed']
 ['2' '17.899540671432245' 'present']
 ['14' '29.12916080069531' 'marauded']
 ['15' '29.60732142953881' 'destroyed']
 ['14' '32.72384778803236' 'presentdestroyed']
 ['15' '37.83610386534163' 'present']
 ['15' '39.36853424157884' 'present']
 ['16' '40.71894599390832' 'present']
 ['15' '67.06017314376751' 'marauded']
 ['7' '69.27683383493383' 'presentdestroyed']
 ['3' '76.91765202058747' 'present']
 ['11' '77.13540580494383' 'marauded']
 ['10' '86.53976200875435' 'present']
 ['23' '93.55490053067497' 'present']
 ['14' '96.77919481354677' 'present']
 ['15' '104.74110073495848' 'present']
 ['11' '133.5323343387799' 'present']
 ['2' '134.84366866824897' 'present']
 ['11' '137.06163730199086' 'present']
 ['10' '139.74018560445612' 'present']
 ['3' '154.79597911631086' 'present']
 ['14' '156.28316445130926' 'marauded']
 ['17' '174.85001069618343' 'present']
 ['16' '176.01384451365013' 'present']
 ['19' '177.11717658263217' 'present']
 ['12' '178.43251833696735' 'present']
 ['3' '183.13479321860683' 'present']
 ['2' '183.5936760408731' 'present']
 ['11' '213.16838990020665' 'present']
 ['15' '215.01612344880655' 'present']
 ['13' '216.46195113269778' 'present']
 ['23' '218.30767151869352' 'present']
 ['21' '224.75024100362745' 'present']
 ['7' '225.11957093169636' 'present']
 ['9' '239.0371945665642' 'present']
 ['3' '239.41089510376509' 'marauded']
 ['12' '259.54433339798317' 'present']
 ['7' '268.55170048163114' 'present']
 ['13' '272.9590404216998' 'marauded']
 ['14' '276.67324186728865' 'presentdestroyed']
 ['11' '279.4065425725585' 'destroyed']
 ['14' '279.41432901609016' 'destroyed']
 ['19' '306.46898160130206' 'marauded']
 ['10' '308.3018867287454' 'presentdestroyed']
 ['17' '316.6951046373445' 'present']
 ['19' '319.77971210880355' 'present']
 ['9' '321.7372792938733' 'present']
 ['11' '324.21918780047565' 'present']
 ['11' '334.4491988028192' 'present']
 ['13' '357.34718895006796' 'marauded']]","[['F107' '30.704382852620032' 'absentdestroyed']
 ['F146' '83.03600880940981' 'destroyed']
 ['F120' '113.7080131147211' 'absent']
 ['F163' '114.14137052634887' 'mated']
 ['F159' '175.84810328311735' 'mated']
 ['F5' '192.965475396471' 'absent']
 ['F57' '213.48339613310844' 'absent']
 ['F195' '221.31628916302077' 'mated']
 ['F126' '235.40806343265155' 'absent']
 ['F18' '241.09080007529664' 'destroyed']
 ['F168' '260.3903776933672' 'mated']
 ['F160' '318.8525734578474' 'mated']
 ['F72' '319.31468860963497' 'absent']
 ['F187' '357.1703029733958' 'mated']]",578.0,69.4696438214285,13.118126868423817,1453.0,237.82174896278434,49.73795186858631,309.0,50.786722224014,10.45801308445677,15.0,1.5000000000000002,0.15000000000000008,97.0,0.4490740740740747,0.0020790466392318235
19,0.054,10,360.4185841081025,"[['7' '6.468749117770919' 'present']
 ['21' '16.859544237608198' 'present']
 ['15' '25.513921246736526' 'present']
 ['23' '34.97674582048804' 'marauded']
 ['12' '37.00169265098946' 'presentdestroyed']
 ['10' '39.69711366565989' 'presentdestroyed']
 ['21' '39.947174123438806' 'presentdestroyed']
 ['10' '47.214177195870754' 'present']
 ['21' '57.48224758825907' 'present']
 ['3' '62.914131208043266' 'present']
 ['18' '63.106344939968636' 'marauded']
 ['3' '64.07969439815108' 'presentdestroyed']
 ['10' '72.42048455586492' 'present']
 ['13' '97.0819174591907' 'present']
 ['23' '103.79931957993702' 'present']
 ['10' '118.6549658066199' 'present']
 ['23' '128.04001207213997' 'present']
 ['15' '135.8767097653327' 'present']
 ['16' '142.6609981523231' 'present']
 ['15' '145.24594987069574' 'present']
 ['15' '161.45935332225696' 'marauded']
 ['14' '164.0017697360255' 'presentdestroyed']
 ['10' '165.87493542666684' 'presentdestroyed']
 ['11' '179.86461106598736' 'present']
 ['21' '184.70152681105003' 'present']
 ['14' '185.60967341851673' 'present']
 ['15' '187.09955042759287' 'present']
 ['3' '187.86485434847248' 'present']
 ['10' '203.1672154963172' 'present']
 ['17' '220.06091918533406' 'marauded']
 ['12' '251.91574534155836' 'present']
 ['23' '257.714174056687' 'marauded']
 ['21' '271.0407507440551' 'marauded']
 ['11' '273.5418542618879' 'presentdestroyed']
 ['14' '276.89135352343334' 'presentdestroyed']
 ['9' '288.7606739182285' 'marauded']
 ['3' '292.09929814170346' 'destroyed']
 ['16' '292.41387916057647' 'presentdestroyed']
 ['7' '304.43345968770666' 'present']
 ['21' '315.2814515429009' 'present']
 ['15' '319.6103420864315' 'present']
 ['7' '326.0084450146756' 'marauded']
 ['17' '329.406207169599' 'presentdestroyed']
 ['3' '350.2173384889535' 'present']
 ['10' '353.2064993342211' 'present']
 ['14' '357.60092277790716' 'present']
 ['15' '358.57856721652536' 'present']]","[['F148' '76.01220211183548' 'mated']
 ['F128' '98.46655048799373' 'absent']
 ['F91' '104.06964113422747' 'absent']
 ['F156' '110.46503475150445' 'mated']
 ['F120' '113.71727237398034' 'mated']
 ['F63' '130.02872487794363' 'mated']
 ['F97' '163.8349195929464' 'destroyed']
 ['F122' '168.7399246429241' 'mated']
 ['F109' '170.0473570214135' 'absent']
 ['F99' '173.28027478813715' 'mated']
 ['F8' '198.6089945745731' 'mated']
 ['F46' '204.05780603848393' 'mated']
 ['F24' '252.13055051045984' 'mated']
 ['F3' '258.9059801875285' 'destroyed']
 ['F6' '264.85315098768297' 'destroyed']
 ['F85' '319.3851893693702' 'mated']]",568.0,69.72611293918865,14.07274485941836,1471.0,239.56847600834155,49.7060433708629,279.0,49.08766662489618,10.874649681057914,14.0,1.4000000000000001,0.14000000000000007,84.0,0.38888888888888923,0.0018004115226337432
20,0.0,12,360.0183025362202,"[['10' '10.1026948614835' 'present']
 ['16' '10.17815111605569' 'present']
 ['2' '19.215190823615615' 'marauded']
 ['12' '21.12373185279468' 'presentdestroyed']
 ['15' '21.405305520817265' 'destroyed']
 ['12' '23.40927276593983' 'presentdestroyed']
 ['21' '31.277579167763783' 'marauded']
 ['9' '44.32152887281598' 'marauded']
 ['13' '47.29485335606641' 'destroyed']
 ['19' '54.69302952151116' 'present']
 ['23' '62.02305343067703' 'marauded']
 ['3' '64.85858681937269' 'destroyed']
 ['13' '67.98427948991579' 'presentdestroyed']
 ['19' '73.71658139797' 'present']
 ['2' '83.62544046144005' 'present']
 ['19' '85.47735183603402' 'present']
 ['2' '104.75941945678198' 'present']
 ['12' '104.8349221368505' 'present']
 ['17' '107.17008999895809' 'present']
 ['21' '119.92213470320972' 'present']
 ['23' '134.9877184268915' 'present']
 ['2' '143.02022366354313' 'marauded']
 ['12' '143.42547837895984' 'presentdestroyed']
 ['15' '151.14259458510406' 'present']
 ['15' '152.38179803862423' 'present']
 ['14' '153.92661830701283' 'present']
 ['19' '175.17751924579207' 'present']
 ['7' '178.5880887539095' 'present']
 ['9' '179.16197406081383' 'marauded']
 ['18' '181.3561002802962' 'presentdestroyed']
 ['11' '184.34086198311164' 'destroyed']
 ['3' '185.89204430952182' 'destroyed']
 ['10' '190.91947621952536' 'marauded']
 ['10' '192.8586206175331' 'presentdestroyed']
 ['2' '193.2550508482232' 'destroyed']
 ['21' '197.46269460640926' 'presentdestroyed']
 ['9' '212.20488573990792' 'present']
 ['23' '226.1927466178125' 'present']
 ['16' '229.62139697347774' 'present']
 ['12' '243.00722103899113' 'present']
 ['2' '245.3280094583521' 'marauded']
 ['21' '247.348345090285' 'presentdestroyed']
 ['23' '262.44599940851464' 'present']
 ['7' '280.6665201177707' 'present']
 ['16' '281.5766759851295' 'marauded']
 ['16' '281.75833965352655' 'presentdestroyed']
 ['7' '300.06977016235834' 'present']
 ['19' '308.00746436527913' 'marauded']
 ['14' '310.25654689817645' 'presentdestroyed']
 ['16' '313.3747570443581' 'presentdestroyed']
 ['21' '315.48526179752525' 'presentdestroyed']
 ['10' '325.413836834533' 'present']
 ['18' '341.09324230690885' 'present']
 ['11' '345.46645297389733' 'marauded']
 ['14' '351.50416529011403' 'presentdestroyed']
 ['17' '358.8291671980429' 'present']
 ['10' '358.87197677136135' 'present']]","[['F89' '49.19837892340472' 'destroyed']
 ['F75' '105.52260731738201' 'mated']
 ['F172' '131.877984833008' 'mated']
 ['F77' '151.58379647321516' 'mated']
 ['F38' '159.2814650862758' 'mated']
 ['F23' '189.56153898376851' 'mated']
 ['F199' '223.848396010025' 'mated']
 ['F18' '241.09542970492626' 'mated']
 ['F205' '263.7860299369528' 'mated']
 ['F78' '264.72830846015944' 'mated']
 ['F6' '264.8508361728681' 'absent']
 ['F92' '274.5950017256378' 'mated']
 ['F2' '280.30406978591145' 'mated']
 ['F95' '289.5168074837443' 'mated']]",566.0,71.90110750455673,14.437631319594713,1289.0,220.59138883062096,47.44824695084101,375.0,67.5092106504778,14.855337073237644,0.0,0.0,0.0,0.0,0.0,0.0
21,0.054,10,360.20411523265517,"[['2' '1.515274648928425' 'marauded']
 ['17' '4.229945060989872' 'presentdestroyed']
 ['17' '10.145430566296564' 'present']
 ['2' '12.073989450251656' 'present']
 ['23' '12.280988668863635' 'present']
 ['9' '12.419285587880143' 'present']
 ['7' '19.59979492260069' 'marauded']
 ['19' '21.74082001888383' 'presentdestroyed']
 ['23' '21.822746258501965' 'destroyed']
 ['7' '38.075799847348435' 'present']
 ['7' '45.03023114629562' 'present']
 ['12' '50.09510691147626' 'present']
 ['23' '56.21229119336146' 'present']
 ['10' '56.94444418635477' 'present']
 ['9' '60.36810953328793' 'present']
 ['10' '63.30594608467012' 'present']
 ['9' '63.3953356080902' 'present']
 ['10' '65.57447383158241' 'present']
 ['12' '66.45273735624006' 'marauded']
 ['11' '77.03077617531422' 'marauded']
 ['15' '85.78169848596417' 'present']
 ['10' '91.21511884201702' 'marauded']
 ['3' '100.45264973866637' 'present']
 ['17' '102.46442173852313' 'present']
 ['17' '108.39107766569008' 'present']
 ['9' '109.60969660302081' 'marauded']
 ['12' '117.64808119882518' 'present']
 ['15' '123.32785589073274' 'present']
 ['10' '127.95329954125258' 'present']
 ['3' '128.57480574633888' 'marauded']
 ['18' '133.51912924426577' 'presentdestroyed']
 ['3' '135.07099232005166' 'presentdestroyed']
 ['2' '141.60248462606472' 'present']
 ['18' '149.06688350831246' 'present']
 ['12' '167.10242875940656' 'present']
 ['11' '171.67631726843717' 'present']
 ['2' '176.70047637528114' 'present']
 ['18' '186.56269460559216' 'marauded']
 ['12' '198.52202365180096' 'present']
 ['3' '199.3933661507726' 'present']
 ['10' '204.3005456806234' 'present']
 ['18' '215.70826144661342' 'present']
 ['18' '221.31192917734631' 'present']
 ['14' '225.00946085390103' 'present']
 ['16' '226.76933192278372' 'present']
 ['10' '229.1548717204103' 'present']
 ['13' '248.06281874695412' 'present']
 ['10' '259.92918583670763' 'marauded']
 ['9' '273.71708726562656' 'present']
 ['7' '289.9000738130553' 'present']
 ['3' '303.1719536955465' 'present']
 ['2' '312.247608443117' 'present']
 ['10' '313.11799871449585' 'present']
 ['15' '321.15548241776895' 'marauded']
 ['9' '329.97818088507006' 'marauded']
 ['3' '352.0445585288758' 'present']
 ['3' '354.41707448110367' 'present']]","[['F44' '34.180554654176625' 'mated']
 ['F111' '40.326090991663484' 'mated']
 ['F144' '48.22997163373692' 'absent']
 ['F36' '88.44570267216048' 'mated']
 ['F120' '113.71032792953591' 'destroyed']
 ['F138' '120.23843380649468' 'mated']
 ['F64' '173.31232330989124' 'mated']
 ['F170' '188.60965481670684' 'absentdestroyed']
 ['F121' '190.62176764234587' 'absentdestroyed']
 ['F158' '222.9848258824867' 'mated']
 ['F96' '232.9325355143801' 'mated']
 ['F200' '237.45104659025748' 'mated']
 ['F17' '237.68406281021836' 'absent']
 ['F130' '250.55176182898563' 'mated']
 ['F164' '255.71410499621723' 'mated']
 ['F106' '323.06472363417237' 'destroyed']]",581.0,67.15696743108852,13.144923557947667,1312.0,224.6783911395672,49.262913132420536,395.0,67.08168444458512,14.20164326675855,9.0,0.8999999999999999,0.09000000000000002,65.0,0.3009259259259259,0.0013931755829903966
22,0.0,12,360.727076477477,"[['3' '0.9291765459288187' 'present']
 ['10' '26.362962187342966' 'present']
 ['3' '32.390106904738495' 'present']
 ['19' '33.51527435710643' 'present']
 ['18' '39.61137034207492' 'marauded']
 ['13' '43.166269469675385' 'presentdestroyed']
 ['13' '51.268931933558896' 'present']
 ['15' '51.86412548497461' 'marauded']
 ['13' '65.0374023157919' 'present']
 ['23' '72.32649371281379' 'present']
 ['7' '88.11010789155212' 'present']
 ['2' '93.53516162781887' 'present']
 ['12' '95.19659857094851' 'present']
 ['7' '95.7269131955057' 'present']
 ['17' '100.8217778180717' 'marauded']
 ['19' '104.87259902138806' 'presentdestroyed']
 ['13' '104.89102926609567' 'presentdestroyed']
 ['10' '107.10528626152677' 'presentdestroyed']
 ['13' '111.31482087297792' 'present']
 ['13' '120.08011630537216' 'present']
 ['10' '135.0779738810627' 'present']
 ['3' '139.52768283921174' 'marauded']
 ['13' '144.37509218985778' 'destroyed']
 ['19' '144.3760967374173' 'destroyed']
 ['11' '155.81628283108674' 'present']
 ['12' '166.905617087961' 'present']
 ['11' '171.03508989054666' 'present']
 ['18' '174.5929093216058' 'present']
 ['7' '184.2919927722508' 'marauded']
 ['15' '190.2153197215096' 'destroyed']
 ['3' '190.66791738027743' 'presentdestroyed']
 ['19' '190.8711246032579' 'presentdestroyed']
 ['21' '195.0019144949298' 'present']
 ['12' '198.51739402217135' 'present']
 ['19' '199.94947693920304' 'present']
 ['10' '203.40824132690148' 'present']
 ['12' '209.38911775005693' 'present']
 ['23' '210.68208518685944' 'marauded']
 ['11' '216.9791618849848' 'presentdestroyed']
 ['13' '229.9468285831184' 'marauded']
 ['3' '245.1793371966008' 'present']
 ['13' '252.97770232428712' 'present']
 ['16' '254.90806059954747' 'marauded']
 ['2' '262.7227918886695' 'present']
 ['11' '270.04445156982774' 'present']
 ['23' '276.58722871203156' 'present']
 ['17' '280.5793839694349' 'marauded']
 ['15' '284.5366273690654' 'destroyed']
 ['9' '289.61180330335446' 'marauded']
 ['16' '295.0035029492661' 'presentdestroyed']
 ['7' '300.85453264927975' 'present']
 ['10' '300.8828186871525' 'present']
 ['13' '301.5295442431158' 'marauded']
 ['14' '306.06133206994895' 'presentdestroyed']
 ['17' '309.0952129255131' 'present']
 ['13' '326.707988743816' 'marauded']
 ['15' '346.6084915588754' 'present']
 ['17' '349.9060211198773' 'marauded']
 ['10' '349.95222155790754' 'destroyed']
 ['7' '359.63420824027463' 'present']]","[['F39' '115.36803866743092' 'mated']
 ['F22' '117.45054109188844' 'mated']
 ['F134' '132.98620526932598' 'mated']
 ['F62' '143.82958336604088' 'destroyed']
 ['F51' '153.46488435916595' 'mated']
 ['F37' '155.27002778776065' 'absent']
 ['F37' '155.27465741739027' 'absent']
 ['F173' '158.84769545224827' 'mated']
 ['F1' '161.95692453414875' 'mated']
 ['F179' '163.95987913569263' 'mated']
 ['F73' '189.81946441353574' 'absentdestroyed']
 ['F5' '192.9701050261006' 'mated']
 ['F57' '213.48108131829363' 'destroyed']
 ['F17' '237.68637762503317' 'mated']
 ['F166' '259.7163954501319' 'destroyed']
 ['F48' '268.2027954612124' 'mated']
 ['F105' '275.75565328210075' 'mated']
 ['F208' '315.2577334463843' 'mated']]",567.0,70.99805978241501,15.381274509335675,1243.0,210.13338563391306,44.851396110236806,497.0,78.90748715594233,16.04980316633137,0.0,0.0,0.0,0.0,0.0,0.0
23,0.054,6,359.9062954635988,"[['19' '7.831753422476817' 'present']
 ['13' '17.813136661208603' 'present']
 ['12' '18.09095290583532' 'present']
 ['9' '33.361534804193234' 'present']
 ['16' '34.73165153633795' 'present']
 ['2' '82.8691035785635' 'present']
 ['17' '83.57660805477842' 'present']
 ['12' '90.99851194092814' 'present']
 ['9' '98.5906853134016' 'present']
 ['21' '109.22291541402862' 'marauded']
 ['18' '125.08837975802977' 'present']
 ['3' '133.41788762254677' 'present']
 ['17' '135.41414779860216' 'present']
 ['11' '140.6039978176973' 'marauded']
 ['13' '144.37046256022816' 'destroyed']
 ['15' '148.43412275805454' 'present']
 ['15' '156.63780043638283' 'present']
 ['15' '170.65570975576878' 'present']
 ['21' '180.0901769174387' 'present']
 ['18' '186.55806497596254' 'present']
 ['19' '189.64591570508534' 'present']
 ['2' '190.97908173268837' 'marauded']
 ['3' '202.36721014519784' 'present']
 ['12' '203.83301641547288' 'present']
 ['12' '205.42203245793658' 'present']
 ['18' '211.17208971966392' 'present']
 ['15' '227.130695910314' 'present']
 ['11' '228.63562781443494' 'present']
 ['11' '234.98738274700224' 'marauded']
 ['15' '244.67556155630257' 'marauded']
 ['12' '250.77900833363984' 'destroyed']
 ['10' '254.15519128440604' 'present']
 ['9' '262.77136762771795' 'present']
 ['14' '277.33319225507057' 'present']
 ['17' '278.04684941718995' 'marauded']
 ['19' '280.7325171380227' 'presentdestroyed']
 ['2' '286.77964150775625' 'present']
 ['7' '293.3912503149699' 'present']
 ['21' '297.30199412259765' 'present']
 ['17' '303.641858606425' 'marauded']
 ['2' '303.89026418758954' 'presentdestroyed']
 ['19' '305.5303672819846' 'presentdestroyed']
 ['19' '311.52195374358917' 'present']
 ['15' '312.74237511647385' 'present']
 ['17' '318.7535373532798' 'marauded']
 ['16' '329.00921855705224' 'marauded']
 ['17' '340.4580691742143' 'present']
 ['15' '345.8364301449822' 'present']
 ['15' '358.29060951174586' 'present']]","[['F102' '80.70462228547916' 'mated']
 ['F210' '88.27090252508226' 'mated']
 ['F203' '155.75344291377388' 'mated']
 ['F202' '160.2666594363147' 'mated']
 ['F68' '256.864343419827' 'mated']
 ['F48' '268.1958510167679' 'absent']
 ['F174' '288.8185179093928' 'mated']
 ['F85' '319.38287455455537' 'destroyed']]",569.0,70.27506852541494,14.57547954038979,1377.0,232.73831809523935,49.629037474535636,297.0,55.35922565067178,12.527279029466216,14.0,1.4000000000000001,0.14000000000000007,64.0,0.2962962962962962,0.001371742112482852
