id,probability_maraud,successful_mating,next_foraging_time,mar_attempts,mate_attempts,foraging_events,foraging_hrs,foraging_sqhrs,staying_events,staying_hrs,staying_sqhrs,repairing_events,repairing_hrs,repairing_sqhrs,marauding_events,marauding_hrs,marauding_sqhrs,traveling_events,traveling_hrs,traveling_sqhrs
0,0.054,8,360.3420114107966,"[['15' '0.28040039985424076' 'present']
 ['19' '1.9129679401502582' 'present']
 ['10' '15.420951637201535' 'marauded']
 ['11' '22.15496771457088' 'presentdestroyed']
 ['7' '24.85892234391321' 'present']
 ['13' '27.682880480355937' 'marauded']
 ['6' '32.27322462391848' 'destroyed']
 ['7' '35.33286260579796' 'marauded']
 ['10' '37.36569156903343' 'presentdestroyed']
 ['13' '37.97803478405769' 'presentdestroyed']
 ['13' '43.06904049791805' 'present']
 ['23' '43.06945472561713' 'present']
 ['14' '45.76000087496004' 'marauded']
 ['1' '48.492540915503' 'destroyed']
 ['10' '51.72143913861346' 'presentdestroyed']
 ['11' '61.429819145912376' 'present']
 ['14' '67.46553212326894' 'present']
 ['13' '69.08699341609749' 'present']
 ['21' '69.10161619931249' 'present']
 ['16' '73.91608683552906' 'marauded']
 ['8' '78.87354623734817' 'presentdestroyed']
 ['10' '81.36777733749373' 'presentdestroyed']
 ['8' '86.80105661378343' 'present']
 ['20' '86.91038970449837' 'present']
 ['10' '92.03507001669392' 'present']
 ['21' '95.19223239660835' 'present']
 ['21' '97.57654329854515' 'present']
 ['20' '99.31297058174182' 'marauded']
 ['12' '102.86204505388687' 'presentdestroyed']
 ['20' '107.82584828493893' 'present']
 ['16' '108.81288679186414' 'marauded']
 ['18' '112.27000473287801' 'presentdestroyed']
 ['21' '112.5644610267336' 'destroyed']
 ['14' '116.78258875398656' 'marauded']
 ['9' '117.35892080346628' 'presentdestroyed']
 ['9' '119.56215480826056' 'destroyed']
 ['16' '122.523222504903' 'destroyed']
 ['17' '124.40109700441563' 'presentdestroyed']
 ['17' '127.3641069579497' 'present']
 ['11' '135.82935782698078' 'marauded']
 ['19' '139.80269984012787' 'destroyed']
 ['14' '150.64225439176934' 'present']
 ['1' '153.66908750548677' 'present']
 ['7' '156.25140181211148' 'present']
 ['11' '157.19266484039755' 'marauded']
 ['2' '164.22312957594255' 'present']
 ['22' '165.49415445529127' 'present']
 ['10' '173.50089786900512' 'marauded']
 ['9' '174.65140580782727' 'presentdestroyed']
 ['14' '176.9794214685634' 'presentdestroyed']
 ['13' '186.35621446873688' 'present']
 ['20' '186.8958139247209' 'present']
 ['5' '192.84629405579486' 'present']
 ['23' '197.30033489728302' 'marauded']
 ['14' '205.1439130811879' 'destroyed']
 ['2' '211.87052059010304' 'present']
 ['23' '237.2515483260107' 'marauded']
 ['2' '246.25852537524955' 'marauded']
 ['19' '251.52039753666244' 'presentdestroyed']
 ['21' '254.02815166918666' 'marauded']
 ['8' '279.51768493840797' 'present']
 ['17' '282.1516526344049' 'present']
 ['9' '282.3220797047446' 'present']
 ['17' '282.7938415381381' 'present']
 ['11' '283.60905801343006' 'present']
 ['5' '291.6379039366944' 'marauded']
 ['9' '296.3821927974416' 'presentdestroyed']
 ['21' '303.27745520939123' 'present']
 ['9' '317.144802088821' 'marauded']
 ['1' '322.92477558118696' 'presentdestroyed']
 ['4' '330.04533724353865' 'present']
 ['17' '338.5606260007022' 'present']
 ['15' '339.25342484279975' 'present']
 ['19' '339.69634989165553' 'marauded']
 ['4' '340.96172983357087' 'destroyed']
 ['4' '342.3045033836511' 'presentdestroyed']
 ['2' '342.5513878772912' 'presentdestroyed']
 ['8' '342.7057082318494' 'presentdestroyed']
 ['14' '343.52366784101713' 'destroyed']
 ['10' '346.7269717047344' 'destroyed']
 ['23' '349.8737723809287' 'marauded']
 ['10' '357.6231381641106' 'present']
 ['16' '359.49279931176477' 'marauded']
 ['10' '359.50006194549627' 'destroyed']]","[['F49' '52.54435092456723' 'destroyed']
 ['F22' '86.85345168315335' 'mated']
 ['F161' '115.65004091603352' 'destroyed']
 ['F205' '128.0128427447723' 'mated']
 ['F196' '158.1440753390867' 'destroyed']
 ['F128' '181.6799249054204' 'mated']
 ['F109' '191.2940351429551' 'mated']
 ['F15' '207.37169547541484' 'mated']
 ['F16' '219.2336022036279' 'mated']
 ['F103' '255.5644070363303' 'destroyed']
 ['F184' '270.2804297344967' 'mated']
 ['F40' '309.90260379603285' 'mated']
 ['F214' '353.6206825213562' 'destroyed']]",571.0,72.12777523681429,15.052210729567424,1031.0,170.7373036599007,36.14399730694563,710.0,115.91455304693261,24.54736340883055,11.0,1.0999999999999999,0.11000000000000004,54.0,0.24999999999999972,0.0011574074074074065
1,0.054,6,360.13890552927046,"[['8' '1.3157818486952217' 'present']
 ['8' '1.9479490879001657' 'present']
 ['18' '5.822813112823113' 'marauded']
 ['23' '8.174651628734244' 'presentdestroyed']
 ['16' '11.369038147795626' 'presentdestroyed']
 ['5' '24.140578185878354' 'present']
 ['9' '25.705965079224317' 'marauded']
 ['6' '26.291852941723555' 'presentdestroyed']
 ['7' '26.336479461576335' 'presentdestroyed']
 ['13' '28.67040702676087' 'presentdestroyed']
 ['6' '34.575458704918965' 'present']
 ['22' '46.90108075706517' 'present']
 ['7' '47.73560421228985' 'present']
 ['9' '62.17869614252875' 'present']
 ['23' '73.81119407741733' 'present']
 ['16' '74.21318478414074' 'present']
 ['8' '96.01539004546188' 'present']
 ['15' '97.96445697080766' 'marauded']
 ['4' '104.2682640142073' 'presentdestroyed']
 ['22' '120.23208727019976' 'present']
 ['14' '141.05516891767275' 'present']
 ['8' '146.30153131934418' 'present']
 ['8' '150.95925115564233' 'present']
 ['18' '153.39744047240725' 'present']
 ['22' '166.17850440217623' 'present']
 ['23' '168.59398356756978' 'present']
 ['18' '173.527878543699' 'present']
 ['19' '197.14270118582547' 'present']
 ['9' '197.92826334032378' 'present']
 ['13' '202.9282084225773' 'present']
 ['14' '213.2506913326841' 'present']
 ['15' '213.41280471761235' 'present']
 ['7' '220.07975278542713' 'present']
 ['19' '225.33514815335514' 'present']
 ['10' '244.61488844819243' 'present']
 ['17' '245.51530814438289' 'present']
 ['15' '245.63714712712832' 'present']
 ['12' '248.52468295519276' 'present']
 ['22' '255.7884350967618' 'present']
 ['10' '255.89038431405308' 'present']
 ['22' '257.80925626721967' 'present']
 ['11' '269.81993964126207' 'marauded']
 ['19' '272.44811531135656' 'presentdestroyed']
 ['15' '279.9204446482412' 'present']
 ['19' '289.0939082794423' 'present']
 ['4' '307.87288003212745' 'present']
 ['16' '327.01735220016144' 'present']
 ['23' '331.3430212214716' 'marauded']
 ['22' '334.80450918728945' 'presentdestroyed']
 ['22' '337.50363782378986' 'presentdestroyed']
 ['16' '355.9762420422821' 'present']
 ['22' '356.6098890187347' 'present']
 ['14' '359.25749968891927' 'present']]","[['F80' '74.84387502848374' 'mated']
 ['F126' '154.64789793654793' 'mated']
 ['F185' '161.03311247282417' 'absent']
 ['F20' '165.4932748652532' 'absent']
 ['F158' '174.20903005469916' 'mated']
 ['F54' '186.69753828057594' 'mated']
 ['F177' '249.1451500577703' 'mated']
 ['F206' '257.8940629429646' 'absent']
 ['F193' '278.8797243055213' 'mated']
 ['F182' '347.05902174260547' 'absent']]",576.0,68.56688838079269,13.81773729542907,1533.0,259.2188589008678,55.35878749997416,184.0,30.611282261315232,6.312953258654225,13.0,1.3,0.13000000000000006,72.0,0.3333333333333334,0.0015432098765432085
2,0.054,8,360.45494247937467,"[['1' '1.6007679692879848' 'present']
 ['0' '5.900942028875904' 'present']
 ['15' '14.115649342096502' 'present']
 ['10' '15.896675970792934' 'present']
 ['8' '17.76165117002673' 'marauded']
 ['12' '18.337386116100717' 'presentdestroyed']
 ['8' '23.44035189556919' 'destroyed']
 ['8' '27.756680951889724' 'present']
 ['6' '30.680888929037923' 'present']
 ['10' '44.741827441202844' 'present']
 ['22' '63.35611882129673' 'present']
 ['5' '69.21382215389112' 'present']
 ['5' '71.26196655325514' 'marauded']
 ['8' '76.03448502047134' 'presentdestroyed']
 ['13' '77.0100942808825' 'destroyed']
 ['19' '77.4540568049434' 'presentdestroyed']
 ['21' '83.30796387320056' 'present']
 ['1' '86.21825608950013' 'marauded']
 ['1' '109.13400445868963' 'marauded']
 ['5' '114.88280546143478' 'presentdestroyed']
 ['1' '129.6003901328056' 'present']
 ['8' '139.04937329210608' 'present']
 ['5' '139.06553037448927' 'present']
 ['15' '142.59241573080257' 'present']
 ['18' '143.96272777423354' 'present']
 ['23' '147.26020781078017' 'present']
 ['13' '150.19563789666088' 'present']
 ['13' '151.3552050656194' 'present']
 ['10' '160.7044716008459' 'present']
 ['10' '164.66583578296368' 'present']
 ['14' '165.27527074243892' 'present']
 ['17' '165.95415515450074' 'present']
 ['18' '174.6420870810908' 'marauded']
 ['14' '188.62158617068746' 'present']
 ['17' '201.24273956121107' 'present']
 ['22' '207.61046928843467' 'present']
 ['11' '208.00667874452083' 'present']
 ['17' '209.99289576659163' 'present']
 ['13' '214.0351756911956' 'present']
 ['14' '217.0650077965278' 'present']
 ['20' '226.65727678527236' 'marauded']
 ['0' '237.0593366671164' 'present']
 ['22' '237.39162087951914' 'marauded']
 ['17' '245.24709928589718' 'present']
 ['14' '250.7595262120867' 'present']
 ['21' '251.37236090589568' 'present']
 ['20' '257.58269663249104' 'present']
 ['8' '260.0565866931061' 'marauded']
 ['6' '262.16499973732857' 'presentdestroyed']
 ['16' '273.4360850729793' 'present']
 ['20' '282.97197674525347' 'present']
 ['20' '284.25510262102677' 'present']
 ['13' '285.54628706623976' 'present']
 ['14' '290.94285604943934' 'present']
 ['14' '294.96838464887895' 'present']
 ['12' '295.39534657741757' 'marauded']
 ['11' '296.7268421615531' 'presentdestroyed']
 ['21' '299.11673247992536' 'destroyed']
 ['5' '300.62589453787086' 'destroyed']
 ['13' '302.3490497500624' 'presentdestroyed']
 ['6' '304.69069000625484' 'present']
 ['0' '309.33839075347004' 'present']
 ['20' '309.8497235449796' 'present']
 ['0' '309.9883182996397' 'present']
 ['4' '316.94506814237855' 'present']
 ['1' '325.13710102964495' 'present']
 ['21' '335.84396422543296' 'present']]","[['F49' '52.54666573938205' 'absent']
 ['F166' '61.96786268037245' 'mated']
 ['F183' '93.39110811073996' 'destroyed']
 ['F89' '124.70392274757432' 'absent']
 ['F112' '126.61618457191085' 'mated']
 ['F210' '153.2843168297569' 'mated']
 ['F130' '188.82512150391295' 'mated']
 ['F74' '193.2844052170844' 'mated']
 ['F46' '213.18542578617738' 'mated']
 ['F188' '309.7660519314541' 'mated']
 ['F170' '318.2479565095831' 'mated']]",562.0,75.30888304735043,16.8231033253119,1317.0,228.5421784011641,49.9269841136925,340.0,54.83359964069699,11.56585342019301,12.0,1.2,0.12000000000000005,67.0,0.3101851851851852,0.0014360425240054857
3,0.0,10,360.24633439793314,"[['12' '1.3776406763674098' 'present']
 ['5' '9.652238964971286' 'present']
 ['15' '17.912884514784697' 'present']
 ['19' '21.92359525996967' 'present']
 ['20' '22.347018805051558' 'present']
 ['8' '32.08308882724346' 'present']
 ['10' '32.246114566506954' 'present']
 ['1' '35.761957077515945' 'present']
 ['13' '36.000120946445755' 'present']
 ['15' '37.085601099251136' 'present']
 ['10' '40.78400636443109' 'present']
 ['15' '49.18635899736177' 'present']
 ['5' '49.343376947672596' 'present']
 ['7' '53.29554970361678' 'present']
 ['0' '57.682978261197135' 'present']
 ['14' '60.577561420565765' 'present']
 ['0' '61.77436453773646' 'present']
 ['8' '67.74620863871097' 'present']
 ['13' '70.85084742662994' 'marauded']
 ['15' '78.08803164722481' 'presentdestroyed']
 ['4' '85.94953149164178' 'present']
 ['10' '86.01035473895146' 'marauded']
 ['8' '86.18801379959967' 'presentdestroyed']
 ['9' '92.76180858342917' 'presentdestroyed']
 ['4' '101.33537840888832' 'present']
 ['7' '102.37234898129827' 'present']
 ['23' '105.09067228905664' 'present']
 ['10' '106.8300471023113' 'present']
 ['18' '107.6877066533032' 'present']
 ['20' '113.76357016638828' 'marauded']
 ['7' '121.5361647009117' 'present']
 ['20' '122.61365574943287' 'present']
 ['7' '146.42802351229693' 'marauded']
 ['21' '147.6113596717811' 'presentdestroyed']
 ['13' '152.28623250800263' 'presentdestroyed']
 ['12' '156.64347702133713' 'present']
 ['14' '165.27990037206854' 'present']
 ['15' '181.03387616537077' 'present']
 ['22' '184.91832017873378' 'present']
 ['5' '187.24317206201633' 'present']
 ['12' '187.8869960480711' 'present']
 ['14' '200.6885256432919' 'marauded']
 ['15' '206.6620632351003' 'presentdestroyed']
 ['5' '212.3066642152416' 'present']
 ['15' '214.5315305666465' 'present']
 ['5' '215.42169117507675' 'marauded']
 ['21' '215.8855484627538' 'presentdestroyed']
 ['20' '217.5714185778056' 'destroyed']
 ['10' '217.99304759640947' 'presentdestroyed']
 ['21' '218.1743532159584' 'presentdestroyed']
 ['22' '230.48709528046942' 'present']
 ['12' '234.21505046182358' 'marauded']
 ['15' '234.2450345662584' 'destroyed']
 ['12' '234.4208875567863' 'destroyed']
 ['19' '244.73736706828043' 'marauded']
 ['11' '248.76166996651887' 'destroyed']
 ['1' '249.28665049289873' 'presentdestroyed']
 ['20' '257.5873262621207' 'present']
 ['10' '262.8849849173903' 'marauded']
 ['10' '262.98961454702' 'presentdestroyed']
 ['23' '269.5407047670452' 'presentdestroyed']
 ['23' '269.5453343966749' 'presentdestroyed']
 ['20' '279.490778592047' 'present']
 ['1' '280.6137768464105' 'present']
 ['9' '280.7156276715728' 'present']
 ['21' '284.05210090917615' 'present']
 ['5' '289.5268789219001' 'present']
 ['14' '290.3530964384697' 'present']
 ['21' '290.3958272287079' 'present']
 ['6' '291.90077599433783' 'present']
 ['10' '292.13729295440777' 'marauded']
 ['16' '296.7562595547799' 'presentdestroyed']
 ['14' '297.36298030325116' 'presentdestroyed']
 ['23' '300.7200134240984' 'present']
 ['0' '302.3128107869144' 'present']
 ['9' '306.1848041036425' 'present']
 ['22' '308.18300479351916' 'present']
 ['9' '325.30185106401126' 'present']
 ['9' '325.7944115578959' 'present']
 ['20' '336.7352111463976' 'present']
 ['23' '339.9501762514695' 'present']
 ['10' '344.6740962080633' 'present']
 ['14' '347.3702170464783' 'present']
 ['23' '357.79100386399085' 'present']]","[['F212' '49.567314589257' 'mated']
 ['F70' '64.76140731935504' 'mated']
 ['F80' '74.84156021366893' 'absentdestroyed']
 ['F124' '107.84567168520658' 'mated']
 ['F151' '128.3589830910347' 'mated']
 ['F84' '132.32570433916618' 'mated']
 ['F4' '163.953485174078' 'mated']
 ['F213' '178.47693334389874' 'mated']
 ['F162' '183.01446625041223' 'mated']
 ['F105' '212.10164318455804' 'mated']
 ['F9' '216.42191884240836' 'destroyed']
 ['F110' '244.9328693084635' 'destroyed']
 ['F106' '254.18908510776475' 'absent']
 ['F195' '312.11886698091445' 'mated']]",553.0,72.70910595400058,15.769730959666378,1336.0,226.3395296748895,49.10751183649286,364.0,60.96239019710735,13.239379097809417,0.0,0.0,0.0,0.0,0.0,0.0
4,0.054,9,360.48194436839293,"[['1' '2.4314070623164055' 'present']
 ['22' '5.350865752984105' 'present']
 ['5' '6.241905094782428' 'marauded']
 ['6' '7.718104417154932' 'presentdestroyed']
 ['20' '24.185585983390098' 'marauded']
 ['11' '26.106994765576964' 'presentdestroyed']
 ['16' '30.117351920477695' 'presentdestroyed']
 ['16' '42.51814270216594' 'marauded']
 ['5' '49.09303275816203' 'presentdestroyed']
 ['15' '51.98111457369944' 'present']
 ['15' '59.755735043453114' 'present']
 ['22' '61.48989546174804' 'present']
 ['22' '61.63065187043941' 'present']
 ['2' '63.68187317757098' 'marauded']
 ['21' '69.81895560865517' 'destroyed']
 ['5' '70.31664855398486' 'presentdestroyed']
 ['15' '91.10198078843197' 'present']
 ['18' '102.60629418323651' 'present']
 ['20' '103.06021398953698' 'present']
 ['1' '110.23335523122468' 'present']
 ['14' '111.60967494798902' 'present']
 ['18' '116.3265493018296' 'present']
 ['5' '126.00250024681219' 'present']
 ['17' '127.92432179049423' 'present']
 ['6' '128.42562971583362' 'present']
 ['10' '130.7305016995641' 'present']
 ['0' '131.90481588582293' 'present']
 ['15' '134.4811994023188' 'present']
 ['15' '135.31715781978957' 'marauded']
 ['23' '153.76221815415693' 'marauded']
 ['9' '157.25764535595084' 'presentdestroyed']
 ['1' '161.0625967938866' 'present']
 ['8' '162.40320936145886' 'present']
 ['16' '167.1542891152168' 'present']
 ['0' '167.67111874636794' 'marauded']
 ['15' '174.50935408137548' 'destroyed']
 ['14' '177.68918913331063' 'present']
 ['7' '184.57298878655533' 'present']
 ['9' '188.28031732809836' 'marauded']
 ['10' '193.71665601524728' 'presentdestroyed']
 ['18' '195.38441881881675' 'present']
 ['19' '196.69979095705824' 'present']
 ['17' '203.34377043900946' 'present']
 ['1' '203.51185975064988' 'present']
 ['0' '207.2368605353393' 'present']
 ['15' '209.54654826782883' 'present']
 ['1' '211.26270134716674' 'present']
 ['16' '217.97462699641065' 'present']
 ['19' '225.33051852372552' 'present']
 ['13' '235.2259449763378' 'present']
 ['16' '245.92013692862537' 'present']
 ['1' '247.6872572926119' 'present']
 ['12' '249.9543240369122' 'present']
 ['16' '259.5516037888164' 'marauded']
 ['13' '266.8266273741038' 'presentdestroyed']
 ['14' '267.4735919988578' 'presentdestroyed']
 ['14' '267.47822162848746' 'presentdestroyed']
 ['10' '283.20395629943664' 'present']
 ['20' '289.3655170935773' 'present']
 ['14' '292.1054691768532' 'present']
 ['10' '294.0851797078598' 'present']
 ['20' '297.5024755519168' 'marauded']
 ['16' '312.33467607655456' 'present']
 ['21' '312.9892782436891' 'present']
 ['21' '315.2261741841284' 'present']
 ['0' '316.9757110196291' 'present']
 ['5' '319.4190940834718' 'present']
 ['14' '320.8837415416441' 'present']
 ['10' '327.7027266105459' 'present']
 ['11' '328.03084831052183' 'present']
 ['17' '328.91989166319865' 'present']
 ['5' '331.22134655695646' 'present']
 ['20' '336.4710480644624' 'present']
 ['14' '339.67645192108057' 'present']
 ['15' '342.491102316328' 'present']
 ['8' '342.7103378614791' 'present']
 ['15' '348.0729070439365' 'marauded']]","[['F13' '11.147941056617627' 'destroyed']
 ['F95' '88.62532250407354' 'mated']
 ['F64' '95.97209304995098' 'mated']
 ['F100' '101.41452388791954' 'mated']
 ['F21' '142.7004460112705' 'absentdestroyed']
 ['F79' '167.46083696278544' 'absent']
 ['F66' '184.5288776909859' 'absent']
 ['F61' '195.47728739368443' 'mated']
 ['F2' '198.97919453192108' 'mated']
 ['F194' '200.64744160855494' 'mated']
 ['F132' '200.75045484467853' 'mated']
 ['F75' '242.61121039597347' 'mated']
 ['F82' '256.52365718069547' 'mated']]",565.0,66.84635724477018,13.239628793921355,1349.0,224.75459960368227,47.90666179920103,408.0,67.22605819341888,14.032779945198408,10.0,0.9999999999999999,0.10000000000000003,74.0,0.3425925925925927,0.0015860768175582976
5,0.054,18,360.7325837034704,"[['12' '0.0023148148148148147' 'present']
 ['13' '0.8760899946414736' 'present']
 ['11' '9.737821798678818' 'present']
 ['22' '14.15631561514325' 'present']
 ['8' '21.732432168189483' 'present']
 ['12' '27.025392217582684' 'present']
 ['21' '30.311294588356432' 'present']
 ['11' '39.25689340973265' 'present']
 ['11' '44.64977314708879' 'present']
 ['1' '46.24595281722189' 'present']
 ['6' '60.31989363874817' 'present']
 ['15' '95.92115985843637' 'marauded']
 ['8' '97.52088417178678' 'destroyed']
 ['17' '97.97815096893481' 'presentdestroyed']
 ['15' '101.0063207711294' 'presentdestroyed']
 ['20' '103.05558435990736' 'present']
 ['12' '111.92699371525563' 'present']
 ['14' '120.90812853204862' 'present']
 ['22' '130.05475190604875' 'present']
 ['19' '130.71518830128923' 'present']
 ['2' '136.21864785984974' 'present']
 ['2' '142.61031593485654' 'present']
 ['19' '144.12397350238626' 'present']
 ['10' '147.23541997644176' 'marauded']
 ['19' '151.1624641900416' 'presentdestroyed']
 ['17' '154.02888860473303' 'presentdestroyed']
 ['16' '157.41821592636543' 'present']
 ['19' '159.92522604940825' 'present']
 ['0' '169.93349575093458' 'present']
 ['9' '171.22444764719324' 'present']
 ['22' '176.8442139995532' 'present']
 ['10' '177.06872102737663' 'present']
 ['4' '204.57459523595898' 'present']
 ['16' '218.4399480171317' 'present']
 ['9' '227.67309931968543' 'marauded']
 ['10' '227.67661993417818' 'destroyed']
 ['19' '230.36805481098276' 'presentdestroyed']
 ['8' '241.13145883567438' 'marauded']
 ['12' '248.64481863849298' 'marauded']
 ['21' '252.62917656277313' 'presentdestroyed']
 ['18' '266.68024310488806' 'present']
 ['2' '269.14305403882065' 'marauded']
 ['18' '271.41114194966315' 'presentdestroyed']
 ['4' '274.0007179289058' 'presentdestroyed']
 ['10' '284.1038021475849' 'present']
 ['14' '293.4919481333358' 'present']
 ['6' '300.23056512894385' 'present']
 ['9' '308.4442339053337' 'present']
 ['14' '314.5862965165702' 'present']
 ['7' '316.7321514924346' 'present']
 ['9' '317.1401724591913' 'present']
 ['6' '333.94941653796474' 'present']
 ['18' '343.0060237317426' 'marauded']
 ['7' '347.87457377758255' 'presentdestroyed']
 ['11' '352.2742804756623' 'marauded']
 ['22' '355.3147234519756' 'destroyed']
 ['10' '357.32833908694454' 'presentdestroyed']
 ['18' '359.9368318333745' 'present']]","[['F125' '19.94918882644848' 'mated']
 ['F101' '21.84687856796399' 'absent']
 ['F81' '25.71181277964627' 'mated']
 ['F111' '83.03428138714385' 'mated']
 ['F113' '89.54389952347587' 'mated']
 ['F183' '93.39342292555477' 'mated']
 ['F139' '116.86601005376824' 'mated']
 ['F210' '153.2820020149421' 'absentdestroyed']
 ['F201' '168.35392225672362' 'mated']
 ['F53' '168.81534919786392' 'mated']
 ['F136' '194.37449351387826' 'mated']
 ['F141' '197.90771379929132' 'mated']
 ['F5' '200.7694642869155' 'mated']
 ['F154' '214.01231648293555' 'mated']
 ['F73' '235.59451723431707' 'mated']
 ['F106' '254.18677029294994' 'destroyed']
 ['F103' '255.55977740670068' 'destroyed']
 ['F148' '282.036716159166' 'mated']
 ['F140' '282.59819984027877' 'mated']
 ['F155' '295.35968325843515' 'mated']
 ['F65' '306.9835299879662' 'absent']
 ['F191' '311.61692126561223' 'mated']
 ['F211' '320.30586872126645' 'mated']]",566.0,69.80010195196522,14.548323120546707,1410.0,239.66634744756655,51.39849652045836,281.0,48.73134883163284,10.800769769828554,15.0,1.5000000000000002,0.15000000000000008,84.0,0.38888888888888923,0.0018004115226337432
6,0.054,9,360.0950039607539,"[['11' '3.8140507694198362' 'present']
 ['10' '8.972809836740819' 'present']
 ['16' '16.654987487306204' 'present']
 ['1' '23.14099880977396' 'present']
 ['8' '26.87535314043309' 'present']
 ['20' '35.912223411703' 'marauded']
 ['5' '45.04583718472682' 'present']
 ['16' '49.79010052588915' 'marauded']
 ['9' '51.05046876438157' 'presentdestroyed']
 ['1' '55.4986293103769' 'presentdestroyed']
 ['21' '59.77740805356216' 'present']
 ['13' '64.38088473654136' 'present']
 ['2' '69.97172619802585' 'marauded']
 ['11' '71.34609903138725' 'presentdestroyed']
 ['8' '73.13687125612127' 'presentdestroyed']
 ['14' '75.41904790380933' 'presentdestroyed']
 ['18' '84.85959339084673' 'present']
 ['22' '87.02409819605204' 'present']
 ['11' '90.37701138389306' 'present']
 ['17' '95.02747016902812' 'present']
 ['7' '103.22535848290838' 'present']
 ['5' '104.01534798357689' 'present']
 ['11' '104.16344896744623' 'present']
 ['4' '104.53247724815499' 'present']
 ['21' '112.70297537533379' 'present']
 ['9' '122.91646820591286' 'present']
 ['11' '137.88121259918367' 'marauded']
 ['2' '138.5864196452333' 'presentdestroyed']
 ['19' '142.2637467918666' 'presentdestroyed']
 ['8' '143.93768959074313' 'presentdestroyed']
 ['2' '150.29741830737925' 'marauded']
 ['21' '153.7934646309005' 'presentdestroyed']
 ['10' '162.4484621640343' 'present']
 ['11' '168.20369604857865' 'present']
 ['5' '168.6592852163016' 'present']
 ['0' '171.0146127426185' 'present']
 ['18' '174.74671671072042' 'marauded']
 ['15' '176.98282481087264' 'presentdestroyed']
 ['21' '179.32859611472463' 'presentdestroyed']
 ['4' '182.8285680212799' 'present']
 ['9' '188.19511553133088' 'present']
 ['10' '189.86283057344056' 'marauded']
 ['9' '191.8899039786853' 'destroyed']
 ['19' '193.50556808008966' 'presentdestroyed']
 ['19' '194.03898892249003' 'presentdestroyed']
 ['4' '208.0964646263806' 'present']
 ['23' '208.14608042070387' 'present']
 ['12' '209.2643995075022' 'present']
 ['7' '210.9067933415695' 'present']
 ['1' '211.9514718697815' 'present']
 ['4' '216.34454442230688' 'present']
 ['9' '218.48848010197784' 'present']
 ['8' '220.51252892979826' 'present']
 ['13' '242.64526206709363' 'present']
 ['18' '245.92576248829437' 'present']
 ['1' '248.3320268585655' 'present']
 ['20' '251.8563486611382' 'present']
 ['1' '255.40770597775156' 'present']
 ['22' '266.51189740665563' 'present']
 ['15' '273.0443992611083' 'present']
 ['19' '273.52106242514844' 'present']
 ['14' '274.17520605831396' 'present']
 ['15' '279.21750662885853' 'present']
 ['5' '281.8040918385508' 'present']
 ['1' '293.9256747733332' 'present']
 ['11' '301.03503804728877' 'present']
 ['10' '307.64206671953747' 'present']
 ['2' '318.2767321780388' 'marauded']
 ['14' '318.8228406538696' 'presentdestroyed']
 ['8' '322.8125432143636' 'presentdestroyed']
 ['12' '325.25406916829576' 'presentdestroyed']
 ['23' '330.904445365152' 'present']
 ['5' '331.0290148214727' 'present']
 ['9' '332.75867485766526' 'present']
 ['7' '350.6243206729684' 'present']
 ['17' '359.8173471640982' 'present']]","[['F178' '10.071101266462199' 'mated']
 ['F13' '11.145626241802812' 'absent']
 ['F163' '43.98437473899373' 'mated']
 ['F42' '66.80863519412922' 'mated']
 ['F146' '76.31921425164566' 'destroyed']
 ['F209' '101.21694253058449' 'mated']
 ['F90' '157.73527160670898' 'mated']
 ['F27' '158.7066908426487' 'absent']
 ['F109' '191.2917203281403' 'destroyed']
 ['F147' '208.3831402337761' 'mated']
 ['F38' '227.32458861413105' 'mated']
 ['F41' '239.52247770231665' 'mated']
 ['F206' '269.90563701703877' 'absent']
 ['F63' '278.32681141831705' 'mated']]",562.0,72.49142780272909,15.998207630702636,1382.0,237.1534213003499,51.55280134774735,282.0,48.99591301569408,10.341022461774893,10.0,0.9999999999999999,0.10000000000000003,84.0,0.38888888888888923,0.0018004115226337432
7,0.054,12,359.940820358809,"[['8' '13.349601627641302' 'present']
 ['2' '14.171957687891817' 'present']
 ['2' '17.075672837321818' 'present']
 ['6' '22.521270345921245' 'present']
 ['13' '30.782235777978393' 'present']
 ['13' '37.92837374908247' 'present']
 ['20' '39.34418505147421' 'present']
 ['10' '40.77937673480146' 'present']
 ['16' '43.90946957688819' 'present']
 ['21' '45.726393633966005' 'present']
 ['17' '55.99849281793691' 'present']
 ['22' '56.686937486790306' 'present']
 ['21' '57.64464463680357' 'present']
 ['16' '68.34820667267071' 'present']
 ['0' '70.47491858820347' 'present']
 ['9' '76.77506709193703' 'present']
 ['10' '79.47037875862502' 'present']
 ['20' '109.63214544262429' 'marauded']
 ['12' '111.23930948023018' 'destroyed']
 ['5' '111.84599628474312' 'presentdestroyed']
 ['14' '112.41846654831305' 'presentdestroyed']
 ['5' '127.75680866408099' 'marauded']
 ['20' '141.55785855190484' 'present']
 ['8' '144.35908441082552' 'present']
 ['14' '144.56931228788955' 'present']
 ['12' '150.0344228021053' 'present']
 ['14' '151.2656219636866' 'present']
 ['18' '162.80340498929613' 'present']
 ['12' '162.88505581041963' 'present']
 ['1' '163.8041058706763' 'present']
 ['4' '177.33350728391036' 'marauded']
 ['13' '180.00074300195058' 'presentdestroyed']
 ['18' '183.04539281922956' 'presentdestroyed']
 ['6' '183.4223068035659' 'presentdestroyed']
 ['6' '183.49274307108246' 'presentdestroyed']
 ['19' '192.69559408923595' 'present']
 ['15' '192.85652022447303' 'present']
 ['17' '195.29827318879433' 'present']
 ['22' '196.33062650843124' 'present']
 ['12' '204.67626875660346' 'present']
 ['2' '205.76912751279275' 'present']
 ['12' '222.9093413985998' 'present']
 ['22' '225.20293513307874' 'marauded']
 ['12' '229.49266958489395' 'presentdestroyed']
 ['8' '234.08510740791945' 'marauded']
 ['20' '234.4085076219272' 'presentdestroyed']
 ['11' '240.8765232195254' 'presentdestroyed']
 ['2' '250.0705409012298' 'present']
 ['6' '257.2001624575923' 'marauded']
 ['10' '268.89090286716646' 'marauded']
 ['18' '276.7858246772418' 'present']
 ['6' '281.57079613969967' 'present']
 ['20' '284.87095039980085' 'present']
 ['0' '286.26529254563553' 'present']
 ['9' '295.7825958570724' 'present']
 ['14' '298.6232962027964' 'marauded']
 ['23' '301.33998115235073' 'presentdestroyed']
 ['21' '306.9190797526557' 'present']
 ['22' '307.1443239662112' 'present']
 ['0' '309.2005322733479' 'present']
 ['4' '316.22077650444527' 'present']
 ['9' '319.4919805182727' 'present']
 ['22' '322.6900696758864' 'present']
 ['11' '327.97567609909333' 'present']
 ['4' '330.36360855161007' 'present']
 ['10' '331.19866935820806' 'present']
 ['16' '333.02685851003304' 'present']
 ['10' '339.4865731603744' 'present']
 ['10' '346.4547833018057' 'present']
 ['10' '353.55929711453575' 'present']
 ['16' '357.2069877726749' 'present']]","[['F166' '61.96554786555763' 'absent']
 ['F156' '101.0072714920276' 'mated']
 ['F104' '118.63316828984685' 'mated']
 ['F120' '148.4693209400589' 'mated']
 ['F172' '151.578318205708' 'mated']
 ['F91' '166.41796602034273' 'mated']
 ['F109' '191.28940551332548' 'absent']
 ['F67' '199.92983966484732' 'mated']
 ['F204' '205.72819653923224' 'mated']
 ['F77' '242.90900276499013' 'absent']
 ['F65' '306.98584480278106' 'mated']
 ['F14' '318.21879487962326' 'mated']
 ['F182' '347.0613365574203' 'mated']
 ['F96' '351.2814770318163' 'mated']
 ['F10' '354.3736541515733' 'mated']]",566.0,68.48698210638017,13.801736557233657,1414.0,240.56221722771667,51.428551221893514,301.0,49.1942432821951,10.132462981490475,14.0,1.4000000000000001,0.14000000000000007,85.0,0.3935185185185189,0.0018218449931412877
8,0.054,7,360.14469266394383,"[['22' '2.3810500265818932' 'marauded']
 ['22' '2.50107954584104' 'presentdestroyed']
 ['11' '3.8094211397902065' 'presentdestroyed']
 ['11' '5.979444239290824' 'presentdestroyed']
 ['12' '18.951116473624758' 'present']
 ['10' '27.878381130679863' 'present']
 ['6' '35.68510243896534' 'present']
 ['19' '41.12589336522604' 'present']
 ['23' '46.352140156421186' 'present']
 ['5' '50.200010322665555' 'marauded']
 ['12' '56.48623760673705' 'presentdestroyed']
 ['18' '57.09737021074645' 'presentdestroyed']
 ['19' '60.111341790413775' 'present']
 ['4' '61.74897597097756' 'present']
 ['1' '70.12226341841755' 'present']
 ['11' '71.28312606342936' 'present']
 ['22' '77.87203556267549' 'present']
 ['6' '90.81531680738901' 'present']
 ['5' '106.23389613638585' 'present']
 ['6' '107.31634376121941' 'present']
 ['20' '107.37585631367601' 'present']
 ['20' '111.87809246047873' 'present']
 ['17' '113.13513488653496' 'present']
 ['18' '117.9201898304092' 'marauded']
 ['6' '129.02653974988388' 'marauded']
 ['9' '133.1434621521736' 'destroyed']
 ['2' '136.88942984164052' 'present']
 ['18' '137.0404261910309' 'present']
 ['19' '149.58900990999035' 'present']
 ['13' '154.2255045392926' 'present']
 ['2' '165.0606595420878' 'present']
 ['7' '171.98614766628543' 'marauded']
 ['12' '173.64237887001616' 'presentdestroyed']
 ['15' '175.13269726020718' 'presentdestroyed']
 ['5' '179.9576270870516' 'present']
 ['9' '183.09420643521753' 'present']
 ['14' '183.70132935130798' 'present']
 ['1' '188.2639515516813' 'present']
 ['1' '189.45428914858581' 'present']
 ['17' '195.1470210973435' 'marauded']
 ['16' '197.0510182721246' 'presentdestroyed']
 ['11' '200.2452138079981' 'presentdestroyed']
 ['17' '200.71575441351737' 'presentdestroyed']
 ['11' '205.81794571302666' 'marauded']
 ['6' '210.09317658393306' 'presentdestroyed']
 ['16' '210.69459282326184' 'destroyed']
 ['11' '212.80231956065904' 'presentdestroyed']
 ['12' '215.89824474497294' 'present']
 ['1' '221.0213201853835' 'marauded']
 ['2' '225.47819849470946' 'presentdestroyed']
 ['20' '228.1227860403949' 'destroyed']
 ['11' '228.6218433891043' 'presentdestroyed']
 ['12' '245.39198494218516' 'marauded']
 ['6' '251.75529409239468' 'presentdestroyed']
 ['9' '259.1561264017311' 'present']
 ['10' '261.5919494339412' 'present']
 ['23' '264.21430523890257' 'present']
 ['19' '264.77303564606643' 'marauded']
 ['11' '265.9810507246055' 'presentdestroyed']
 ['4' '269.4981563453959' 'presentdestroyed']
 ['13' '269.6729832816258' 'presentdestroyed']
 ['17' '272.4851018303003' 'presentdestroyed']
 ['6' '272.9862178287339' 'present']
 ['20' '280.9017100416144' 'present']
 ['20' '283.7024587721526' 'marauded']
 ['20' '293.13502176561764' 'present']
 ['7' '293.78089475554066' 'present']
 ['14' '297.7407137547642' 'present']
 ['6' '304.9350054044656' 'marauded']
 ['5' '316.8813273450596' 'present']
 ['2' '318.8276088820278' 'present']
 ['15' '322.9057260907453' 'present']
 ['15' '328.87495209743827' 'present']
 ['20' '329.2558050046714' 'present']
 ['21' '333.7042966410812' 'marauded']
 ['19' '340.1800465211673' 'presentdestroyed']
 ['13' '345.2662725283004' 'present']
 ['7' '348.9454687319958' 'marauded']
 ['17' '352.05988749151606' 'presentdestroyed']
 ['22' '352.78280684105516' 'presentdestroyed']
 ['4' '357.87887491005966' 'marauded']]","[['F133' '88.28261464233702' 'mated']
 ['F23' '106.08950433339426' 'mated']
 ['F167' '107.93718644451161' 'mated']
 ['F84' '132.32338952435137' 'destroyed']
 ['F196' '158.1463901539015' 'absent']
 ['F86' '167.73596516572957' 'mated']
 ['F187' '177.16106566789108' 'destroyed']
 ['F187' '177.17032492715032' 'destroyed']
 ['F176' '191.53753903061587' 'mated']
 ['F17' '198.86027690465627' 'destroyed']
 ['F137' '225.39799993898552' 'destroyed']
 ['F103' '255.5690366659599' 'mated']
 ['F140' '282.5935702106491' 'absent']
 ['F18' '343.6185745250759' 'mated']]",560.0,74.0980421535108,15.288924198260087,1140.0,196.59772778408197,42.64548596090349,517.0,88.01050959866078,19.089668397646584,11.0,1.0999999999999999,0.11000000000000004,76.0,0.351851851851852,0.0016289437585733867
9,0.054,6,360.32055761119636,"[['17' '1.0978393267246174' 'marauded']
 ['2' '14.176587317521447' 'present']
 ['12' '14.944095010671694' 'present']
 ['15' '17.62764399064053' 'marauded']
 ['19' '21.928224889599296' 'presentdestroyed']
 ['19' '43.47809494848522' 'present']
 ['5' '43.83479106175075' 'present']
 ['6' '48.6531109094087' 'present']
 ['18' '53.1707897274603' 'marauded']
 ['2' '55.62110106305769' 'presentdestroyed']
 ['19' '66.91560400209582' 'present']
 ['1' '75.28888582028809' 'present']
 ['0' '82.0108978094445' 'marauded']
 ['19' '94.40722714718818' 'present']
 ['2' '96.31710954966533' 'present']
 ['23' '99.86863488622308' 'present']
 ['18' '104.22074030256758' 'present']
 ['11' '124.65950613800804' 'present']
 ['6' '129.67381010257776' 'present']
 ['6' '137.79059027676917' 'marauded']
 ['22' '143.4516246209715' 'presentdestroyed']
 ['13' '146.87966544015384' 'present']
 ['7' '148.50667262161735' 'present']
 ['7' '153.7226660724827' 'present']
 ['8' '155.32968730705878' 'present']
 ['18' '163.89374324555982' 'present']
 ['18' '173.62957043853794' 'present']
 ['2' '173.65874964151396' 'present']
 ['2' '173.6880031043325' 'present']
 ['11' '194.7212339099212' 'present']
 ['16' '199.29530078877386' 'present']
 ['10' '213.2368041592018' 'present']
 ['8' '215.38336386884433' 'present']
 ['4' '223.5940824182128' 'present']
 ['2' '226.19896449141467' 'present']
 ['4' '227.8610260377738' 'present']
 ['8' '241.236088465304' 'present']
 ['6' '241.97049613616636' 'marauded']
 ['1' '249.2820208632691' 'destroyed']
 ['14' '253.08076967791501' 'present']
 ['14' '260.379590902461' 'present']
 ['20' '263.61422976211804' 'marauded']
 ['1' '264.1366187949639' 'presentdestroyed']
 ['19' '266.0943556158383' 'presentdestroyed']
 ['13' '267.70124551883345' 'presentdestroyed']
 ['11' '269.8153100116324' 'presentdestroyed']
 ['12' '276.2114119909778' 'present']
 ['2' '276.3540230258895' 'present']
 ['17' '278.247559335643' 'present']
 ['16' '294.7440224430224' 'present']
 ['6' '296.5561850099169' 'present']
 ['8' '297.6336694085352' 'present']
 ['1' '303.55819135123124' 'present']
 ['12' '308.5387513315149' 'present']
 ['10' '313.75567837449057' 'present']
 ['4' '319.07518101213117' 'present']
 ['1' '327.04704860317435' 'present']
 ['6' '328.7247613179703' 'present']
 ['6' '347.8929483515567' 'present']
 ['17' '352.07478335782963' 'present']
 ['10' '352.91936435258174' 'present']
 ['4' '359.2025367677697' 'present']
 ['6' '359.34693770861486' 'present']]","[['F25' '8.96988535023704' 'mated']
 ['F111' '83.03196657232904' 'destroyed']
 ['F198' '136.35807289130327' 'mated']
 ['F21' '142.69581638164087' 'destroyed']
 ['F97' '149.53740308986025' 'mated']
 ['F122' '172.07552730794754' 'mated']
 ['F12' '175.32305139392307' 'mated']
 ['F55' '231.74241208220892' 'mated']
 ['F179' '244.35314265677889' 'destroyed']
 ['F110' '244.9351841232783' 'absentdestroyed']
 ['F174' '269.30415107765316' 'destroyed']
 ['F214' '353.622997336171' 'absent']]",564.0,65.24546325727316,13.077989873774037,1471.0,250.03203759096638,53.68372967668242,247.0,43.05274685003153,9.459306010551348,16.0,1.6000000000000003,0.1600000000000001,88.0,0.40740740740740783,0.0018861454046639214
10,0.054,15,359.84396169156565,"[['1' '3.4402210671497477' 'present']
 ['16' '14.35542416514035' 'present']
 ['16' '15.608928760102943' 'present']
 ['20' '21.73991245704535' 'present']
 ['17' '35.63276724715979' 'present']
 ['9' '46.44873318811329' 'present']
 ['7' '48.4234865075162' 'present']
 ['23' '56.824218676745296' 'present']
 ['18' '61.42385635724332' 'marauded']
 ['13' '66.65575200850776' 'presentdestroyed']
 ['20' '75.07647684854793' 'present']
 ['5' '75.25949121932713' 'present']
 ['21' '87.26922596720556' 'present']
 ['4' '88.68731080868606' 'present']
 ['21' '92.61882919105344' 'marauded']
 ['15' '96.91406412022032' 'presentdestroyed']
 ['15' '97.09463038055476' 'presentdestroyed']
 ['8' '97.97392822557416' 'presentdestroyed']
 ['12' '100.35089299328533' 'presentdestroyed']
 ['18' '104.21611067293796' 'present']
 ['15' '104.9691568564184' 'present']
 ['15' '105.8036492198996' 'present']
 ['1' '107.10094860676395' 'present']
 ['5' '107.76743047450437' 'present']
 ['7' '108.67229912768498' 'present']
 ['12' '114.53172163541745' 'present']
 ['22' '131.1899739252277' 'present']
 ['12' '132.47515376184984' 'present']
 ['20' '134.75357233235238' 'present']
 ['9' '134.79082953910947' 'present']
 ['4' '135.05253130224082' 'marauded']
 ['11' '137.4131680974059' 'destroyed']
 ['2' '141.13167608254102' 'presentdestroyed']
 ['18' '146.6146293381453' 'present']
 ['20' '150.61599383939475' 'present']
 ['22' '153.5778203177785' 'present']
 ['5' '163.82237362860604' 'present']
 ['8' '163.89696819589466' 'present']
 ['16' '169.06813885075724' 'present']
 ['5' '171.2470005015199' 'present']
 ['23' '186.99831199402496' 'present']
 ['23' '190.35536609278415' 'present']
 ['11' '197.44384765624554' 'present']
 ['9' '199.5339870780692' 'present']
 ['9' '205.2798334685475' 'present']
 ['14' '206.81176107842657' 'present']
 ['1' '211.25807171753712' 'present']
 ['0' '218.9794073979384' 'present']
 ['9' '225.49778938003277' 'present']
 ['8' '230.81312078876425' 'marauded']
 ['17' '234.78457979348266' 'destroyed']
 ['22' '246.57641012383925' 'marauded']
 ['11' '249.65602459589823' 'presentdestroyed']
 ['22' '254.56572519267831' 'present']
 ['4' '269.5027859750256' 'present']
 ['22' '273.1413079257061' 'present']
 ['6' '276.2919654788775' 'present']
 ['2' '278.7192562405861' 'present']
 ['21' '292.24473870615515' 'present']
 ['19' '294.9340330584804' 'present']
 ['9' '298.5079110617449' 'marauded']
 ['0' '303.41319955460546' 'destroyed']
 ['2' '304.96005015935435' 'presentdestroyed']
 ['20' '310.7466923098956' 'present']
 ['1' '358.25412271257886' 'present']
 ['16' '359.83939814928516' 'present']]","[['F215' '13.947974885222584' 'mated']
 ['F49' '52.548980554196866' 'mated']
 ['F98' '53.399215609444525' 'mated']
 ['F143' '98.23237118399528' 'destroyed']
 ['F76' '99.74744054052131' 'destroyed']
 ['F165' '102.74812657804354' 'mated']
 ['F116' '124.43490922028981' 'mated']
 ['F34' '145.58548636553104' 'mated']
 ['F152' '146.13746193734409' 'mated']
 ['F115' '147.91249230087288' 'mated']
 ['F27' '158.7090056574635' 'mated']
 ['F3' '162.1881980602195' 'mated']
 ['F121' '174.24159020371346' 'mated']
 ['F118' '183.99537058791634' 'mated']
 ['F110' '244.92823967883388' 'absent']
 ['F82' '256.5213423658806' 'absent']
 ['F206' '257.90332220222393' 'absent']
 ['F208' '282.67960273753664' 'mated']
 ['F50' '347.23236273043125' 'mated']
 ['F214' '353.62531215098585' 'mated']]",560.0,71.59256373823322,15.248865214676956,1463.0,249.97200203146295,53.54633607551797,217.0,36.561434567691634,7.806129193559887,15.0,1.5000000000000002,0.15000000000000008,96.0,0.44444444444444503,0.0020576131687242787
11,0.054,7,360.2820767046543,"[['17' '0.0023148148148148147' 'present']
 ['22' '4.209161201060194' 'present']
 ['20' '10.391282067318823' 'marauded']
 ['13' '11.977585045738824' 'presentdestroyed']
 ['19' '14.48996486869023' 'presentdestroyed']
 ['23' '14.98886235540311' 'presentdestroyed']
 ['18' '17.830087957424936' 'presentdestroyed']
 ['4' '20.10749734105586' 'present']
 ['2' '30.14360673655243' 'marauded']
 ['20' '48.61381014822704' 'marauded']
 ['18' '57.81868809600878' 'present']
 ['22' '58.4410834307315' 'present']
 ['16' '58.95252386479775' 'present']
 ['2' '60.25560113428891' 'present']
 ['2' '65.13124208031655' 'present']
 ['6' '66.9051699752813' 'present']
 ['9' '74.29132017806562' 'marauded']
 ['22' '74.53516772506283' 'presentdestroyed']
 ['4' '80.55157614718784' 'presentdestroyed']
 ['1' '90.09503946262376' 'present']
 ['22' '90.50091088562436' 'present']
 ['21' '90.89833231648373' 'present']
 ['0' '97.19798126494022' 'present']
 ['8' '97.24199899180451' 'present']
 ['20' '97.58105980604202' 'present']
 ['10' '105.50359332439474' 'present']
 ['12' '106.23530168444643' 'present']
 ['22' '110.64694151882345' 'present']
 ['9' '113.75202880109423' 'present']
 ['15' '117.21387065504933' 'present']
 ['14' '123.406348673446' 'present']
 ['4' '124.902493901315' 'present']
 ['16' '124.99851318822928' 'marauded']
 ['19' '129.83067042049564' 'presentdestroyed']
 ['17' '133.63495220451313' 'present']
 ['7' '147.39509646691693' 'marauded']
 ['8' '149.90925880745914' 'presentdestroyed']
 ['15' '157.05888976057324' 'present']
 ['6' '164.89337829513593' 'present']
 ['9' '168.58412476332077' 'marauded']
 ['7' '172.87136872644513' 'presentdestroyed']
 ['4' '181.6107730524324' 'marauded']
 ['10' '183.1448357177295' 'destroyed']
 ['9' '188.27568769846874' 'presentdestroyed']
 ['2' '194.75260295758903' 'present']
 ['16' '205.1238703512397' 'present']
 ['2' '211.15129022798016' 'present']
 ['18' '215.66388580991608' 'present']
 ['7' '217.09072354984914' 'present']
 ['19' '236.73200893077885' 'present']
 ['12' '241.8534296080684' 'present']
 ['7' '253.19566886733142' 'present']
 ['10' '255.22945411350946' 'marauded']
 ['8' '257.2185213738806' 'destroyed']
 ['20' '257.57806700286136' 'presentdestroyed']
 ['19' '264.6624324641766' 'present']
 ['23' '264.90307861324425' 'present']
 ['6' '270.3218538274063' 'present']
 ['4' '273.5752287706253' 'marauded']
 ['4' '275.5739897566083' 'presentdestroyed']
 ['23' '283.1751429105656' 'present']
 ['9' '294.33928114300653' 'present']
 ['15' '295.5696460500755' 'present']
 ['0' '301.4791071353276' 'marauded']
 ['6' '303.73423354887825' 'presentdestroyed']
 ['17' '305.14138884709945' 'presentdestroyed']
 ['6' '307.26217439816577' 'presentdestroyed']
 ['6' '309.5567166696638' 'present']
 ['7' '314.6915052499322' 'marauded']
 ['21' '315.7257678193839' 'presentdestroyed']
 ['16' '321.02574026449673' 'presentdestroyed']
 ['7' '321.4068389008267' 'presentdestroyed']
 ['12' '323.40411485919543' 'present']
 ['9' '325.17008658901045' 'present']
 ['4' '332.64456426846493' 'present']
 ['22' '335.3169010984417' 'marauded']
 ['5' '337.2616836257697' 'presentdestroyed']
 ['4' '340.1563057396558' 'presentdestroyed']
 ['6' '342.4321139809516' 'presentdestroyed']
 ['19' '344.5316013635255' 'present']
 ['22' '356.61451864836437' 'present']]","[['F98' '53.39690079462971' 'destroyed']
 ['F114' '71.35304548655532' 'mated']
 ['F153' '73.20561322638765' 'mated']
 ['F160' '75.86160812437244' 'destroyed']
 ['F168' '98.32911254530046' 'absent']
 ['F202' '141.09154546583017' 'mated']
 ['F172' '151.5760033908932' 'destroyed']
 ['F20' '165.49790449488282' 'absent']
 ['F79' '167.45852214797063' 'absent']
 ['F121' '174.23927538889865' 'destroyed']
 ['F45' '180.4173559662729' 'mated']
 ['F17' '186.85333246021185' 'destroyed']
 ['F130' '188.82280668909814' 'destroyed']
 ['F181' '226.32719811994716' 'mated']
 ['F59' '226.5987002550183' 'mated']
 ['F28' '249.73898818102904' 'mated']
 ['F82' '256.5190275510658' 'absentdestroyed']
 ['F184' '270.275800104867' 'absent']
 ['F186' '276.1521348924427' 'destroyed']
 ['F88' '305.44255686041663' 'absentdestroyed']]",576.0,69.24326686482162,12.887482515717076,1242.0,210.211330833067,45.2698782611782,476.0,79.2492271653455,16.96720842908949,11.0,1.0999999999999999,0.11000000000000004,78.0,0.3611111111111113,0.0016718106995884758
12,0.054,11,360.2450691232552,"[['9' '0.8072619114002665' 'present']
 ['23' '1.8669581014396486' 'present']
 ['20' '1.867184270515848' 'present']
 ['2' '4.761055027279871' 'marauded']
 ['13' '6.638030532376274' 'presentdestroyed']
 ['11' '21.728828350121862' 'present']
 ['7' '30.913746722178647' 'marauded']
 ['7' '33.77193186067673' 'presentdestroyed']
 ['13' '39.2603968638599' 'present']
 ['8' '47.97240291553704' 'present']
 ['10' '52.209501272068884' 'present']
 ['18' '54.87368111533514' 'present']
 ['0' '59.8414046798788' 'present']
 ['14' '61.68301496393594' 'present']
 ['23' '69.28911259135107' 'marauded']
 ['9' '79.84523075454122' 'marauded']
 ['19' '81.40907002201058' 'destroyed']
 ['14' '88.7918487762338' 'marauded']
 ['14' '103.71710571524969' 'present']
 ['21' '105.48074012380363' 'present']
 ['11' '117.50691185007804' 'present']
 ['11' '119.10144147102837' 'present']
 ['20' '133.2947689507774' 'present']
 ['15' '138.57573173147014' 'marauded']
 ['22' '139.05485000959473' 'presentdestroyed']
 ['13' '151.35057543598978' 'present']
 ['16' '153.65679035255695' 'present']
 ['22' '156.62496395344664' 'present']
 ['19' '169.43617476535562' 'present']
 ['1' '173.59635934660596' 'present']
 ['23' '180.2027216703191' 'present']
 ['5' '182.63921975108244' 'present']
 ['14' '182.7937129084068' 'present']
 ['19' '194.04361855211965' 'present']
 ['21' '199.5803008741085' 'present']
 ['4' '215.36264616080692' 'present']
 ['4' '216.87271185806293' 'present']
 ['2' '222.11941611241565' 'present']
 ['11' '239.04656976513672' 'present']
 ['15' '243.05460443711846' 'present']
 ['18' '246.64811353086782' 'present']
 ['7' '251.75657803834497' 'marauded']
 ['4' '252.23068266660985' 'presentdestroyed']
 ['4' '278.3698498357012' 'present']
 ['7' '283.6733209128622' 'present']
 ['1' '284.1688008335623' 'marauded']
 ['6' '307.26680402779544' 'present']
 ['4' '313.2804335189622' 'present']
 ['19' '313.3042505635247' 'present']
 ['21' '320.62739823075617' 'present']
 ['10' '323.427972491479' 'present']
 ['8' '329.8043346619283' 'marauded']
 ['4' '331.27956250081513' 'presentdestroyed']
 ['0' '339.0551421774208' 'present']
 ['4' '339.89671837934185' 'present']
 ['11' '344.8445538968336' 'present']
 ['11' '346.65696989149325' 'marauded']
 ['19' '352.68440007563976' 'presentdestroyed']
 ['23' '355.0772803379307' 'marauded']
 ['18' '358.3306893766485' 'presentdestroyed']]","[['F143' '98.2346859988101' 'mated']
 ['F76' '99.74975535533612' 'mated']
 ['F135' '114.20086083596851' 'mated']
 ['F21' '142.69813119645568' 'destroyed']
 ['F62' '146.38433888783706' 'mated']
 ['F120' '148.4646913104293' 'absent']
 ['F58' '156.13848965370536' 'mated']
 ['F185' '173.04468654689822' 'mated']
 ['F121' '174.23696057408384' 'absent']
 ['F8' '178.0477128524764' 'absent']
 ['F29' '179.51721923127334' 'mated']
 ['F66' '184.5311925058007' 'mated']
 ['F187' '189.17263974196513' 'absent']
 ['F43' '217.71992296121647' 'mated']
 ['F33' '220.18280739443819' 'mated']
 ['F110' '244.93055449364869' 'absent']
 ['F206' '257.89869257259426' 'destroyed']
 ['F65' '306.97890035833655' 'absent']
 ['F85' '339.7675824936916' 'mated']
 ['F96' '351.27916221700144' 'destroyed']]",572.0,76.5006411909521,16.882117565922172,1280.0,217.13167635362046,47.129745701640275,369.0,65.26093235259859,14.511423058143441,8.0,0.7999999999999999,0.08000000000000002,75.0,0.3472222222222224,0.0016075102880658422
13,0.054,10,360.6373098213235,"[['4' '0.06213333799523589' 'present']
 ['11' '4.058363304000687' 'present']
 ['18' '6.367516304297481' 'present']
 ['7' '16.30033110574279' 'present']
 ['15' '17.5230143610109' 'marauded']
 ['18' '24.944959152858228' 'presentdestroyed']
 ['7' '25.038826939803958' 'presentdestroyed']
 ['23' '38.1323222132184' 'present']
 ['10' '40.75013949447466' 'present']
 ['20' '51.71927033281669' 'marauded']
 ['11' '62.27354786219927' 'present']
 ['23' '66.89070601003223' 'present']
 ['12' '67.68478432864752' 'present']
 ['10' '80.37821719523035' 'marauded']
 ['7' '83.3721613673584' 'presentdestroyed']
 ['22' '90.29349853673014' 'marauded']
 ['15' '90.4102127523142' 'presentdestroyed']
 ['10' '102.3862650659444' 'present']
 ['9' '105.6721689765263' 'present']
 ['16' '108.06412707947686' 'marauded']
 ['21' '122.3884488154701' 'marauded']
 ['12' '124.01890485980884' 'presentdestroyed']
 ['6' '127.06962439830808' 'presentdestroyed']
 ['23' '127.71203037716283' 'presentdestroyed']
 ['16' '134.91381391357075' 'marauded']
 ['2' '136.43448574359016' 'destroyed']
 ['12' '137.77635692920592' 'presentdestroyed']
 ['10' '148.11881040275318' 'present']
 ['9' '167.12894497171158' 'present']
 ['1' '167.72697724214555' 'marauded']
 ['5' '171.05436041396408' 'presentdestroyed']
 ['8' '179.99094025129074' 'present']
 ['4' '186.73451167153362' 'present']
 ['12' '189.26732239388113' 'present']
 ['0' '189.35514373884473' 'marauded']
 ['19' '192.70022371886557' 'presentdestroyed']
 ['7' '202.11400074698918' 'present']
 ['6' '207.16762265097753' 'present']
 ['21' '214.205253565232' 'present']
 ['21' '215.89017809238342' 'present']
 ['12' '221.95719553860255' 'present']
 ['5' '222.63376844876038' 'present']
 ['20' '225.4453669875366' 'present']
 ['10' '226.11190613402022' 'present']
 ['4' '227.3929285938512' 'present']
 ['19' '229.16034470342782' 'present']
 ['8' '230.91775041839387' 'present']
 ['18' '243.12677423698554' 'marauded']
 ['16' '244.09340986195932' 'presentdestroyed']
 ['11' '250.1119268905457' 'present']
 ['21' '250.18516024455113' 'present']
 ['12' '250.5051755660283' 'marauded']
 ['7' '251.75194840871535' 'presentdestroyed']
 ['9' '253.64014213261592' 'destroyed']
 ['22' '261.05010211269297' 'present']
 ['18' '269.5049637341694' 'present']
 ['9' '279.4723905740464' 'present']
 ['8' '283.21696142443113' 'present']
 ['7' '284.5612742577173' 'present']
 ['20' '284.8755800294305' 'present']
 ['11' '286.9130371781548' 'present']
 ['6' '287.0197195404777' 'present']
 ['0' '290.53791748400766' 'marauded']
 ['8' '291.7687321238484' 'presentdestroyed']
 ['8' '293.68041326503607' 'presentdestroyed']
 ['8' '294.8675658485587' 'presentdestroyed']
 ['19' '296.5918047612018' 'presentdestroyed']
 ['6' '298.4119573627298' 'present']
 ['23' '298.9942862401993' 'present']
 ['17' '307.0324322103134' 'marauded']
 ['14' '318.8274702834993' 'marauded']
 ['9' '329.26937066157075' 'marauded']
 ['21' '334.4963593618641' 'presentdestroyed']
 ['7' '347.8699441479529' 'present']
 ['14' '350.28081817518904' 'present']]","[['F160' '75.85929330955763' 'absent']
 ['F160' '75.86392293918725' 'absent']
 ['F35' '146.845979344809' 'mated']
 ['F164' '149.6586554675329' 'mated']
 ['F32' '163.16672081146297' 'absent']
 ['F32' '163.17135044109259' 'absent']
 ['F52' '182.79150822596188' 'mated']
 ['F108' '212.82032682969387' 'mated']
 ['F9' '216.42423365722317' 'mated']
 ['F87' '239.69367710500282' 'mated']
 ['F71' '241.13672896720104' 'mated']
 ['F0' '247.26600662812865' 'destroyed']
 ['F103' '255.56209222151548' 'absentdestroyed']
 ['F206' '257.9010073874091' '']
 ['F19' '261.0079197592384' 'mated']
 ['F174' '269.306465892468' 'mated']
 ['F119' '327.1982796457415' 'mated']
 ['F127' '332.92919327897823' 'destroyed']]",565.0,67.70463296650861,13.56323130428199,1179.0,200.43392702442628,43.11573198741839,568.0,91.39903024154937,18.774071812413467,3.0,0.30000000000000004,0.030000000000000006,58.0,0.2685185185185183,0.0012431412894375847
14,0.054,7,360.44797937698974,"[['20' '0.0023148148148148147' 'present']
 ['23' '4.31969121401793' 'present']
 ['10' '9.429527097073747' 'present']
 ['19' '9.555986323298562' 'marauded']
 ['21' '59.27081526010079' 'present']
 ['1' '62.87235944703286' 'present']
 ['21' '74.05440769498861' 'present']
 ['6' '98.90148744821526' 'present']
 ['11' '118.12064485681036' 'present']
 ['10' '122.30560825185103' 'present']
 ['6' '123.64248559502771' 'present']
 ['12' '131.51589047662728' 'marauded']
 ['17' '133.46181493474003' 'destroyed']
 ['18' '142.9091721125266' 'present']
 ['13' '145.94908623382418' 'present']
 ['20' '146.6184243198619' 'present']
 ['20' '149.098694635607' 'present']
 ['0' '151.50826018862443' 'present']
 ['15' '153.6067706601143' 'marauded']
 ['9' '153.70796864860412' 'destroyed']
 ['8' '154.8637686749517' 'presentdestroyed']
 ['4' '167.61667146272728' 'marauded']
 ['22' '169.62521934050798' 'presentdestroyed']
 ['16' '171.7699958037217' 'presentdestroyed']
 ['6' '172.83727864990885' 'presentdestroyed']
 ['12' '174.88195987504346' 'present']
 ['15' '175.12806763057756' 'present']
 ['9' '179.48096791941163' 'present']
 ['10' '183.7997377766596' 'present']
 ['19' '188.21664206791294' 'present']
 ['2' '190.75409113729106' 'present']
 ['9' '197.72320990343215' 'present']
 ['12' '203.2915224159748' 'present']
 ['0' '211.17512354788255' 'present']
 ['9' '212.41711418673398' 'present']
 ['11' '228.61721375947468' 'present']
 ['0' '235.49223694078856' 'present']
 ['16' '243.38007784318881' 'marauded']
 ['6' '248.40521079932816' 'destroyed']
 ['6' '257.1955328279626' 'present']
 ['22' '270.0242825093688' 'present']
 ['12' '270.48852913987787' 'present']
 ['15' '277.81755523703737' 'marauded']
 ['17' '278.74986572384483' 'presentdestroyed']
 ['22' '279.1966422450886' 'presentdestroyed']
 ['8' '281.5173209661122' 'destroyed']
 ['6' '291.64947648763547' 'present']
 ['8' '294.4216504991799' 'present']
 ['16' '298.67730729426654' 'marauded']
 ['22' '300.4810090718239' 'presentdestroyed']
 ['20' '300.69281601276856' 'presentdestroyed']
 ['8' '301.0678331284683' 'presentdestroyed']
 ['5' '301.0922135501121' 'presentdestroyed']
 ['2' '305.1807686396968' 'destroyed']
 ['21' '312.2005157928432' 'present']
 ['15' '312.8894788787255' 'present']
 ['10' '321.1994981370983' 'present']
 ['15' '327.03037016651086' 'present']
 ['16' '335.4299226239807' 'present']
 ['11' '350.3009772710086' 'present']]","[['F13' '11.143311426987998' 'destroyed']
 ['F146' '76.32384388127528' 'mated']
 ['F51' '96.23134167226394' 'mated']
 ['F197' '100.46620834976717' 'mated']
 ['F171' '108.39001224919735' 'mated']
 ['F123' '163.16766320736625' 'mated']
 ['F20' '165.4909600504384' 'absent']
 ['F187' '177.1633804827059' 'absent']
 ['F213' '178.47461852908393' 'absent']
 ['F17' '186.84870283058223' 'absent']
 ['F177' '249.1428352429555' 'destroyed']
 ['F138' '256.9000097919991' 'mated']
 ['F94' '310.536488203248' 'mated']]",557.0,70.9922947699861,15.071192656972604,1431.0,244.78369259056723,53.41453979820255,253.0,42.78678373604143,9.387728591427095,12.0,1.2,0.12000000000000005,89.0,0.4120370370370375,0.001907578875171466
15,0.054,10,359.9705045041796,"[['17' '0.29943785780269505' 'present']
 ['23' '0.6124136360388442' 'present']
 ['11' '0.7403127227787972' 'marauded']
 ['22' '3.8426031139850423' 'presentdestroyed']
 ['5' '18.65759012459635' 'marauded']
 ['1' '20.680457215702923' 'presentdestroyed']
 ['6' '22.33244384248543' 'presentdestroyed']
 ['7' '26.7767783263239' 'present']
 ['8' '27.652051322260096' 'marauded']
 ['9' '29.563968333497375' 'presentdestroyed']
 ['7' '32.28032323583541' 'presentdestroyed']
 ['18' '33.368026644412645' 'presentdestroyed']
 ['23' '38.933550650782585' 'marauded']
 ['13' '39.812757729657534' 'presentdestroyed']
 ['16' '43.90483994725856' 'presentdestroyed']
 ['23' '45.626171883621424' 'presentdestroyed']
 ['23' '49.53870211787122' 'present']
 ['10' '51.195707825448594' 'present']
 ['0' '61.665665443183066' 'present']
 ['5' '64.322492628521' 'marauded']
 ['0' '65.23805300611251' 'presentdestroyed']
 ['18' '65.80313503006876' 'destroyed']
 ['21' '82.4529771452872' 'present']
 ['4' '84.61052592295233' 'present']
 ['19' '88.93054796039027' 'present']
 ['5' '104.99459274713628' 'present']
 ['0' '108.72779845993509' 'marauded']
 ['14' '112.79556290968627' 'presentdestroyed']
 ['16' '123.93090443243698' 'present']
 ['6' '126.29667576450173' 'marauded']
 ['23' '127.71666000679245' 'presentdestroyed']
 ['17' '129.31739830715347' 'presentdestroyed']
 ['17' '132.1543131410243' 'presentdestroyed']
 ['23' '139.22816442970412' 'present']
 ['17' '158.25888775133956' 'present']
 ['5' '159.2967205036366' 'present']
 ['2' '160.2097473119422' 'present']
 ['22' '160.9031539276866' 'marauded']
 ['13' '161.52429168630866' 'destroyed']
 ['8' '164.7485128749946' 'destroyed']
 ['10' '164.9092285714448' 'destroyed']
 ['5' '168.17405584327383' 'presentdestroyed']
 ['12' '172.17991574006257' 'present']
 ['14' '182.48132635131424' 'marauded']
 ['19' '193.28005154652422' 'marauded']
 ['7' '196.37983673903219' 'destroyed']
 ['11' '198.8221184432591' 'presentdestroyed']
 ['18' '199.92896659312757' 'presentdestroyed']
 ['4' '203.45234969946347' 'present']
 ['5' '214.57085186546095' 'present']
 ['10' '222.57594800547488' 'marauded']
 ['22' '224.64060773854743' 'presentdestroyed']
 ['8' '235.11649293865833' 'present']
 ['8' '236.32249182258954' 'present']
 ['19' '251.52502716629206' 'present']
 ['10' '260.421106824746' 'present']
 ['0' '263.449036035154' 'marauded']
 ['1' '265.37522200245655' 'destroyed']
 ['22' '271.6582852432911' 'present']
 ['17' '271.90527379925885' 'present']
 ['12' '278.5227366708262' 'present']
 ['10' '279.5353615254061' 'present']
 ['4' '287.02309020609243' 'present']
 ['10' '290.0511280286939' 'present']
 ['9' '294.89199348508333' 'present']
 ['5' '296.81794046235206' 'present']
 ['1' '299.202331711699' 'present']
 ['11' '301.0304084176591' 'present']
 ['17' '302.0972892259893' 'marauded']
 ['8' '304.13260269099527' 'presentdestroyed']
 ['6' '304.483390040505' 'presentdestroyed']
 ['2' '310.55284122459074' 'present']
 ['14' '331.79559543345556' 'present']
 ['23' '334.1252050175592' 'present']
 ['23' '334.7650009292816' 'present']
 ['0' '339.3983181761392' 'present']
 ['16' '343.77615668918827' 'present']
 ['12' '344.2660339543965' 'present']
 ['9' '348.48119740462266' 'present']
 ['7' '350.01499214547005' 'present']]","[['F48' '58.58060855171836' 'mated']
 ['F60' '60.8179634558762' 'mated']
 ['F107' '73.99578614547232' 'mated']
 ['F76' '99.7451257257065' 'absent']
 ['F78' '119.02220731186462' 'mated']
 ['F84' '132.31875989472175' 'destroyed']
 ['F47' '158.9381912389064' 'mated']
 ['F185' '161.0400569172686' 'destroyed']
 ['F32' '163.16903562627778' 'absentdestroyed']
 ['F4' '163.9511703592632' 'absentdestroyed']
 ['F20' '165.495589680068' 'destroyed']
 ['F91' '166.41565120552792' 'destroyed']
 ['F117' '169.15408189897417' 'mated']
 ['F189' '197.11989725384254' 'destroyed']
 ['F149' '201.108306175314' 'mated']
 ['F204' '205.72588172441743' 'absent']
 ['F77' '242.91131757980494' 'mated']
 ['F184' '270.27811491968185' 'destroyed']
 ['F127' '332.93150809379307' 'mated']
 ['F145' '342.3918916659148' 'mated']]",558.0,66.84354203347459,12.94814576934723,1249.0,212.17118814565566,45.30700343892044,465.0,79.66406639586637,17.223592969872044,12.0,1.2,0.12000000000000005,70.0,0.3240740740740741,0.0015003429355281194
16,0.054,3,360.35816538541746,"[['8' '1.3204114783248515' 'present']
 ['19' '1.6258094385407407' 'marauded']
 ['22' '4.846721055343927' 'presentdestroyed']
 ['19' '12.545526967103147' 'present']
 ['23' '14.14626314422308' 'present']
 ['10' '30.023171895698137' 'present']
 ['21' '32.0078333053049' 'marauded']
 ['7' '40.374618437698686' 'present']
 ['11' '42.904540101455176' 'present']
 ['7' '44.250538058002' 'present']
 ['4' '57.52946350949951' 'present']
 ['4' '58.60786861932775' 'present']
 ['6' '59.95583455325993' 'present']
 ['10' '60.07153236588274' 'marauded']
 ['11' '70.12485379146476' 'present']
 ['7' '73.23648162137061' 'present']
 ['17' '76.95788810062277' 'marauded']
 ['14' '84.00963016818363' 'present']
 ['9' '90.59544196226844' 'marauded']
 ['0' '91.93509235594725' 'presentdestroyed']
 ['5' '95.18104150900537' 'presentdestroyed']
 ['18' '99.98502944734672' 'present']
 ['23' '101.10172886965131' 'present']
 ['9' '102.12067863464249' 'present']
 ['13' '102.63990474445899' 'present']
 ['18' '114.61783537596719' 'present']
 ['12' '115.78480327658042' 'present']
 ['13' '117.9004366201346' 'present']
 ['15' '119.07101030103914' 'present']
 ['2' '152.01718657779796' 'present']
 ['23' '153.04020501162006' 'present']
 ['12' '158.6678693493938' 'marauded']
 ['1' '169.66924049266072' 'present']
 ['23' '175.2110320726699' 'marauded']
 ['14' '177.78265260673484' 'presentdestroyed']
 ['0' '183.15456626203792' 'present']
 ['8' '187.40268372932286' 'marauded']
 ['23' '197.07744544346815' 'present']
 ['23' '207.29710042645496' 'present']
 ['14' '217.3276361420943' 'present']
 ['14' '219.68929073773415' 'marauded']
 ['7' '221.76763477505074' 'presentdestroyed']
 ['5' '222.63839807839' 'presentdestroyed']
 ['18' '224.21559883342852' 'destroyed']
 ['9' '227.53707751453564' 'present']
 ['18' '228.65096990833337' 'marauded']
 ['17' '233.4340277474286' 'destroyed']
 ['14' '234.3973306057703' 'presentdestroyed']
 ['23' '235.0404713285908' 'presentdestroyed']
 ['7' '251.02240921613304' 'marauded']
 ['9' '254.24429302164785' 'presentdestroyed']
 ['6' '260.5282734145564' 'present']
 ['18' '267.64270041765593' 'present']
 ['15' '276.92895398938896' 'present']
 ['6' '280.62102391596846' 'present']
 ['21' '281.6528183404188' 'marauded']
 ['0' '283.07724915273707' 'presentdestroyed']
 ['6' '287.7276459671032' 'presentdestroyed']
 ['21' '296.3454241795106' 'present']
 ['7' '298.01048391323786' 'present']
 ['18' '317.85772910254866' 'present']
 ['20' '318.35360051072945' 'present']
 ['14' '325.5589301973494' 'present']
 ['9' '331.63694895256697' 'present']
 ['7' '340.8438745040841' 'present']
 ['5' '351.916487936349' 'present']
 ['23' '353.9682282067661' 'present']]","[['F146' '76.32152906646047' 'absent']
 ['F111' '83.02965175751423' 'destroyed']
 ['F133' '88.2779850127074' 'absent']
 ['F51' '96.22902685744913' 'destroyed']
 ['F115' '147.91017748605807' 'absent']
 ['F199' '150.23353014061522' 'mated']
 ['F185' '161.0423717320834' 'destroyed']
 ['F123' '163.16534839255144' 'destroyed']
 ['F20' '165.48864523562358' 'destroyed']
 ['F187' '177.1680101123355' 'destroyed']
 ['F159' '246.29818037196574' 'mated']
 ['F103' '255.5667218511451' 'destroyed']
 ['F169' '311.67503673906737' 'mated']]",564.0,69.57354434511069,13.828331009262913,1259.0,215.23677999525103,46.682188601419604,419.0,73.14773160351172,16.006974154656596,19.0,1.9000000000000006,0.1900000000000001,70.0,0.3240740740740741,0.0015003429355281194
17,0.054,9,359.89382931202573,"[['18' '8.00341947971812' 'marauded']
 ['13' '13.925316811374909' 'presentdestroyed']
 ['18' '17.316659597000683' 'marauded']
 ['12' '19.544578448497496' 'presentdestroyed']
 ['19' '23.108442354576432' 'presentdestroyed']
 ['5' '24.705924281753603' 'presentdestroyed']
 ['5' '24.71055391138323' 'presentdestroyed']
 ['8' '26.33859872389926' 'present']
 ['4' '38.49045899347555' 'marauded']
 ['13' '40.6219214423019' 'presentdestroyed']
 ['14' '47.390950380690924' 'present']
 ['12' '54.05578480650235' 'present']
 ['12' '54.196678577178794' 'present']
 ['2' '54.4774789854808' 'present']
 ['18' '56.366254295587794' 'present']
 ['6' '65.09690815903416' 'present']
 ['6' '65.98568237570137' 'marauded']
 ['23' '70.61233346644663' 'presentdestroyed']
 ['7' '80.7453620925887' 'marauded']
 ['11' '82.68126472013725' 'destroyed']
 ['20' '87.02644155834928' 'presentdestroyed']
 ['6' '91.70820632155466' 'present']
 ['5' '94.5402080462393' 'present']
 ['7' '94.777174837933' 'present']
 ['4' '103.23010330222633' 'marauded']
 ['13' '104.85860311209515' 'presentdestroyed']
 ['10' '108.19396175263145' 'presentdestroyed']
 ['5' '115.82601519609088' 'present']
 ['10' '119.8850494323649' 'present']
 ['5' '134.30509014931658' 'marauded']
 ['19' '136.1041057887356' 'presentdestroyed']
 ['6' '137.23388900376645' 'presentdestroyed']
 ['23' '137.3129632973485' 'presentdestroyed']
 ['15' '139.7953374848974' 'presentdestroyed']
 ['18' '143.36673481240072' 'present']
 ['13' '148.90704633247842' 'present']
 ['20' '149.41362331442983' 'present']
 ['4' '150.10529978220865' 'present']
 ['7' '154.57660596295378' 'present']
 ['22' '155.84529447242804' 'present']
 ['11' '158.62159209476698' 'present']
 ['9' '161.0615177823276' 'present']
 ['5' '169.6792884722243' 'marauded']
 ['15' '174.74756880068048' 'presentdestroyed']
 ['7' '175.47164397939915' 'destroyed']
 ['2' '181.87988845337696' 'marauded']
 ['10' '192.57281409820428' 'present']
 ['14' '193.12804869882504' 'present']
 ['22' '196.33525613806086' 'present']
 ['2' '198.39260276413822' 'present']
 ['13' '199.50909788039826' 'present']
 ['4' '211.02261000440728' 'present']
 ['9' '216.53174328636848' 'marauded']
 ['19' '223.42840809542903' 'present']
 ['2' '224.49747848039968' 'marauded']
 ['18' '225.32822674507676' 'destroyed']
 ['9' '227.53244788490602' 'presentdestroyed']
 ['1' '244.84484240121023' 'present']
 ['9' '250.58668950909137' 'present']
 ['23' '261.18936390405077' 'present']
 ['1' '262.3461783782469' 'marauded']
 ['5' '262.9444468785068' 'presentdestroyed']
 ['12' '270.24749987049404' 'present']
 ['2' '270.7137412890781' 'present']
 ['4' '287.4822619279561' 'present']
 ['2' '288.8791794253824' 'present']
 ['11' '289.7075953635622' 'present']
 ['23' '294.6362067446726' 'present']
 ['5' '301.66832815969826' 'present']
 ['6' '310.6220788871299' 'present']
 ['12' '320.03800615858194' 'present']
 ['16' '328.1451487634102' 'present']
 ['11' '329.18858790878056' 'present']
 ['10' '330.21173438634355' 'marauded']
 ['6' '332.07737247554536' 'destroyed']
 ['14' '340.30403926684625' 'marauded']
 ['19' '345.3666864422948' 'presentdestroyed']
 ['4' '345.8836815916669' 'presentdestroyed']
 ['23' '352.04764197484235' 'present']
 ['4' '355.96562102441044' 'present']
 ['14' '356.4457150257905' 'present']]","[['F93' '90.23934498713854' 'mated']
 ['F57' '114.24459829000479' 'absent']
 ['F36' '119.40696824092332' 'mated']
 ['F89' '124.70623756238913' 'mated']
 ['F1' '164.0054784393478' 'mated']
 ['F44' '175.84084350773782' 'destroyed']
 ['F187' '177.1656952975207' '']
 ['F20' '177.50253412451244' 'mated']
 ['F8' '178.0500276672912' 'mated']
 ['F118' '183.99305577310153' 'destroyed']
 ['F17' '186.85101764539704' 'destroyed']
 ['F142' '201.132387802341' 'mated']
 ['F134' '237.68619752399934' 'mated']
 ['F131' '257.1947501838631' 'mated']
 ['F140' '282.59588502546393' 'absent']
 ['F18' '343.6162597102611' 'absentdestroyed']]",554.0,73.87559010343439,16.515721408367753,1164.0,199.32832205937444,42.858082538856515,501.0,85.47545180369785,17.95600179581336,10.0,0.9999999999999999,0.10000000000000003,70.0,0.3240740740740741,0.0015003429355281194
18,0.054,11,360.48119377593764,"[['7' '0.26351490812933637' 'present']
 ['14' '2.5147126062990415' 'present']
 ['23' '4.971643371145586' 'present']
 ['11' '21.73345797975149' 'present']
 ['19' '21.80545881282228' 'present']
 ['17' '30.865388580374134' 'present']
 ['9' '34.69501884682883' 'marauded']
 ['17' '34.956008382267136' 'presentdestroyed']
 ['10' '54.81387193713142' 'present']
 ['21' '57.397923337269916' 'present']
 ['6' '65.10153778866378' 'present']
 ['11' '67.74889358393128' 'marauded']
 ['6' '68.28355494458259' 'presentdestroyed']
 ['14' '75.41441827417971' 'present']
 ['15' '86.63908695286572' 'marauded']
 ['8' '87.2709380484756' 'presentdestroyed']
 ['15' '90.22737765103065' 'presentdestroyed']
 ['17' '94.55872883178036' 'present']
 ['2' '96.62078133357448' 'present']
 ['22' '110.65157114845307' 'present']
 ['10' '118.84398845165029' 'present']
 ['9' '123.89229194863753' 'marauded']
 ['12' '127.4567516924527' 'destroyed']
 ['1' '128.88274152281105' 'presentdestroyed']
 ['17' '130.28750818975348' 'presentdestroyed']
 ['16' '133.60195041463817' 'present']
 ['22' '135.37256021537686' 'present']
 ['20' '136.11150958142613' 'present']
 ['22' '141.10852146727572' 'present']
 ['5' '142.44618468241984' 'present']
 ['20' '144.9761744786599' 'present']
 ['2' '150.8327367379254' 'present']
 ['9' '174.29687715021' 'present']
 ['9' '175.2067139584387' 'present']
 ['4' '182.0311393727586' 'present']
 ['5' '182.64384938071206' 'present']
 ['17' '192.52441945713008' 'present']
 ['2' '193.96753568974339' 'present']
 ['2' '202.64635516476866' 'present']
 ['10' '204.93920417271508' 'marauded']
 ['4' '213.09073529631542' 'present']
 ['11' '216.02503872621534' 'marauded']
 ['14' '223.23883029168647' 'present']
 ['11' '228.61258412984506' 'present']
 ['11' '232.55228340247174' 'present']
 ['0' '233.5163225746479' 'marauded']
 ['10' '239.78940005208574' 'presentdestroyed']
 ['2' '247.71399140435264' 'present']
 ['1' '251.0555919561211' 'present']
 ['17' '252.41943984886575' 'present']
 ['5' '260.5908345374457' 'present']
 ['19' '267.3764565537777' 'present']
 ['0' '270.685535048402' 'present']
 ['12' '271.53614306542073' 'present']
 ['9' '273.4174529566611' 'present']
 ['16' '276.40681889491174' 'present']
 ['7' '278.58565183445097' 'marauded']
 ['2' '279.5519595127116' 'presentdestroyed']
 ['7' '284.66347687757025' 'presentdestroyed']
 ['11' '288.1003789013334' 'marauded']
 ['23' '292.62392755546057' 'presentdestroyed']
 ['8' '293.52298343774584' 'destroyed']
 ['21' '293.54761005023477' 'destroyed']
 ['20' '293.6667669338398' 'destroyed']
 ['22' '304.620656287764' 'present']
 ['21' '307.7380961695622' 'present']
 ['20' '310.6067631525989' 'present']
 ['1' '312.5020082509093' 'present']
 ['16' '316.8316809298112' 'present']
 ['1' '318.0455753427271' 'present']
 ['16' '323.11064736046455' 'present']
 ['11' '330.0426700979793' 'present']
 ['14' '331.5204090134672' 'marauded']
 ['9' '333.5335562257584' 'destroyed']
 ['7' '338.7346451448409' 'presentdestroyed']
 ['14' '339.5258117286046' 'present']
 ['9' '347.7947567409599' 'present']
 ['2' '347.8616879416378' 'present']
 ['0' '348.2634438680641' 'marauded']
 ['13' '350.02471685774776' 'presentdestroyed']
 ['21' '352.4664729934461' 'destroyed']
 ['14' '357.70654910242934' 'present']
 ['22' '357.9957032017074' 'present']]","[['F203' '55.23665003961312' 'mated']
 ['F22' '86.85113686833854' 'destroyed']
 ['F143' '98.23005636918047' 'absent']
 ['F161' '115.65235573084833' 'mated']
 ['F157' '118.11034149086761' 'mated']
 ['F37' '141.43098583592834' 'mated']
 ['F120' '148.4670061252441' 'absent']
 ['F79' '167.46315177760025' 'mated']
 ['F44' '175.84315832255263' 'mated']
 ['F207' '182.19921274781734' 'mated']
 ['F56' '194.77121384699663' 'mated']
 ['F67' '199.9275248500325' 'absent']
 ['F190' '213.61870967077746' 'mated']
 ['F154' '214.01000166812074' 'absent']
 ['F30' '246.74138022958735' 'mated']
 ['F208' '282.67497310790696' 'destroyed']
 ['F88' '305.44487167523147' 'mated']]",580.0,70.99342562440548,14.311144582269408,1327.0,220.7198309019283,46.59963725522406,407.0,66.89883260350821,14.047055879771747,12.0,1.2,0.12000000000000005,67.0,0.3101851851851852,0.0014360425240054857
19,0.054,9,360.17156073966623,"[['20' '18.890003401554434' 'present']
 ['22' '30.824907290706467' 'marauded']
 ['21' '41.6957593354537' 'present']
 ['5' '45.04120755509719' 'present']
 ['1' '47.06925263275319' 'present']
 ['8' '47.27866724658703' 'marauded']
 ['13' '48.81085259900399' 'destroyed']
 ['21' '53.961984992272676' 'destroyed']
 ['9' '79.95580776208492' 'present']
 ['14' '83.60749326519566' 'present']
 ['14' '88.78721914660419' 'present']
 ['0' '91.74244533898532' 'present']
 ['17' '95.65222596559906' 'present']
 ['21' '95.86281349906429' 'present']
 ['7' '96.98033484716096' 'marauded']
 ['21' '100.86834167307585' 'presentdestroyed']
 ['9' '107.7250639197401' 'marauded']
 ['17' '117.67385794772514' 'marauded']
 ['2' '133.48126048809556' 'present']
 ['0' '134.54434467623102' 'present']
 ['0' '147.5277805324776' 'present']
 ['10' '153.87545433609586' 'present']
 ['0' '166.54045553876895' 'present']
 ['15' '173.47134301374547' 'present']
 ['14' '179.82636819859025' 'marauded']
 ['6' '182.65095335783528' 'destroyed']
 ['23' '188.59099853065823' 'present']
 ['20' '189.65039064045817' 'present']
 ['0' '191.588440678642' 'present']
 ['12' '192.10698147518974' 'present']
 ['18' '193.55413531700526' 'present']
 ['12' '194.55409043390975' 'present']
 ['4' '197.37114156995054' 'marauded']
 ['22' '198.79517427191897' 'presentdestroyed']
 ['1' '201.7080800900487' 'presentdestroyed']
 ['1' '203.5164893802795' 'destroyed']
 ['6' '206.2790129281727' 'present']
 ['7' '212.39540135882868' 'present']
 ['14' '224.65574061599742' 'present']
 ['12' '228.01923088232164' 'present']
 ['18' '244.08793548580925' 'present']
 ['11' '244.13565689307816' 'present']
 ['17' '245.17226276083557' 'present']
 ['6' '246.9628311129008' 'present']
 ['18' '250.73874008959214' 'present']
 ['1' '254.64305943401803' 'marauded']
 ['10' '266.1425716996744' 'present']
 ['1' '267.1873056570205' 'present']
 ['1' '267.7435888480051' 'present']
 ['10' '275.59403841368606' 'present']
 ['5' '294.4340527717448' 'present']
 ['15' '296.2003118373493' 'present']
 ['15' '296.204941466979' 'present']
 ['11' '296.72221253192345' 'present']
 ['16' '306.50026414093924' 'present']
 ['1' '312.66231840957124' 'present']
 ['9' '317.2494317184507' 'marauded']
 ['14' '321.12425727473374' 'presentdestroyed']
 ['16' '325.338326315872' 'marauded']
 ['9' '345.7877736645724' 'present']
 ['22' '346.54987187380675' 'present']
 ['22' '352.38363173110895' 'present']
 ['2' '353.54244793103993' 'marauded']]","[['F13' '11.150255871432442' 'mated']
 ['F143' '98.22774155436566' 'destroyed']
 ['F21' '142.7027608260853' 'mated']
 ['F196' '158.14870496871632' 'mated']
 ['F187' '189.17495455677994' 'mated']
 ['F67' '199.9252100352177' 'destroyed']
 ['F192' '219.54212128787972' 'mated']
 ['F72' '223.56516714155603' 'mated']
 ['F137' '225.40031475380033' 'mated']
 ['F144' '226.1771171196136' 'mated']
 ['F110' '244.9374989380931' 'mated']
 ['F174' '269.3018362628383' 'absent']
 ['F6' '354.0515918931482' 'absentdestroyed']]",582.0,73.14462689826539,15.194695422904529,1317.0,219.6175957342949,46.62562137311956,400.0,66.2161516051839,13.997449610225527,7.0,0.7,0.07,71.0,0.3287037037037038,0.001521776406035664
20,0.054,8,360.4831886275035,"[['9' '8.799274105126417' 'present']
 ['4' '17.233198440915267' 'present']
 ['19' '27.395488058833216' 'marauded']
 ['1' '37.462478040411845' 'present']
 ['12' '43.50015209696397' 'present']
 ['0' '43.6272954522586' 'present']
 ['16' '49.41197245636757' 'present']
 ['4' '51.37133347350209' 'present']
 ['23' '56.019052292256326' 'marauded']
 ['7' '58.32871412084186' 'presentdestroyed']
 ['16' '58.84051998152891' 'presentdestroyed']
 ['21' '63.09363196630275' 'presentdestroyed']
 ['14' '65.98113795439919' 'present']
 ['1' '76.93865446723433' 'marauded']
 ['5' '87.56859273738426' 'marauded']
 ['1' '88.1954699975438' 'presentdestroyed']
 ['11' '88.39737615452508' 'presentdestroyed']
 ['13' '103.04218645796162' 'present']
 ['21' '112.76123580254207' 'present']
 ['15' '119.01251907260874' 'present']
 ['9' '120.58730376678233' 'present']
 ['10' '129.21973143802578' 'present']
 ['18' '133.85972775151689' 'present']
 ['8' '137.45595659072094' 'present']
 ['17' '153.9242589751034' 'marauded']
 ['16' '169.07276848038686' 'marauded']
 ['18' '169.58051246791194' 'presentdestroyed']
 ['7' '188.81262630176047' 'present']
 ['18' '192.75375473016473' 'present']
 ['16' '196.27077539354931' 'marauded']
 ['22' '196.33988576769048' 'destroyed']
 ['4' '200.0363976860356' 'presentdestroyed']
 ['11' '201.70920035690463' 'presentdestroyed']
 ['2' '202.94158374831642' 'presentdestroyed']
 ['10' '203.52341731408956' 'presentdestroyed']
 ['6' '203.78251470034095' 'presentdestroyed']
 ['22' '207.60583965880505' 'present']
 ['5' '213.42236401050218' 'present']
 ['14' '214.25746861724343' 'present']
 ['22' '219.8323353354928' 'present']
 ['19' '232.45204712969047' 'present']
 ['23' '232.81910369774724' 'present']
 ['11' '233.3197435771927' 'present']
 ['19' '238.62980795287146' 'present']
 ['13' '242.64989169672324' 'marauded']
 ['7' '250.3824900775653' 'present']
 ['23' '261.1847342744211' 'present']
 ['18' '268.52648553813725' 'marauded']
 ['21' '276.3822300197422' 'present']
 ['12' '277.143243165772' 'present']
 ['13' '289.3792515661401' 'present']
 ['9' '295.5680353878667' 'present']
 ['14' '311.3735375527613' 'present']
 ['16' '317.6828114955318' 'present']
 ['1' '322.4731850041222' 'present']
 ['0' '325.5869631255593' 'present']
 ['5' '327.70457851348783' 'present']
 ['0' '328.9110447176157' 'present']
 ['6' '329.38296577443066' 'present']
 ['19' '337.69485833301064' 'present']
 ['19' '337.7841056079192' 'present']
 ['6' '338.08244825061274' 'marauded']
 ['17' '338.42842149187675' 'presentdestroyed']
 ['4' '342.0988403759934' 'destroyed']
 ['4' '345.766288660729' 'present']
 ['16' '348.20353552941884' 'present']
 ['6' '349.91775553688205' 'present']
 ['19' '353.0267939395904' 'present']
 ['10' '354.49834416317293' 'present']
 ['17' '355.9930160204066' 'marauded']
 ['10' '357.95309931659426' 'presentdestroyed']
 ['15' '359.9640936346225' 'destroyed']]","[['F133' '88.28029982752221' 'destroyed']
 ['F57' '114.2469131048196' 'mated']
 ['F11' '153.26341084876438' 'mated']
 ['F185' '161.03542728763898' 'destroyed']
 ['F32' '163.1736652559074' 'mated']
 ['F200' '177.07183905212867' 'mated']
 ['F54' '186.69522346576113' 'absent']
 ['F17' '186.85796208984146' 'absent']
 ['F189' '197.12221206865735' 'destroyed']
 ['F180' '220.34555047577624' 'mated']
 ['F7' '237.13779954959045' 'mated']
 ['F186' '276.1544497072575' 'mated']
 ['F68' '299.7991098696119' 'mated']]",570.0,71.73299644502725,15.870967398434681,1295.0,222.68227095233743,48.43827738998363,354.0,63.853057945495486,14.384927208474819,14.0,1.4000000000000001,0.14000000000000007,74.0,0.3425925925925927,0.0015860768175582976
21,0.054,6,360.6221147745383,"[['12' '2.63051911536019' 'present']
 ['1' '3.5295643586791043' 'marauded']
 ['23' '3.8426719861973733' 'presentdestroyed']
 ['5' '4.9138001165482095' 'destroyed']
 ['13' '16.631402054340725' 'present']
 ['4' '17.365110097942235' 'present']
 ['20' '17.427498197693495' 'present']
 ['12' '18.79034124776453' 'present']
 ['5' '20.289371386815773' 'marauded']
 ['20' '20.429489549194567' 'presentdestroyed']
 ['19' '23.11307198420606' 'presentdestroyed']
 ['7' '25.043456569433584' 'presentdestroyed']
 ['7' '38.319711726584835' 'present']
 ['11' '41.84242189305176' 'present']
 ['8' '59.277055568464824' 'present']
 ['5' '82.21511856314223' 'present']
 ['14' '84.60183477838068' 'present']
 ['8' '99.37512474632666' 'present']
 ['17' '99.858880240933' 'present']
 ['16' '128.91307766977621' 'marauded']
 ['17' '131.1604039001029' 'destroyed']
 ['16' '135.49567606111628' 'presentdestroyed']
 ['15' '135.6842504455328' 'presentdestroyed']
 ['8' '144.79888700215494' 'present']
 ['6' '162.99498515381995' 'present']
 ['8' '163.49437053620068' 'marauded']
 ['14' '165.52180916538163' 'presentdestroyed']
 ['22' '166.04720149930537' 'presentdestroyed']
 ['7' '173.68069437651135' 'present']
 ['12' '194.55872006353937' 'present']
 ['7' '197.66032099852134' 'present']
 ['14' '204.3879971726012' 'marauded']
 ['15' '209.8162264205998' 'presentdestroyed']
 ['14' '219.80325959097' 'present']
 ['4' '226.20221498745533' 'present']
 ['20' '236.90406995140557' 'marauded']
 ['22' '240.13035533263624' 'presentdestroyed']
 ['7' '242.55044164090978' 'presentdestroyed']
 ['7' '243.2497327163269' 'presentdestroyed']
 ['18' '248.0103263687194' 'present']
 ['23' '251.79834876237118' 'present']
 ['4' '254.91402952538834' 'present']
 ['23' '264.21893486853224' 'marauded']
 ['2' '272.9053832976639' 'present']
 ['12' '278.52736630045587' 'present']
 ['17' '282.14702300477524' 'present']
 ['9' '283.0967565803262' 'present']
 ['16' '306.8859649732844' 'present']
 ['6' '307.0690965559422' 'present']
 ['5' '318.0424640005372' 'present']
 ['16' '321.3939127543272' 'marauded']
 ['0' '326.04104872683956' 'presentdestroyed']
 ['17' '339.0320616910913' 'marauded']
 ['23' '343.15057487747004' 'presentdestroyed']
 ['16' '352.9408271850163' 'marauded']
 ['13' '355.93152797159007' 'destroyed']]","[['F101' '21.844563753149178' 'destroyed']
 ['F160' '75.86623775400206' 'mated']
 ['F124' '107.84335687039177' 'absent']
 ['F26' '114.98523421606096' 'mated']
 ['F117' '169.15176708415936' 'absentdestroyed']
 ['F39' '171.88585943338177' 'mated']
 ['F20' '177.50021930969763' 'absent']
 ['F83' '189.528961243662' 'mated']
 ['F24' '192.64024465947847' 'mated']
 ['F69' '249.35586048213324' 'mated']
 ['F14' '318.2164800648084' 'absent']]",568.0,70.55099366576984,14.653900707726791,1364.0,226.80932108139078,47.91981988528635,344.0,61.79510798055126,13.78921810346543,7.0,0.7,0.07,64.0,0.2962962962962962,0.001371742112482852
22,0.054,8,360.2476359075218,"[['12' '0.6992454128501712' 'present']
 ['11' '5.031690491381576' 'present']
 ['8' '12.470289513030226' 'present']
 ['12' '21.888724312027158' 'present']
 ['18' '32.55142282133745' 'present']
 ['10' '36.198829105127075' 'present']
 ['2' '39.67187623151785' 'marauded']
 ['13' '41.247470518588116' 'presentdestroyed']
 ['1' '48.24648015711391' 'marauded']
 ['14' '50.501655785608335' 'presentdestroyed']
 ['12' '51.103916695824886' 'presentdestroyed']
 ['5' '55.70483927012257' 'presentdestroyed']
 ['17' '57.47643255124423' 'present']
 ['0' '63.96372298314905' 'marauded']
 ['7' '66.6189473377182' 'presentdestroyed']
 ['7' '70.55197405133126' 'presentdestroyed']
 ['7' '80.84999172221832' 'present']
 ['14' '83.61212289482528' 'present']
 ['21' '84.01849144474728' 'present']
 ['11' '85.53645629567873' 'present']
 ['4' '87.6596566639606' 'present']
 ['10' '89.4229092042169' 'present']
 ['7' '102.83940133662375' 'present']
 ['16' '102.8976957533624' 'marauded']
 ['0' '108.19728509063532' 'presentdestroyed']
 ['5' '109.6295288513036' 'destroyed']
 ['5' '110.28804537376821' 'present']
 ['20' '115.11517933889124' 'present']
 ['17' '115.8203157455185' 'present']
 ['15' '122.09459733294544' 'marauded']
 ['17' '128.94383576319336' 'destroyed']
 ['9' '133.14809178180323' 'present']
 ['9' '134.51763057181813' 'present']
 ['20' '136.29938343412178' 'present']
 ['7' '154.90527971839197' 'present']
 ['14' '161.73242353753335' 'present']
 ['13' '163.77645746733913' 'present']
 ['9' '171.22907727682286' 'present']
 ['2' '172.25020098610406' 'present']
 ['21' '182.41687795625828' 'present']
 ['5' '185.6455161261793' 'present']
 ['23' '186.83657719232468' 'marauded']
 ['21' '189.14003473420834' 'destroyed']
 ['20' '190.4088559028446' 'presentdestroyed']
 ['18' '192.41587433367357' 'destroyed']
 ['23' '192.89252977579736' 'presentdestroyed']
 ['10' '197.3577759503526' 'present']
 ['17' '197.6766324444354' 'present']
 ['4' '199.85693948578427' 'marauded']
 ['15' '208.71845780973163' 'present']
 ['0' '212.6133870528751' 'marauded']
 ['19' '214.83435375984863' 'presentdestroyed']
 ['16' '215.35546815522514' 'presentdestroyed']
 ['16' '218.30299087154904' 'destroyed']
 ['20' '221.44605310366543' 'present']
 ['2' '252.34527925728983' 'present']
 ['13' '265.33886016983314' 'present']
 ['6' '273.0662341444724' 'present']
 ['4' '275.5693601269786' 'present']
 ['17' '278.80046971471955' 'present']
 ['12' '281.3965087539349' 'present']
 ['10' '281.65749365233233' 'marauded']
 ['5' '287.17323077572445' 'presentdestroyed']
 ['10' '287.3657823889787' 'presentdestroyed']
 ['11' '293.40452901060394' 'present']
 ['17' '297.4776821469288' 'present']
 ['8' '303.89068992721343' 'present']
 ['17' '305.1367592174698' 'present']
 ['10' '318.4514378357685' 'present']
 ['1' '324.19422363865124' 'marauded']
 ['11' '327.7470597020011' 'presentdestroyed']
 ['15' '330.41819310767164' 'presentdestroyed']
 ['20' '330.71766752303074' 'presentdestroyed']
 ['23' '333.76785979789867' 'present']
 ['7' '338.2592447471477' 'marauded']
 ['6' '339.89218164035907' 'destroyed']
 ['7' '342.746013814527' 'destroyed']
 ['15' '357.70021984870806' 'present']]","[['F101' '21.849193382778804' 'mated']
 ['F168' '98.33142736011527' 'mated']
 ['F100' '101.41220907310473' 'absent']
 ['F173' '119.56642873460613' 'mated']
 ['F152' '146.13514712252928' 'absent']
 ['F53' '168.81303438304911' 'absent']
 ['F17' '198.86259171947108' 'mated']
 ['F179' '244.3554574715937' 'mated']
 ['F0' '247.26832144294346' 'mated']
 ['F106' '254.19139992257956' 'mated']
 ['F150' '263.8029012486168' 'absent']
 ['F186' '276.147505262813' 'absent']
 ['F208' '282.6772879227218' 'destroyed']
 ['F155' '295.3573684436203' 'absent']
 ['F31' '303.17654826981095' 'mated']
 ['F65' '306.9812151731514' 'absent']]",569.0,67.03414300806436,12.68043167712268,1351.0,225.05030311492396,47.472299821722636,408.0,66.96092885837888,14.380067715503458,8.0,0.7999999999999999,0.08000000000000002,78.0,0.3611111111111113,0.0016718106995884758
23,0.054,9,360.2838686192405,"[['13' '4.796536017853105' 'present']
 ['7' '12.362284421377831' 'present']
 ['20' '12.751130648428877' 'present']
 ['8' '17.150081248012693' 'present']
 ['15' '18.570513963715115' 'marauded']
 ['19' '23.00821843152056' 'presentdestroyed']
 ['2' '27.897556678399205' 'present']
 ['5' '29.98355362671006' 'marauded']
 ['22' '30.929536920336094' 'destroyed']
 ['22' '35.553179222014094' 'presentdestroyed']
 ['7' '37.475060649837104' 'destroyed']
 ['7' '42.364003621187756' 'present']
 ['12' '43.49552246733434' 'present']
 ['10' '47.62804695882623' 'present']
 ['1' '50.39096659429071' 'present']
 ['5' '55.841161503458736' 'present']
 ['6' '58.46702846336867' 'marauded']
 ['14' '58.85930010718453' 'presentdestroyed']
 ['5' '74.67091092220551' 'marauded']
 ['7' '75.90158388738995' 'destroyed']
 ['9' '80.3383757497019' 'presentdestroyed']
 ['1' '83.00139061811127' 'marauded']
 ['5' '91.84610330834057' 'marauded']
 ['21' '106.01093052372305' 'marauded']
 ['13' '107.8212820910692' 'destroyed']
 ['7' '108.29799849623639' 'presentdestroyed']
 ['20' '119.12313799452703' 'marauded']
 ['0' '128.10575531895498' 'present']
 ['16' '128.33850707997328' 'marauded']
 ['22' '130.61413272859696' 'presentdestroyed']
 ['5' '137.55799994306062' 'present']
 ['8' '137.65477873065458' 'present']
 ['0' '147.32139483384202' 'present']
 ['8' '149.24668394766715' 'present']
 ['8' '156.15042623733993' 'marauded']
 ['1' '161.06722642351622' 'presentdestroyed']
 ['18' '164.13011013332294' 'present']
 ['18' '167.5871737042398' 'present']
 ['17' '168.7813431908402' 'present']
 ['19' '175.54521006783477' 'present']
 ['2' '182.6629772604249' 'present']
 ['10' '192.04539686166427' 'present']
 ['14' '207.59665375470826' 'present']
 ['14' '213.09365875461512' 'present']
 ['15' '213.0955954233073' 'present']
 ['12' '214.64968195443495' 'present']
 ['7' '215.29341569996689' 'marauded']
 ['7' '224.74984623081943' 'present']
 ['11' '228.72676567157114' 'present']
 ['8' '238.7898715076141' 'present']
 ['6' '242.3115154642467' 'marauded']
 ['1' '244.8402127715806' 'presentdestroyed']
 ['6' '251.51551924943507' 'present']
 ['9' '252.43107899231532' 'marauded']
 ['13' '260.97259517455666' 'present']
 ['17' '270.4144038361818' 'marauded']
 ['19' '271.1566480875154' 'presentdestroyed']
 ['0' '282.8350578796753' 'present']
 ['14' '285.67796985886207' 'present']
 ['17' '287.7011160088106' 'present']
 ['7' '289.5074528996242' 'present']
 ['5' '292.72670688253294' 'present']
 ['17' '294.6042101327518' 'present']
 ['12' '298.64241957498405' 'present']
 ['6' '302.22932236653907' 'present']
 ['12' '303.03711659861074' 'marauded']
 ['5' '305.52027891792795' 'destroyed']
 ['5' '307.2328606691857' 'presentdestroyed']
 ['21' '315.22154455449873' 'present']
 ['6' '317.7885174350153' 'present']
 ['1' '320.3291742034382' 'marauded']
 ['10' '323.74038474461565' 'presentdestroyed']
 ['4' '325.93349400975177' 'presentdestroyed']
 ['6' '329.1870688994453' 'present']
 ['2' '334.7583735105731' 'present']
 ['4' '337.357342902853' 'present']
 ['2' '346.1532732755139' 'present']
 ['13' '349.43223742340797' 'present']
 ['9' '355.5297194620863' 'present']]","[['F99' '58.1439072690765' 'mated']
 ['F84' '132.32107470953656' 'destroyed']
 ['F129' '137.69773325903247' 'mated']
 ['F92' '138.78151357590093' 'mated']
 ['F90' '157.73295679189417' 'destroyed']
 ['F185' '161.0377421024538' 'absentdestroyed']
 ['F121' '174.23464575926903' 'absent']
 ['F17' '186.85564727502666' 'absent']
 ['F189' '197.12452688347216' 'mated']
 ['F175' '212.8294461085458' 'mated']
 ['F102' '223.43148090522746' 'mated']
 ['F206' '257.8963777577794' 'destroyed']
 ['F150' '263.80521606343166' 'mated']
 ['F206' '269.9079518318536' 'mated']
 ['F186' '276.14982007762785' 'absentdestroyed']
 ['F6' '354.05390670796305' 'mated']]",573.0,73.02525301493147,14.922992553399592,1107.0,187.97324364512914,39.899604922670086,573.0,97.51572639580763,20.762619780065148,12.0,1.2,0.12000000000000005,71.0,0.3287037037037038,0.001521776406035664
