id,probability_maraud,successful_mating,next_foraging_time,mar_attempts,mate_attempts,foraging_events,foraging_hrs,foraging_sqhrs,staying_events,staying_hrs,staying_sqhrs,repairing_events,repairing_hrs,repairing_sqhrs,marauding_events,marauding_hrs,marauding_sqhrs,traveling_events,traveling_hrs,traveling_sqhrs
0,0.054,5,360.2058792175645,"[['10' '4.564599338134984' 'marauded']
 ['9' '4.607757951410605' 'presentdestroyed']
 ['19' '9.549431331233574' 'destroyed']
 ['13' '10.090003360571332' 'presentdestroyed']
 ['1' '16.117326420169455' 'present']
 ['3' '19.344360580130445' 'present']
 ['14' '25.526064933242047' 'present']
 ['15' '28.451761979815704' 'present']
 ['19' '34.965529098708814' 'marauded']
 ['5' '50.179229880040396' 'present']
 ['10' '55.76765079744381' 'marauded']
 ['15' '58.84106629572311' 'presentdestroyed']
 ['10' '59.67607471558796' 'presentdestroyed']
 ['13' '60.72426099577442' 'presentdestroyed']
 ['7' '60.92141760882507' 'destroyed']
 ['2' '61.4571514189835' 'presentdestroyed']
 ['21' '67.74354171476097' 'marauded']
 ['2' '68.28618979016085' 'presentdestroyed']
 ['10' '70.19441654818814' 'presentdestroyed']
 ['1' '82.71896950509074' 'present']
 ['10' '93.42440664521504' 'present']
 ['10' '102.90202083635535' 'present']
 ['3' '117.48616510912349' 'marauded']
 ['7' '127.11745296994603' 'marauded']
 ['6' '128.5950571957022' 'presentdestroyed']
 ['9' '132.21000944311126' 'presentdestroyed']
 ['12' '134.65602583555994' 'present']
 ['9' '139.2001729921076' 'present']
 ['13' '139.56884860857284' 'marauded']
 ['7' '139.59957071246566' 'presentdestroyed']
 ['19' '148.28679977750514' 'present']
 ['15' '148.2939809309947' 'present']
 ['6' '149.57747936967291' 'marauded']
 ['3' '149.897888330574' 'presentdestroyed']
 ['19' '150.33375117414715' 'presentdestroyed']
 ['8' '155.34938884388458' 'presentdestroyed']
 ['18' '155.51006780977903' 'destroyed']
 ['23' '155.83459145370716' 'presentdestroyed']
 ['8' '156.43989946487108' 'presentdestroyed']
 ['9' '157.33452866272637' 'present']
 ['8' '161.0428191278054' 'marauded']
 ['14' '161.1028330893927' 'destroyed']
 ['14' '177.35880248539172' 'present']
 ['8' '177.98657491516204' 'present']
 ['9' '195.65087256903615' 'present']
 ['11' '197.75780871594807' 'marauded']
 ['18' '202.55672009257168' 'presentdestroyed']
 ['21' '206.9207599003221' 'present']
 ['21' '207.39958781583766' 'present']
 ['1' '212.66804337315565' 'present']
 ['11' '214.86879256510332' 'present']
 ['23' '215.7947085820819' 'present']
 ['4' '218.70169867896698' 'marauded']
 ['10' '228.13679894818597' 'marauded']
 ['8' '233.60092153087763' 'presentdestroyed']
 ['5' '237.8702034520733' 'present']
 ['2' '242.43864117277738' 'present']
 ['1' '243.53064674944707' 'present']
 ['17' '247.8399366773736' 'present']
 ['4' '249.60208150500517' 'present']
 ['15' '267.2624207048593' 'present']
 ['7' '268.76878038776323' 'marauded']
 ['6' '271.0356158665615' 'presentdestroyed']
 ['15' '273.2823753065316' 'presentdestroyed']
 ['15' '276.8212700191162' 'present']
 ['2' '277.6312565000718' 'present']
 ['19' '288.9753465942502' 'marauded']
 ['6' '297.017561307061' 'presentdestroyed']
 ['13' '305.15022054809066' 'present']
 ['15' '306.12069841932146' 'marauded']
 ['15' '309.7966555547021' 'destroyed']
 ['5' '319.08798181106937' 'present']
 ['7' '332.8706294669097' 'marauded']
 ['22' '333.4860677834062' 'presentdestroyed']
 ['21' '351.25703344276315' 'present']]","[['F18' '9.643864967125994' 'destroyed']
 ['F205' '38.31337903219086' 'destroyed']
 ['F38' '49.40701607135865' 'mated']
 ['F3' '51.91589364840659' 'mated']
 ['F88' '99.21660398450453' 'absent']
 ['F43' '100.75613970406302' 'mated']
 ['F105' '118.33793514172515' 'destroyed']
 ['F118' '132.68198584807797' 'destroyed']
 ['F42' '139.03159607812867' 'mated']
 ['F179' '143.60403304947087' 'destroyed']
 ['F140' '167.55357612232916' 'destroyed']
 ['F176' '170.42054633877248' 'absent']
 ['F204' '196.6094959938471' 'mated']
 ['F214' '232.12532560324357' 'destroyed']]",558.0,70.5528790924774,14.412322139720507,1147.0,191.36029810538264,40.96003679164394,570.0,96.98690473011584,20.671634144394528,11.0,1.0999999999999999,0.11000000000000004,70.0,0.3240740740740741,0.0015003429355281194
1,0.054,11,360.8039965423081,"[['18' '0.1072062905332975' 'present']
 ['5' '1.5555757674759156' 'present']
 ['23' '11.846883858006704' 'present']
 ['16' '19.89356982212199' 'present']
 ['0' '20.198868885118742' 'present']
 ['6' '23.409284039572285' 'present']
 ['17' '25.15770543464974' 'marauded']
 ['6' '30.533823726218618' 'presentdestroyed']
 ['21' '36.504240300998724' 'present']
 ['2' '60.41859115385011' 'present']
 ['3' '68.03856496156376' 'marauded']
 ['3' '81.71963359689246' 'present']
 ['12' '111.9188516157849' 'present']
 ['16' '114.48194664379353' 'present']
 ['21' '118.29007651638744' 'present']
 ['13' '128.08106196228024' 'marauded']
 ['11' '131.07671180591402' 'presentdestroyed']
 ['13' '132.40753752904894' 'presentdestroyed']
 ['21' '141.6368519695931' 'present']
 ['19' '142.0722268825173' 'present']
 ['17' '146.27672175448023' 'present']
 ['12' '147.34322157977437' 'marauded']
 ['5' '147.46114747005896' 'presentdestroyed']
 ['18' '153.44406859379805' 'presentdestroyed']
 ['23' '154.14216529559866' 'presentdestroyed']
 ['3' '158.9459288496808' 'present']
 ['11' '161.57984478512324' 'present']
 ['23' '173.07388591570128' 'present']
 ['12' '174.16189253458737' 'present']
 ['22' '178.90818264176733' 'present']
 ['7' '190.9899167547815' 'present']
 ['5' '193.21843060273662' 'present']
 ['14' '195.43758770186616' 'present']
 ['14' '210.0495100822932' 'present']
 ['10' '216.7793171633844' 'marauded']
 ['9' '217.10127832707727' 'presentdestroyed']
 ['5' '220.14530340385303' 'presentdestroyed']
 ['23' '220.26847081659233' 'presentdestroyed']
 ['17' '227.25907394040232' 'present']
 ['10' '228.62880574116457' 'present']
 ['11' '231.88707279480613' 'marauded']
 ['17' '248.49859671786413' 'present']
 ['21' '258.2017700039073' 'present']
 ['21' '259.11418170644134' 'present']
 ['9' '263.74957999386254' 'marauded']
 ['18' '263.78393065486364' 'presentdestroyed']
 ['22' '264.71553462407894' 'destroyed']
 ['16' '267.5327074692186' 'presentdestroyed']
 ['9' '267.8746569299645' 'destroyed']
 ['18' '270.0071437273685' 'presentdestroyed']
 ['8' '271.5692777330902' 'present']
 ['4' '280.0743698804318' 'marauded']
 ['5' '280.1359165217451' 'destroyed']
 ['14' '280.27515082004925' 'destroyed']
 ['22' '280.30688105934684' 'destroyed']
 ['9' '280.7607744112202' 'presentdestroyed']
 ['21' '285.8916626670924' 'presentdestroyed']
 ['18' '288.2818527417053' 'marauded']
 ['18' '288.94901489798104' 'presentdestroyed']
 ['2' '293.91607201458186' 'presentdestroyed']
 ['3' '303.7869916201843' 'marauded']
 ['8' '322.7530876109888' 'present']
 ['4' '329.7408273112058' 'present']
 ['8' '329.8200687634266' 'marauded']
 ['7' '332.86599983728' 'destroyed']
 ['14' '341.01992844984636' 'present']
 ['4' '348.7436800390138' 'marauded']
 ['22' '358.0462397604442' 'present']]","[['F182' '5.827054527672464' 'mated']
 ['F205' '38.315693847005676' 'absent']
 ['F198' '44.635149533446125' 'mated']
 ['F53' '151.003822544139' 'destroyed']
 ['F140' '167.55589093714397' 'mated']
 ['F130' '171.2044408372877' 'mated']
 ['F108' '189.7028200617648' 'mated']
 ['F58' '191.37765390212365' 'mated']
 ['F190' '192.81935334535655' 'mated']
 ['F150' '196.606400184888' 'mated']
 ['F191' '205.15330102523652' 'mated']
 ['F41' '242.1408499197616' 'absent']
 ['F15' '271.5845207708457' 'mated']
 ['F35' '296.0530108703759' 'absentdestroyed']
 ['F69' '297.5832966042247' 'mated']
 ['F160' '334.46782487814977' 'destroyed']
 ['F63' '337.4217208440146' 'absentdestroyed']]",575.0,68.75340551240807,14.24162122743845,1248.0,217.3519422832818,46.84509651765272,425.0,72.95255141075073,15.850168410781329,8.0,0.7999999999999999,0.08000000000000002,78.0,0.3611111111111113,0.0016718106995884758
2,0.054,8,360.28659380568456,"[['8' '3.1047276636196566' 'present']
 ['21' '5.894724725232181' 'marauded']
 ['16' '20.386537229698554' 'marauded']
 ['7' '24.32584561404607' 'presentdestroyed']
 ['17' '27.0756149974773' 'presentdestroyed']
 ['10' '32.618514818205945' 'present']
 ['12' '39.84624608399423' 'present']
 ['9' '50.152216847723075' 'present']
 ['17' '53.35782978308795' 'present']
 ['4' '63.98476010762017' 'present']
 ['11' '70.63449537821799' 'present']
 ['15' '75.37113391082012' 'present']
 ['16' '75.80514342565954' 'present']
 ['22' '79.15460566789712' 'marauded']
 ['1' '79.20281654948595' 'destroyed']
 ['15' '82.68691397134691' 'presentdestroyed']
 ['12' '83.65913808332988' 'destroyed']
 ['18' '84.12511726404165' 'presentdestroyed']
 ['9' '84.61953937898224' 'presentdestroyed']
 ['18' '95.64761008857661' 'present']
 ['6' '103.44470510813439' 'present']
 ['18' '104.77720570717796' 'marauded']
 ['7' '108.50575009688234' 'presentdestroyed']
 ['14' '109.10976237057089' 'presentdestroyed']
 ['17' '110.79121343488886' 'destroyed']
 ['8' '110.95169763038238' 'presentdestroyed']
 ['0' '113.47268731545203' 'present']
 ['4' '129.4407788399952' 'present']
 ['13' '140.19323454773505' 'present']
 ['10' '141.0789021098767' 'present']
 ['16' '144.24469179266836' 'marauded']
 ['6' '151.84179300932848' 'present']
 ['23' '155.30033023823776' 'present']
 ['7' '157.49261367307477' 'present']
 ['10' '170.87524676402396' 'present']
 ['16' '173.22334273818706' 'present']
 ['1' '178.4999422318126' 'present']
 ['8' '179.24733036665077' 'present']
 ['19' '196.41918704257745' 'present']
 ['7' '198.4871166014393' 'present']
 ['1' '208.15554728855403' 'marauded']
 ['21' '208.9910624792549' 'presentdestroyed']
 ['23' '210.1195532984699' 'presentdestroyed']
 ['22' '211.89767805179648' 'destroyed']
 ['8' '214.22290611861723' 'destroyed']
 ['14' '219.42387044150615' 'present']
 ['9' '221.63372561336425' 'present']
 ['6' '225.4656851669646' 'present']
 ['22' '231.47977437662206' 'present']
 ['12' '236.27474346563022' 'present']
 ['15' '236.43760110808788' 'present']
 ['11' '252.64034722839406' 'present']
 ['4' '258.62226112766274' 'present']
 ['16' '263.19245305319606' 'present']
 ['5' '267.07020212872635' 'present']
 ['13' '272.857576966057' 'present']
 ['16' '273.4430723957301' 'present']
 ['7' '273.56136241051894' 'present']
 ['0' '283.21848761507005' 'present']
 ['8' '289.09428437112194' 'present']
 ['4' '291.5534510072595' 'present']
 ['3' '298.58544118779577' 'present']
 ['9' '305.63681980365277' 'present']
 ['18' '310.95644817371334' 'present']
 ['21' '312.65738260188306' 'present']
 ['0' '326.3982509530546' 'marauded']
 ['9' '328.3481344860197' 'presentdestroyed']
 ['5' '329.92780250495554' 'presentdestroyed']
 ['8' '330.9471550832634' 'presentdestroyed']
 ['3' '337.12305627022596' 'present']
 ['1' '344.6589126870269' 'present']]","[['F208' '80.26379544440555' 'destroyed']
 ['F199' '90.01462455131285' 'mated']
 ['F195' '127.98020298334038' 'mated']
 ['F170' '181.78390761130126' 'mated']
 ['F2' '185.64834088162903' 'mated']
 ['F56' '203.8925799338133' 'mated']
 ['F141' '206.97733851777156' 'mated']
 ['F39' '211.14591839031593' 'absentdestroyed']
 ['F124' '240.42661052609097' 'mated']
 ['F121' '271.464090951533' 'mated']]",581.0,72.55447785167945,14.700115513223777,1450.0,243.63519482449868,51.71583817331305,250.0,42.48533688337873,9.192416118941106,10.0,0.9999999999999999,0.10000000000000003,80.0,0.3703703703703706,0.001714677640603565
3,0.054,10,359.9340616878874,"[['23' '1.925092951187542' 'present']
 ['16' '3.8516447696158007' 'present']
 ['8' '5.964287345908834' 'present']
 ['23' '11.20245632513591' 'present']
 ['1' '16.11269679053983' 'present']
 ['7' '20.366313398926913' 'marauded']
 ['23' '38.964903670095' 'present']
 ['12' '52.520212095632345' 'present']
 ['17' '52.77248071720088' 'present']
 ['4' '54.0528856522293' 'present']
 ['16' '64.43295716144624' 'present']
 ['15' '68.0965842707811' 'marauded']
 ['13' '74.50446128751638' 'destroyed']
 ['12' '74.63209228673855' 'destroyed']
 ['17' '75.64313416348716' 'presentdestroyed']
 ['9' '77.98650471033855' 'present']
 ['5' '106.30115310344284' 'present']
 ['23' '107.4176601525464' 'present']
 ['15' '116.50360409947065' 'present']
 ['6' '120.82750497067718' 'present']
 ['4' '130.3266972561154' 'present']
 ['18' '130.65111824172212' 'present']
 ['9' '135.0150024209474' 'present']
 ['17' '136.72671537812235' 'present']
 ['9' '139.20480262173723' 'present']
 ['21' '157.37677521911607' 'present']
 ['6' '160.99592826291257' 'present']
 ['0' '178.89657263577755' 'marauded']
 ['9' '179.42542610999703' 'destroyed']
 ['18' '189.67776079745852' 'present']
 ['18' '197.7490059725981' 'present']
 ['10' '197.7816237717601' 'present']
 ['18' '201.58791003724605' 'present']
 ['8' '202.27179671929738' 'present']
 ['19' '204.62547787933772' 'marauded']
 ['6' '207.05121244422833' 'destroyed']
 ['2' '207.8052141690742' 'presentdestroyed']
 ['23' '209.57750164665427' 'presentdestroyed']
 ['1' '213.10443647318363' 'present']
 ['10' '214.90073549037797' 'present']
 ['21' '215.30118554448714' 'present']
 ['18' '217.3827983491429' 'marauded']
 ['10' '220.14746003700765' 'presentdestroyed']
 ['16' '222.46051034626723' 'presentdestroyed']
 ['16' '243.3692756446699' 'present']
 ['22' '248.0034954112499' 'present']
 ['7' '250.48285100745244' 'present']
 ['2' '251.80245189785688' 'present']
 ['15' '257.7370568222969' 'present']
 ['10' '260.69347714217105' 'present']
 ['18' '273.1630766620443' 'present']
 ['4' '276.196640226046' 'present']
 ['1' '276.7432608982694' 'present']
 ['13' '278.5050429114591' 'marauded']
 ['0' '286.49166225359636' 'present']
 ['16' '324.0031413597123' 'present']
 ['21' '326.4930679433714' 'present']
 ['7' '330.38181197322797' 'present']
 ['10' '331.272616071044' 'present']
 ['10' '331.2772457006737' 'present']
 ['23' '346.5153017389278' 'present']
 ['11' '352.2839782355184' 'present']
 ['17' '354.0511338226707' 'present']
 ['6' '355.38712539717733' 'present']]","[['F213' '25.671821247552007' 'destroyed']
 ['F208' '80.26611025922035' 'mated']
 ['F83' '93.03911637295438' 'absent']
 ['F112' '141.43059421851476' 'mated']
 ['F184' '152.1802493119274' 'mated']
 ['F68' '169.7739816797275' 'mated']
 ['F78' '170.05553232627744' 'absent']
 ['F24' '204.25570059732797' 'mated']
 ['F141' '206.97502370295675' 'absentdestroyed']
 ['F131' '213.38722925116517' 'mated']
 ['F6' '222.07327175885402' 'destroyed']
 ['F132' '224.2961123123483' 'destroyed']
 ['F201' '229.22918827813137' 'absent']
 ['F210' '249.9166511851261' 'absent']
 ['F210' '249.92359562957054' 'absent']
 ['F148' '272.8707215100571' 'mated']
 ['F19' '278.4252769471553' 'mated']
 ['F35' '296.0553256851907' 'mated']
 ['F10' '302.85257754410384' 'mated']]",574.0,70.80086764900194,14.680197430832669,1469.0,250.17393765314856,53.22813021541828,226.0,36.493471179750145,7.556090665033227,21.0,2.1000000000000005,0.21000000000000013,101.0,0.4675925925925933,0.0021647805212620026
4,0.054,10,360.1250875126969,"[['23' '0.4686149304474371' 'present']
 ['1' '0.9942046954051313' 'present']
 ['10' '4.913598290509516' 'present']
 ['9' '6.953368051625165' 'present']
 ['0' '23.534560880110075' 'present']
 ['10' '34.620857567998556' 'marauded']
 ['14' '36.86403101537687' 'presentdestroyed']
 ['12' '41.13767150535869' 'presentdestroyed']
 ['3' '46.972871883592575' 'present']
 ['12' '49.03620737852152' 'present']
 ['7' '50.23110131124425' 'present']
 ['1' '53.30225151004233' 'present']
 ['13' '61.12656866098554' 'present']
 ['16' '66.46700719584386' 'present']
 ['6' '82.27676353606793' 'present']
 ['14' '89.23496047952428' 'marauded']
 ['1' '96.0601518504205' 'presentdestroyed']
 ['21' '96.98813584929752' 'present']
 ['19' '103.06851345284473' 'present']
 ['12' '109.82761946791909' 'marauded']
 ['10' '115.74632600662787' 'presentdestroyed']
 ['13' '121.14650293466192' 'marauded']
 ['5' '121.4791307840776' 'presentdestroyed']
 ['10' '130.110475159338' 'present']
 ['11' '137.35514208765025' 'present']
 ['2' '137.92753813438517' 'present']
 ['12' '151.0238193005267' 'present']
 ['11' '152.1561370937294' 'present']
 ['1' '155.2862655948955' 'present']
 ['7' '158.6177270188181' 'present']
 ['11' '164.72667282258712' 'marauded']
 ['2' '166.02504259751433' 'destroyed']
 ['22' '168.44336717983592' 'presentdestroyed']
 ['2' '170.19529674277257' 'destroyed']
 ['8' '170.29131969931373' 'presentdestroyed']
 ['21' '179.1008372891002' 'present']
 ['8' '202.507824320873' 'present']
 ['7' '208.1876947225139' 'marauded']
 ['7' '209.15577419281212' 'presentdestroyed']
 ['23' '210.12418292809951' 'presentdestroyed']
 ['0' '216.07516555143087' 'present']
 ['6' '220.2998106082606' 'present']
 ['19' '231.0634871490162' 'present']
 ['2' '246.5785180056824' 'present']
 ['13' '247.01388692084672' 'present']
 ['22' '253.43790717828725' 'present']
 ['8' '259.214579308016' 'present']
 ['11' '267.5259848712581' 'marauded']
 ['10' '270.88782782751053' 'destroyed']
 ['17' '272.5988428832026' 'destroyed']
 ['9' '288.94673267058494' 'present']
 ['10' '301.16058920443913' 'present']
 ['18' '302.75276958426554' 'marauded']
 ['13' '303.9236745494508' 'presentdestroyed']
 ['6' '313.0631912582992' 'present']
 ['23' '313.1464292080355' 'present']
 ['2' '319.4882559286682' 'present']
 ['5' '322.88129794889903' 'present']
 ['8' '327.55903669968825' 'present']
 ['22' '330.7864420069393' 'present']
 ['12' '330.938086241161' 'present']
 ['23' '334.83732840558054' 'present']
 ['0' '340.4346268893846' 'marauded']
 ['3' '354.36644417735255' 'present']]","[['F0' '77.71687083974084' 'mated']
 ['F64' '116.61535245033625' 'destroyed']
 ['F143' '154.038250828467' 'mated']
 ['F103' '155.04868680328306' 'mated']
 ['F142' '163.54084051844347' 'mated']
 ['F140' '167.55126130751435' 'destroyed']
 ['F109' '173.45588879703521' 'mated']
 ['F87' '177.12953993716044' 'absent']
 ['F2' '185.64602606681422' 'absent']
 ['F39' '211.14360357550112' 'destroyed']
 ['F203' '223.5806482784086' 'mated']
 ['F157' '225.34139675791593' 'mated']
 ['F137' '234.5244204506148' 'mated']
 ['F210' '249.9143363703113' 'absent']
 ['F210' '249.91896599994092' 'absent']
 ['F85' '299.0956107403481' 'mated']
 ['F10' '302.84794791447416' 'destroyed']
 ['F30' '319.9387388237338' 'mated']]",569.0,71.78754202131213,14.866879034882661,1376.0,231.59908828358863,48.50342840307864,332.0,54.83328069254692,11.310670611590448,15.0,1.5000000000000002,0.15000000000000008,66.0,0.3055555555555555,0.0014146090534979412
5,0.054,9,360.16645207532395,"[['9' '0.4111257673826917' 'present']
 ['8' '3.217800803581377' 'marauded']
 ['10' '12.39195305637919' 'marauded']
 ['4' '19.55026366408118' 'presentdestroyed']
 ['1' '20.88083027481319' 'present']
 ['13' '23.350345565925288' 'present']
 ['6' '28.12131717506899' 'present']
 ['21' '38.64089853456269' 'present']
 ['3' '39.207990806348775' 'marauded']
 ['3' '46.79334255243952' 'present']
 ['10' '52.81590321245873' 'present']
 ['4' '54.05751528185893' 'present']
 ['21' '62.45794499770445' 'present']
 ['23' '66.23897161729758' 'present']
 ['0' '67.33131822280437' 'present']
 ['10' '76.8605123426541' 'present']
 ['2' '78.85045757650992' 'present']
 ['12' '80.2089300278018' 'present']
 ['3' '81.71500396726285' 'present']
 ['1' '81.93122697712032' 'present']
 ['13' '82.18115782511697' 'present']
 ['7' '82.25253106480521' 'present']
 ['6' '83.90661821720813' 'present']
 ['1' '84.32882085494819' 'present']
 ['18' '88.81482510211767' 'present']
 ['23' '96.21200978920305' 'present']
 ['0' '98.3226852810303' 'marauded']
 ['1' '106.79004127919883' 'marauded']
 ['3' '107.81685521731113' 'presentdestroyed']
 ['7' '109.27277673603375' 'presentdestroyed']
 ['0' '114.35404721426463' 'present']
 ['11' '116.67428385939131' 'present']
 ['3' '118.07739899831604' 'present']
 ['7' '126.4271223170111' 'present']
 ['19' '138.8766964459287' 'marauded']
 ['8' '143.0811173263541' 'presentdestroyed']
 ['14' '144.31153916924322' 'destroyed']
 ['19' '144.58580613561472' 'presentdestroyed']
 ['7' '149.96744862777552' 'present']
 ['7' '156.26048686109147' 'present']
 ['7' '158.5130973891885' 'marauded']
 ['14' '158.7131462078391' 'presentdestroyed']
 ['3' '160.45816327932775' 'destroyed']
 ['17' '166.2507275806078' 'presentdestroyed']
 ['19' '168.22944831418607' 'present']
 ['23' '171.97693341187315' 'present']
 ['16' '175.8692041832885' 'present']
 ['16' '175.87383381291812' 'present']
 ['23' '183.87362308072747' 'marauded']
 ['12' '186.32384588698542' 'presentdestroyed']
 ['15' '194.59101055735863' 'present']
 ['15' '213.7508141623564' 'present']
 ['4' '216.64663180013804' 'present']
 ['22' '237.1972270125394' 'present']
 ['16' '246.43823821776436' 'present']
 ['3' '256.5486857776775' 'present']
 ['16' '266.32860998094213' 'present']
 ['3' '267.888489941865' 'present']
 ['3' '275.34960181959957' 'present']
 ['15' '285.0241547143023' 'present']
 ['17' '295.4316760841907' 'present']
 ['13' '297.7393093664905' 'marauded']
 ['21' '303.1454849131516' 'presentdestroyed']
 ['7' '305.34814804807263' 'present']
 ['12' '309.69343557963754' 'present']
 ['21' '319.9860424840506' 'present']
 ['18' '337.8028590725372' 'marauded']
 ['2' '346.02063223353207' 'present']
 ['16' '349.30438104288174' 'present']
 ['21' '354.32288799170715' 'present']]","[['F28' '22.360120032569572' 'mated']
 ['F4' '68.74075951093619' 'mated']
 ['F88' '99.21891879931934' 'destroyed']
 ['F92' '110.34363691279492' 'destroyed']
 ['F134' '151.97880923508004' 'mated']
 ['F97' '169.75615581804064' 'absent']
 ['F200' '183.45324172305027' 'mated']
 ['F17' '209.94192421312013' 'mated']
 ['F25' '221.17160629688956' 'mated']
 ['F90' '221.35782505979427' 'mated']
 ['F50' '285.7923166243266' 'absent']
 ['F94' '293.3988753670983' 'mated']
 ['F169' '334.7880265004906' 'mated']]",571.0,69.71016304259933,13.78546318033221,1345.0,228.34063604836126,48.77863724578029,364.0,61.0065999827317,12.757690856330289,7.0,0.7,0.07,61.0,0.2824074074074073,0.0013074417009602184
6,0.054,5,360.49521996265634,"[['14' '4.041805331805815' 'present']
 ['8' '9.450732409460239' 'present']
 ['13' '11.23505774795938' 'present']
 ['3' '11.436977000881317' 'present']
 ['7' '24.330475243675696' 'present']
 ['16' '28.871392712747394' 'present']
 ['23' '31.895180820639435' 'marauded']
 ['23' '34.73982741658277' 'destroyed']
 ['21' '35.10652072267792' 'presentdestroyed']
 ['13' '45.41422107920766' 'present']
 ['1' '53.74754786103516' 'present']
 ['12' '63.81614458758518' 'present']
 ['17' '72.32433500609824' 'present']
 ['13' '79.68868360017412' 'present']
 ['0' '82.99573670359557' 'present']
 ['18' '86.2775402273946' 'present']
 ['11' '87.10828980554649' 'present']
 ['12' '88.52084975269683' 'marauded']
 ['18' '95.16621589495382' 'presentdestroyed']
 ['5' '96.67912934724376' 'present']
 ['2' '99.65619355579915' 'present']
 ['17' '100.41511754381051' 'present']
 ['23' '104.13865664190303' 'present']
 ['14' '108.78291395420983' 'present']
 ['13' '111.8227942528295' 'marauded']
 ['7' '115.5122323371361' 'presentdestroyed']
 ['0' '116.04995021978337' 'presentdestroyed']
 ['23' '121.18623941361167' 'present']
 ['16' '125.44360567508355' 'present']
 ['16' '129.32033773575304' 'present']
 ['18' '133.49353202378046' 'present']
 ['11' '133.86275520861528' 'present']
 ['5' '137.2174075444841' 'present']
 ['2' '142.55280262905373' 'present']
 ['18' '146.84894664534394' 'present']
 ['1' '158.57022949665284' 'present']
 ['18' '167.0935655458091' 'present']
 ['3' '167.99432245095198' 'present']
 ['15' '171.24655831988187' 'present']
 ['22' '188.71373528621095' 'marauded']
 ['13' '190.51300524106665' 'presentdestroyed']
 ['2' '191.80646455520673' 'destroyed']
 ['7' '196.34826826321049' 'destroyed']
 ['2' '196.47137809632903' 'present']
 ['3' '197.69974670980352' 'present']
 ['5' '198.12006957875624' 'marauded']
 ['12' '208.700428290269' 'marauded']
 ['18' '214.8107629941652' 'presentdestroyed']
 ['15' '221.58146674658974' 'present']
 ['11' '221.87710427511152' 'present']
 ['18' '228.31139459953636' 'marauded']
 ['1' '229.19426187970686' 'destroyed']
 ['19' '241.5577670525552' 'present']
 ['17' '250.2720034001062' 'present']
 ['21' '256.3530076265289' 'present']
 ['22' '261.4166999049026' 'marauded']
 ['5' '261.42874879061736' 'destroyed']
 ['5' '261.71835456883684' 'presentdestroyed']
 ['8' '272.53898379450953' 'present']
 ['8' '281.0915059235759' 'present']
 ['12' '285.39032309744863' 'present']
 ['3' '293.22338488821765' 'present']
 ['5' '312.1680735758944' 'present']
 ['11' '321.5360774444942' 'marauded']
 ['1' '327.8668099080258' 'destroyed']
 ['22' '330.7818123773096' 'present']
 ['3' '332.854770119236' 'present']
 ['10' '334.59793601059596' 'marauded']
 ['22' '340.99146231425226' 'presentdestroyed']
 ['11' '349.0202367532426' 'present']]","[['F18' '9.646179781940809' 'mated']
 ['F44' '66.11258065478303' 'mated']
 ['F168' '75.05314405961745' 'absent']
 ['F14' '169.87849895717827' 'mated']
 ['F20' '206.05030747265408' '']
 ['F99' '220.2099661827038' 'absent']
 ['F37' '240.80329398837017' 'mated']
 ['F211' '263.1829871350962' 'destroyed']
 ['F146' '288.7816749882567' 'mated']]",564.0,71.62065353461328,15.071342495098914,1335.0,226.56021199920622,48.987459326994255,349.0,61.09377601403888,13.400979124882754,6.0,0.6,0.06000000000000001,74.0,0.3425925925925927,0.0015860768175582976
7,0.054,9,360.5558275107117,"[['14' '0.12093965858435736' 'present']
 ['18' '3.9452800232002714' 'present']
 ['10' '4.5599697085053545' 'present']
 ['17' '9.720790687404852' 'present']
 ['2' '37.42765291083785' 'present']
 ['0' '54.45150055467376' 'present']
 ['14' '56.31901960293174' 'present']
 ['1' '58.57486719256232' 'present']
 ['13' '63.9286557554741' 'present']
 ['8' '65.64639142610126' 'present']
 ['21' '84.07987381257175' 'present']
 ['11' '85.77256103652168' 'present']
 ['3' '86.73291548512343' 'marauded']
 ['21' '87.9886922958851' 'destroyed']
 ['2' '90.2209063905682' 'destroyed']
 ['18' '90.32858182349555' 'presentdestroyed']
 ['11' '100.3838769775091' 'present']
 ['0' '105.92595725869519' 'present']
 ['3' '108.91834862469749' 'present']
 ['0' '115.30146540072872' 'present']
 ['22' '118.87328691887011' 'present']
 ['11' '135.66113806275015' 'present']
 ['8' '136.30117832076735' 'present']
 ['3' '141.65029638060307' 'present']
 ['10' '152.51415930085793' 'present']
 ['23' '153.61076247640062' 'present']
 ['16' '155.5376715187119' 'present']
 ['12' '164.62400343573248' 'present']
 ['2' '173.63854462733525' 'present']
 ['22' '184.25521241395904' 'present']
 ['12' '197.5240358735536' 'present']
 ['11' '201.15863674936094' 'present']
 ['23' '207.41467722377993' 'present']
 ['21' '211.3206211808023' 'marauded']
 ['8' '211.6324030623833' 'presentdestroyed']
 ['16' '216.2443102964327' 'destroyed']
 ['14' '218.53923174061646' 'marauded']
 ['22' '223.34493816725356' 'presentdestroyed']
 ['19' '226.36263753758072' 'present']
 ['17' '242.56269870402974' 'present']
 ['17' '242.5943730334395' 'present']
 ['0' '243.12680772940374' 'marauded']
 ['14' '245.16731766292173' 'presentdestroyed']
 ['6' '245.17787626182619' 'presentdestroyed']
 ['12' '258.62479852709305' 'present']
 ['3' '276.07089110272636' 'present']
 ['18' '280.96058995881907' 'present']
 ['18' '282.20786394051004' 'present']
 ['0' '282.29400457597166' 'present']
 ['5' '282.3320970213811' 'present']
 ['23' '284.8907168528785' 'marauded']
 ['21' '300.4112351737867' 'present']
 ['14' '304.21951700975404' 'present']
 ['15' '311.41847477143654' 'marauded']
 ['23' '311.7706122495422' 'presentdestroyed']
 ['21' '315.87244989638015' 'destroyed']
 ['1' '317.7876790018921' 'presentdestroyed']
 ['5' '317.97757413626215' 'presentdestroyed']
 ['5' '318.9532106388282' 'present']
 ['5' '320.4720250541351' 'present']
 ['14' '325.8798667447043' 'present']
 ['0' '326.264335498716' 'present']
 ['13' '330.69297087637443' 'present']
 ['14' '330.6951051134222' 'present']
 ['3' '336.84426709299896' 'present']
 ['3' '337.8424061070556' 'marauded']
 ['3' '338.16539132977067' 'presentdestroyed']
 ['11' '345.0117030740298' 'marauded']
 ['17' '346.64627598029574' 'presentdestroyed']
 ['0' '347.9162086313746' 'destroyed']
 ['22' '349.72888668730735' 'presentdestroyed']
 ['23' '353.95586494602026' 'marauded']]","[['F75' '24.38336797696488' 'mated']
 ['F188' '44.745484226294224' 'mated']
 ['F36' '102.07502459372604' 'absent']
 ['F116' '114.79996340846634' 'mated']
 ['F163' '117.22408473244103' 'mated']
 ['F54' '124.25467461469026' 'mated']
 ['F159' '150.57387085272654' 'mated']
 ['F78' '170.06016195590706' 'absent']
 ['F115' '201.11679724942533' 'mated']
 ['F9' '203.7275084328686' 'mated']
 ['F191' '205.1509862104217' 'absent']
 ['F17' '209.93960939830532' 'absent']
 ['F27' '232.73752636186802' 'mated']
 ['F57' '244.90432179867602' 'destroyed']
 ['F210' '249.92128081475573' 'absentdestroyed']
 ['F15' '271.579891141216' 'absent']]",562.0,69.5109423201454,13.853676336788952,1386.0,235.52007759023047,50.534925899247256,325.0,53.173121863359185,10.930955889442343,14.0,1.4000000000000001,0.14000000000000007,86.0,0.39814814814814853,0.0018432784636488323
8,0.054,9,360.0873182435619,"[['1' '0.0023148148148148147' 'present']
 ['2' '2.174319794981291' 'present']
 ['23' '3.371459011544383' 'present']
 ['4' '4.078720532625212' 'present']
 ['1' '5.651056239872343' 'present']
 ['12' '10.2762043709364' 'present']
 ['7' '11.468546524211087' 'present']
 ['22' '13.660560316934022' 'present']
 ['10' '22.346841012756933' 'present']
 ['7' '36.12159675605728' 'marauded']
 ['17' '38.078599949437184' 'presentdestroyed']
 ['21' '41.81680893918586' 'presentdestroyed']
 ['15' '43.37404309618678' 'presentdestroyed']
 ['22' '47.63028757143022' 'present']
 ['7' '48.03760863718922' 'present']
 ['2' '48.12296228625419' 'marauded']
 ['1' '52.75125058282927' 'presentdestroyed']
 ['13' '57.246373015382154' 'marauded']
 ['11' '59.978489678699404' 'presentdestroyed']
 ['16' '63.13103564957893' 'presentdestroyed']
 ['9' '67.47335203179476' 'present']
 ['7' '69.06469794106766' 'present']
 ['19' '73.99204479085904' 'present']
 ['10' '75.62572518164458' 'present']
 ['11' '83.77376613689397' 'marauded']
 ['5' '86.19272553799561' 'destroyed']
 ['19' '87.93309080561741' 'presentdestroyed']
 ['14' '89.38276164104673' 'presentdestroyed']
 ['1' '98.63647115235521' 'present']
 ['10' '108.85618467836608' 'present']
 ['16' '111.58849119142772' 'present']
 ['9' '117.7018069633013' 'marauded']
 ['2' '118.96662589518118' 'presentdestroyed']
 ['10' '125.15398753023634' 'destroyed']
 ['2' '134.41154285132797' 'present']
 ['12' '134.48539720998303' 'present']
 ['0' '136.03781235686571' 'present']
 ['21' '140.59853724906208' 'present']
 ['21' '140.6031668786917' 'present']
 ['16' '147.16711010234113' 'present']
 ['14' '148.5470703953857' 'present']
 ['7' '154.75566113204928' 'present']
 ['22' '155.12669444214907' 'present']
 ['17' '165.56764284950734' 'present']
 ['16' '166.37469116459127' 'present']
 ['6' '172.13566880202822' 'present']
 ['16' '179.10836986442945' 'present']
 ['23' '184.0322011048566' 'marauded']
 ['22' '188.08549177385154' 'destroyed']
 ['14' '195.43295807223654' 'present']
 ['1' '196.8795734833372' 'present']
 ['18' '217.49205760840212' 'present']
 ['21' '224.6795039155691' 'marauded']
 ['10' '226.55722371964399' 'presentdestroyed']
 ['0' '227.10978033672842' 'destroyed']
 ['13' '239.13967284790067' 'present']
 ['12' '244.4550738150594' 'marauded']
 ['12' '259.2145659181426' 'marauded']
 ['19' '260.6818959894103' 'destroyed']
 ['22' '263.6472853200647' 'presentdestroyed']
 ['6' '273.34760682148175' 'present']
 ['6' '284.4546395363343' 'present']
 ['0' '284.6334504621931' 'present']
 ['12' '287.2073337404694' 'present']
 ['4' '290.6955294493172' 'present']
 ['16' '296.769413822495' 'marauded']
 ['2' '302.07797564730214' 'presentdestroyed']
 ['18' '305.1594165409571' 'present']
 ['15' '306.1160687896918' 'present']
 ['1' '312.0308162258621' 'present']
 ['6' '313.5138727681183' 'marauded']
 ['5' '317.79721178737714' 'presentdestroyed']
 ['21' '318.44414411101513' 'presentdestroyed']
 ['23' '319.57538217813766' 'presentdestroyed']
 ['6' '320.58970923370515' 'presentdestroyed']
 ['21' '326.64422167564084' 'present']
 ['9' '329.45824673799865' 'present']
 ['0' '341.2348553570903' 'present']
 ['16' '343.7347432057831' 'present']
 ['15' '345.1307060220248' 'present']
 ['14' '350.10572761326137' 'present']]","[['F110' '54.85651797638919' 'absentdestroyed']
 ['F1' '70.94717842784134' 'mated']
 ['F206' '104.62731070714878' 'mated']
 ['F21' '113.82124657745236' 'mated']
 ['F64' '116.61998207996587' 'mated']
 ['F84' '122.96400939070108' 'absentdestroyed']
 ['F53' '151.00613735895382' 'absent']
 ['F34' '179.092346873281' 'mated']
 ['F108' '189.70050524695' 'destroyed']
 ['F29' '192.44372596264276' 'mated']
 ['F212' '203.06971362708364' 'mated']
 ['F113' '217.81653350363848' 'absent']
 ['F102' '218.78608628920318' 'mated']
 ['F157' '225.33908194310112' 'destroyed']
 ['F41' '242.13159066050235' 'absent']
 ['F65' '257.08944104819665' 'mated']
 ['F59' '265.85174342226657' 'destroyed']
 ['F160' '334.4701396929646' 'absent']]",587.0,71.07171480182049,14.629414931005554,1331.0,220.57900970177886,46.21267734288463,379.0,66.8340675737145,14.409170268991536,13.0,1.3,0.13000000000000006,77.0,0.3564814814814817,0.0016503772290809313
9,0.054,4,360.19299516297286,"[['10' '5.293526912718565' 'present']
 ['23' '6.276607032043908' 'present']
 ['7' '19.113708576486463' 'marauded']
 ['1' '24.625690947422218' 'destroyed']
 ['0' '25.617201820562304' 'presentdestroyed']
 ['15' '27.331611434646806' 'present']
 ['5' '29.16967658651156' 'present']
 ['23' '30.287392790061933' 'present']
 ['23' '32.513841890598755' 'present']
 ['8' '33.88517357860883' 'present']
 ['2' '35.280113217096506' 'present']
 ['7' '35.381604506367715' 'marauded']
 ['13' '36.571451272601216' 'presentdestroyed']
 ['17' '40.370539739334696' 'presentdestroyed']
 ['6' '47.05836730912925' 'present']
 ['23' '58.303113663895786' 'marauded']
 ['12' '60.70309767557968' 'presentdestroyed']
 ['15' '63.16908961334085' 'presentdestroyed']
 ['8' '65.65102105573088' 'present']
 ['21' '69.11508017499285' 'marauded']
 ['18' '70.11587839208605' 'presentdestroyed']
 ['6' '83.02163838869022' 'present']
 ['21' '89.326825894905' 'marauded']
 ['2' '89.5167102425146' 'presentdestroyed']
 ['16' '93.76642335943508' 'destroyed']
 ['2' '99.032066788645' 'present']
 ['19' '104.99823349939527' 'present']
 ['1' '108.93136302706817' 'marauded']
 ['14' '109.85534632294559' 'presentdestroyed']
 ['16' '109.91690190076707' 'presentdestroyed']
 ['22' '112.48595977622294' 'presentdestroyed']
 ['17' '114.22426410687291' 'presentdestroyed']
 ['15' '117.878689637365' 'present']
 ['3' '119.32114374599979' 'marauded']
 ['21' '120.6393362258568' 'destroyed']
 ['19' '123.42698369751454' 'presentdestroyed']
 ['6' '130.77866568508963' 'present']
 ['18' '133.65220918083952' 'present']
 ['11' '143.80919591926585' 'present']
 ['3' '145.32646561521491' 'marauded']
 ['14' '155.39404752657583' 'present']
 ['14' '161.6349612077564' 'present']
 ['1' '166.28678357035994' 'present']
 ['5' '169.17224383791714' 'present']
 ['15' '169.3677286481651' 'present']
 ['2' '175.65951583930044' 'present']
 ['3' '176.02911871368428' 'present']
 ['18' '183.09888388703774' 'present']
 ['4' '186.27995838142752' 'marauded']
 ['14' '189.28184234253297' 'presentdestroyed']
 ['3' '190.70129928668052' 'destroyed']
 ['2' '197.05897447733358' 'marauded']
 ['14' '203.89511250923516' 'presentdestroyed']
 ['2' '207.40627878995303' 'marauded']
 ['16' '226.6252670319208' 'present']
 ['7' '229.55944599074175' 'marauded']
 ['15' '230.85162553256285' 'presentdestroyed']
 ['22' '235.30043343657087' 'presentdestroyed']
 ['4' '236.50191880212222' 'presentdestroyed']
 ['5' '245.43983669446465' 'marauded']
 ['17' '253.35537199222856' 'marauded']
 ['2' '256.8712951733418' 'presentdestroyed']
 ['0' '266.89952736187627' 'present']
 ['18' '271.222023385027' 'marauded']
 ['12' '272.30690287420924' 'presentdestroyed']
 ['3' '275.6635254917581' 'presentdestroyed']
 ['23' '283.33114037096834' 'present']
 ['8' '293.72932466633944' 'present']
 ['3' '296.88937087365554' 'marauded']
 ['23' '318.30667300463654' 'marauded']
 ['2' '339.2137523127886' 'present']
 ['12' '341.5623644143796' 'marauded']
 ['15' '345.1353356516545' 'presentdestroyed']
 ['11' '345.8433265374117' 'presentdestroyed']
 ['23' '347.00791063022746' 'presentdestroyed']
 ['2' '357.15030785506985' 'marauded']]","[['F188' '44.74316941147941' 'absent']
 ['F61' '48.57731326822748' 'mated']
 ['F32' '81.114044656883' 'absent']
 ['F116' '114.79764859365153' 'absentdestroyed']
 ['F195' '127.97788816852557' 'absent']
 ['F114' '132.39421423229797' 'mated']
 ['F87' '177.13185475197525' 'mated']
 ['F145' '185.33191628693947' 'absent']
 ['F6' '222.07790138848364' 'mated']
 ['F19' '278.42296213234044' '']
 ['F10' '302.850262729289' 'absentdestroyed']]",574.0,73.07976981462473,15.470024781142488,1012.0,174.52834891119053,37.524183577468975,669.0,111.5416335709336,23.698414065428214,6.0,0.6,0.06000000000000001,59.0,0.273148148148148,0.0012645747599451293
10,0.054,8,360.3944887758578,"[['13' '1.8142300240161844' 'present']
 ['6' '8.452405098829457' 'present']
 ['17' '15.30925377619442' 'present']
 ['21' '20.974111698583208' 'present']
 ['7' '38.375238173899255' 'marauded']
 ['6' '44.46611800516408' 'presentdestroyed']
 ['17' '46.71744492367606' 'present']
 ['4' '48.51995450035112' 'present']
 ['22' '61.893993875974864' 'present']
 ['11' '61.96641116988847' 'marauded']
 ['22' '64.01705888163775' 'presentdestroyed']
 ['7' '64.95090042546047' 'presentdestroyed']
 ['9' '68.33920376989222' 'presentdestroyed']
 ['16' '73.9432081301946' 'present']
 ['21' '78.67344728485098' 'marauded']
 ['13' '88.31420243331412' 'present']
 ['16' '91.03555337350585' 'present']
 ['2' '93.00869033137836' 'present']
 ['19' '98.15724803111172' 'present']
 ['17' '101.57491088572759' 'present']
 ['12' '109.9322490975487' 'present']
 ['17' '117.29162457044104' 'marauded']
 ['17' '121.11219233511682' 'presentdestroyed']
 ['13' '123.28493850227986' 'presentdestroyed']
 ['11' '127.04726232649581' 'present']
 ['7' '129.51728829159322' 'present']
 ['8' '140.41658229053587' 'present']
 ['3' '158.89367487281518' 'present']
 ['17' '159.29349634199482' 'present']
 ['1' '159.94860703446423' 'present']
 ['1' '159.95323666409385' 'present']
 ['14' '165.05772333986602' 'present']
 ['22' '174.50389544961664' 'marauded']
 ['18' '188.6937479553457' 'present']
 ['0' '191.6735039504361' 'present']
 ['22' '197.8958046881282' 'present']
 ['12' '202.88251322045656' 'marauded']
 ['13' '205.80560203065605' 'presentdestroyed']
 ['22' '210.18973919276755' 'presentdestroyed']
 ['19' '212.26989715426086' 'present']
 ['1' '216.13937202458592' 'present']
 ['9' '217.83891082393342' 'present']
 ['4' '218.1365931872332' 'present']
 ['11' '218.77505746271967' 'present']
 ['12' '231.14210125431757' 'present']
 ['17' '234.0064147911038' 'present']
 ['11' '239.14062758131848' 'present']
 ['16' '240.59884308473653' 'present']
 ['0' '240.80319034738855' 'present']
 ['14' '244.48564459955824' 'present']
 ['21' '246.52751260157382' 'present']
 ['1' '253.0537631770995' 'present']
 ['21' '256.3483779968992' 'present']
 ['18' '257.399984144136' 'present']
 ['13' '260.8120944955521' 'present']
 ['12' '261.42426603473683' 'present']
 ['4' '261.91472172909306' 'marauded']
 ['17' '265.13309925394077' 'presentdestroyed']
 ['9' '266.2975805933384' 'presentdestroyed']
 ['8' '273.76792699176724' 'present']
 ['19' '275.52804326541246' 'marauded']
 ['13' '276.3358025035363' 'presentdestroyed']
 ['4' '280.0478288938601' 'presentdestroyed']
 ['4' '282.7205168583642' 'presentdestroyed']
 ['8' '294.38120058217186' 'present']
 ['12' '310.5738520207215' 'present']
 ['15' '311.52310440106623' 'marauded']
 ['18' '312.82991045651954' 'presentdestroyed']
 ['13' '318.47718206941414' 'presentdestroyed']
 ['22' '323.5125598914442' 'present']
 ['1' '327.8714395376555' 'present']
 ['23' '328.1221102659814' 'present']
 ['16' '328.16638799794504' 'present']
 ['3' '334.1886827601192' 'present']
 ['11' '339.1451120689223' 'present']
 ['3' '346.44062534205113' 'present']
 ['3' '347.6925162045571' 'marauded']
 ['22' '348.7653352928507' 'presentdestroyed']
 ['19' '351.7581409438339' 'presentdestroyed']
 ['11' '352.30883051825367' 'presentdestroyed']
 ['2' '353.81891205957425' 'destroyed']
 ['16' '355.1694151535156' 'present']
 ['21' '355.96519428150236' 'present']
 ['12' '359.3090204024436' 'present']]","[['F138' '69.35398027820854' '']
 ['F88' '99.22123361413415' 'mated']
 ['F171' '103.2805099972465' 'mated']
 ['F92' '110.34595172760973' 'mated']
 ['F175' '111.7716666750101' 'mated']
 ['F55' '146.43430023703488' 'mated']
 ['F53' '151.00845217376863' 'absent']
 ['F96' '180.4714966969134' 'destroyed']
 ['F132' '224.2984271271631' 'mated']
 ['F177' '229.49514756574658' 'mated']
 ['F193' '248.80340538872733' 'mated']
 ['F69' '297.58098178940986' 'absent']]",588.0,69.81225253416537,13.616214379288973,1332.0,227.79802697786144,48.849831899688,367.0,60.933814978557265,13.012469479582514,12.0,1.2,0.12000000000000005,81.0,0.3750000000000003,0.0017361111111111095
11,0.054,5,359.848329352526,"[['14' '1.2654919118651615' 'marauded']
 ['14' '2.114341141503798' 'presentdestroyed']
 ['15' '12.329016532065987' 'marauded']
 ['7' '14.246819448981034' 'destroyed']
 ['23' '16.58842957169044' 'presentdestroyed']
 ['3' '17.2210118458021' 'presentdestroyed']
 ['8' '18.499956909906885' 'presentdestroyed']
 ['0' '26.351465624172597' 'marauded']
 ['9' '31.565085752736167' 'presentdestroyed']
 ['12' '42.34191242172128' 'present']
 ['10' '49.40192455344487' 'present']
 ['14' '51.77390600034427' 'marauded']
 ['6' '54.85144643526896' 'presentdestroyed']
 ['1' '57.27015064839332' 'presentdestroyed']
 ['0' '62.81768014764118' 'marauded']
 ['16' '63.206077886101234' 'presentdestroyed']
 ['7' '72.64674402871728' 'present']
 ['6' '80.30139259219256' 'present']
 ['3' '84.95361529352198' 'present']
 ['3' '90.02668669237111' 'marauded']
 ['10' '92.64948697811182' 'destroyed']
 ['17' '100.74217362583813' 'present']
 ['17' '118.34580359421389' 'marauded']
 ['5' '130.52471860781145' 'present']
 ['10' '132.3542049226193' 'present']
 ['21' '132.55665913311543' 'present']
 ['6' '140.10431142411295' 'present']
 ['10' '142.16230226657774' 'present']
 ['10' '154.5929412539143' 'present']
 ['3' '154.72971730765283' 'present']
 ['16' '155.76278569929994' 'present']
 ['6' '157.8823685931106' 'present']
 ['21' '165.59581933019285' 'present']
 ['7' '166.42111595796672' 'marauded']
 ['8' '167.25384140883335' 'presentdestroyed']
 ['18' '172.3770638328398' 'destroyed']
 ['10' '182.62998686465622' 'present']
 ['13' '188.79692105072593' 'marauded']
 ['17' '193.6837152359407' 'presentdestroyed']
 ['14' '194.25043151310152' 'presentdestroyed']
 ['21' '194.90379772393175' 'destroyed']
 ['21' '196.52847714159162' 'present']
 ['1' '197.55416408411196' 'present']
 ['18' '217.4874279787725' 'present']
 ['23' '217.5895901817546' 'present']
 ['10' '220.15208966663727' 'present']
 ['15' '221.14315416195976' 'present']
 ['22' '238.38905611089532' 'present']
 ['9' '244.15982700042272' 'present']
 ['13' '245.97807921154774' 'present']
 ['22' '257.8873379211437' 'marauded']
 ['13' '258.88566729628695' 'presentdestroyed']
 ['12' '261.7764813509953' 'presentdestroyed']
 ['15' '271.87304172934864' 'present']
 ['22' '277.6862065933275' 'present']
 ['5' '283.18452311489307' 'marauded']
 ['17' '293.1397462874416' 'marauded']
 ['10' '294.1227738513404' 'presentdestroyed']
 ['1' '298.55394865586055' 'presentdestroyed']
 ['12' '325.88966050838474' 'present']
 ['14' '328.28252651155185' 'marauded']
 ['6' '344.1439217482558' 'present']
 ['22' '349.733516316937' 'present']
 ['0' '350.18844261626504' 'present']
 ['21' '350.2229580066409' 'present']
 ['3' '352.76328784636553' 'present']
 ['6' '356.5294190520648' 'present']]","[['F155' '5.7654139092029535' 'destroyed']
 ['F188' '44.738539781849774' 'absent']
 ['F162' '104.23578002362416' 'absent']
 ['F105' '118.33330551209554' 'absent']
 ['F180' '138.12741759707401' 'mated']
 ['F172' '148.8871610269161' 'mated']
 ['F176' '170.41823152395767' 'destroyed']
 ['F109' '173.4535739822204' '']
 ['F204' '196.6071811790323' '']
 ['F56' '203.89026511899849' 'absent']
 ['F20' '206.0526222874689' 'mated']
 ['F192' '224.65464207188867' 'mated']
 ['F71' '256.0715513964062' 'mated']
 ['F139' '266.8084753581252' 'absent']]",584.0,66.20248870051051,12.952735564195683,1253.0,212.76060107565687,46.19215559890104,466.0,79.55303543575097,16.942894501239042,12.0,1.2,0.12000000000000005,64.0,0.2962962962962962,0.001371742112482852
12,0.054,20,359.9648737326175,"[['7' '1.3643417602255508' 'present']
 ['7' '1.3689713898551805' 'present']
 ['1' '2.726051963410317' 'present']
 ['22' '3.226265897136576' 'present']
 ['4' '3.2501522184740015' 'present']
 ['4' '3.8422761794248563' 'present']
 ['8' '10.000186114888997' 'present']
 ['17' '15.304624146564791' 'present']
 ['18' '17.0600285643395' 'present']
 ['14' '17.21856194336737' 'marauded']
 ['13' '21.45763649062041' 'presentdestroyed']
 ['4' '32.387688123771305' 'present']
 ['2' '38.338995420304535' 'present']
 ['7' '47.26210281670896' 'present']
 ['7' '53.1201901071047' 'present']
 ['6' '64.43617270707936' 'present']
 ['9' '66.13665469596162' 'present']
 ['21' '67.08517504628338' 'present']
 ['6' '72.37159976322586' 'present']
 ['9' '84.62416900861186' 'present']
 ['21' '88.80144342965954' 'present']
 ['3' '89.13466476892387' 'marauded']
 ['17' '90.62895196359669' 'destroyed']
 ['0' '91.89918948168486' 'presentdestroyed']
 ['15' '100.65283367748654' 'present']
 ['7' '100.75671985631513' 'present']
 ['3' '102.78013984897092' 'present']
 ['22' '103.29035846856534' 'present']
 ['23' '104.14328627153265' 'present']
 ['11' '135.28585470657492' 'marauded']
 ['19' '136.47046518523115' 'presentdestroyed']
 ['10' '148.6964484678417' 'present']
 ['11' '150.35513664435928' 'present']
 ['23' '151.05539236952671' 'present']
 ['5' '151.96633664904687' 'present']
 ['23' '154.13753566596904' 'present']
 ['9' '154.3098392676232' 'present']
 ['3' '155.33254384164883' 'present']
 ['18' '162.49275847314036' 'present']
 ['7' '163.98214814065773' 'present']
 ['3' '174.10228320004188' 'present']
 ['9' '176.79976662723524' 'marauded']
 ['3' '177.27436823183578' 'presentdestroyed']
 ['1' '179.39009852531495' 'presentdestroyed']
 ['10' '187.38324053048584' 'marauded']
 ['21' '191.91850692739197' 'presentdestroyed']
 ['17' '208.7097314733471' 'marauded']
 ['19' '212.27452678389048' 'presentdestroyed']
 ['21' '223.93008444018946' 'marauded']
 ['4' '224.09778503811197' 'presentdestroyed']
 ['9' '227.7180218924863' 'presentdestroyed']
 ['21' '236.0063900041184' 'present']
 ['11' '236.1952058231834' 'present']
 ['4' '247.41216549657912' 'marauded']
 ['1' '248.14192686241546' 'presentdestroyed']
 ['21' '248.88320897349288' 'destroyed']
 ['15' '250.83746482034465' 'presentdestroyed']
 ['18' '251.68493988808999' 'presentdestroyed']
 ['4' '252.96284210961787' 'presentdestroyed']
 ['19' '258.88988606460686' 'present']
 ['21' '259.4681219017334' 'present']
 ['22' '260.1905436406773' 'present']
 ['22' '262.98854794917213' 'present']
 ['14' '274.33787596478066' 'present']
 ['18' '274.76347432613176' 'present']
 ['0' '283.6942639093745' 'present']
 ['15' '286.1827353756102' 'present']
 ['15' '290.6805930874864' 'present']
 ['6' '292.70874842138403' 'marauded']
 ['15' '298.8006828865287' 'presentdestroyed']
 ['3' '314.6275915701561' 'marauded']
 ['1' '321.075942034215' 'presentdestroyed']
 ['8' '329.81543913379693' 'present']
 ['3' '329.841387582535' 'present']
 ['7' '331.62404904922994' 'present']
 ['3' '333.8564735663455' 'present']
 ['10' '338.4618508041589' 'present']
 ['11' '342.2128041009294' 'present']
 ['11' '352.71321839215545' 'present']
 ['13' '354.0062302055345' 'present']]","[['F152' '56.97406571333662' 'mated']
 ['F138' '69.35629509302335' 'mated']
 ['F83' '93.03680155813957' 'destroyed']
 ['F149' '97.68901453658617' 'mated']
 ['F185' '98.59300839701714' 'mated']
 ['F66' '102.8568791378141' 'mated']
 ['F162' '104.23809483843897' 'mated']
 ['F105' '118.34024995653996' 'mated']
 ['F60' '130.60692853677386' 'mated']
 ['F118' '132.68430066289278' 'mated']
 ['F154' '151.56809526567778' 'mated']
 ['F101' '154.01659632371428' 'mated']
 ['F51' '169.25397390740375' 'mated']
 ['F78' '170.05784714109225' 'absent']
 ['F176' '170.4228611535873' 'mated']
 ['F187' '174.1579096724278' 'mated']
 ['F123' '178.41051266484934' 'destroyed']
 ['F22' '202.14820031061703' 'mated']
 ['F127' '229.18202952880515' 'destroyed']
 ['F5' '244.27496724460983' 'mated']
 ['F211' '263.18067232028136' 'absent']
 ['F194' '280.86013262046816' 'mated']
 ['F23' '286.5039040032687' 'mated']
 ['F160' '334.4747693225943' 'mated']
 ['F63' '337.4263504736443' 'mated']]",580.0,69.2335560465297,14.409408444448875,1344.0,228.45805320106487,49.045934555866815,358.0,60.75831497041804,12.912113158832579,13.0,1.3,0.13000000000000006,68.0,0.3148148148148148,0.0014574759945130303
13,0.054,10,360.5409056836637,"[['6' '0.7967795462259236' 'present']
 ['3' '13.754827378679211' 'present']
 ['18' '16.172734289373064' 'present']
 ['6' '16.640528101096013' 'present']
 ['22' '19.133229518218645' 'present']
 ['22' '23.239553689825986' 'present']
 ['18' '24.85524849039044' 'present']
 ['0' '28.971733460542943' 'marauded']
 ['18' '32.76232290576026' 'presentdestroyed']
 ['3' '35.552285279506414' 'presentdestroyed']
 ['15' '38.595496616132756' 'present']
 ['1' '57.106963670020086' 'present']
 ['6' '83.34394411935375' 'present']
 ['19' '89.8242926210208' 'present']
 ['2' '94.96911613379643' 'present']
 ['7' '97.57469301168805' 'present']
 ['0' '102.32303128234706' 'present']
 ['0' '104.39639282043132' 'present']
 ['8' '112.29049486112139' 'marauded']
 ['17' '118.4504332238435' 'presentdestroyed']
 ['2' '127.61084372967956' 'present']
 ['19' '131.18121000093325' 'present']
 ['17' '140.5477728095206' 'marauded']
 ['1' '141.86746736722185' 'destroyed']
 ['14' '150.69520264120766' 'marauded']
 ['4' '152.36550016620637' 'presentdestroyed']
 ['7' '159.43527484436788' 'present']
 ['21' '160.0990948647082' 'present']
 ['14' '161.63033157812677' 'present']
 ['6' '167.31990885136005' 'marauded']
 ['8' '179.9084921630626' 'present']
 ['9' '183.73327111871268' 'present']
 ['18' '184.43181772346105' 'present']
 ['4' '199.38356344453032' 'present']
 ['18' '212.89614332740183' 'present']
 ['8' '214.8013885719126' 'marauded']
 ['15' '218.95814982778086' 'presentdestroyed']
 ['1' '225.48502263106323' 'marauded']
 ['4' '239.9375519706708' 'present']
 ['15' '249.825852892449' 'marauded']
 ['17' '250.26737377047658' 'presentdestroyed']
 ['23' '252.08486246223592' 'presentdestroyed']
 ['10' '256.93255628154975' 'presentdestroyed']
 ['5' '261.8760077196109' 'marauded']
 ['0' '264.35888921409236' 'presentdestroyed']
 ['16' '264.76759315058473' 'destroyed']
 ['18' '268.6584945294961' 'presentdestroyed']
 ['5' '270.7624360338864' 'present']
 ['10' '273.45195963572246' 'present']
 ['8' '274.29222638065767' 'present']
 ['12' '280.22246112855464' 'marauded']
 ['19' '288.36446469020524' 'marauded']
 ['16' '294.33975653004876' 'destroyed']
 ['2' '294.955709460288' 'presentdestroyed']
 ['18' '295.65996420700804' 'present']
 ['16' '296.42427455604974' 'present']
 ['2' '298.5439927721424' 'present']
 ['3' '304.83773459190996' 'present']
 ['7' '306.72011679424287' 'present']
 ['0' '318.73647155557876' 'present']
 ['3' '333.8611031959752' 'marauded']
 ['7' '336.604020707346' 'presentdestroyed']
 ['0' '340.91291194511456' 'presentdestroyed']
 ['0' '342.6310130780665' 'marauded']
 ['22' '350.0580608752294' 'present']
 ['8' '357.81090140521997' 'marauded']
 ['16' '358.4430442406721' 'presentdestroyed']]","[['F202' '49.356472596658' 'mated']
 ['F189' '51.505792435137046' 'mated']
 ['F77' '58.232229538560965' 'mated']
 ['F129' '80.39429619763514' 'mated']
 ['F174' '84.98735085306224' 'mated']
 ['F83' '93.04143118776919' 'mated']
 ['F45' '109.73930150134618' 'mated']
 ['F98' '149.31020044654173' 'absent']
 ['F78' '170.05321751146263' 'destroyed']
 ['F147' '181.99389257031243' 'mated']
 ['F73' '205.73259530918213' 'mated']
 ['F46' '208.58132711481397' 'mated']
 ['F186' '295.56006073835266' '']
 ['F125' '313.3711771041027' 'absent']]",557.0,73.8702736384802,16.03171893442804,1187.0,202.6947692378214,43.31462738606297,489.0,81.15827421019793,17.124031029278857,20.0,2.0000000000000004,0.20000000000000012,67.0,0.3101851851851852,0.0014360425240054857
14,0.054,9,360.3132046810281,"[['15' '0.3647458784324619' 'present']
 ['23' '5.247325732613279' 'marauded']
 ['21' '9.726352338848951' 'presentdestroyed']
 ['8' '12.428537967644044' 'presentdestroyed']
 ['8' '21.559596342692622' 'present']
 ['16' '25.358103133104724' 'present']
 ['4' '27.32903199192984' 'present']
 ['16' '29.086674603686067' 'present']
 ['13' '44.11762949682491' 'present']
 ['10' '48.44745860160131' 'present']
 ['7' '58.47998379217611' 'present']
 ['19' '64.65913063577442' 'present']
 ['6' '73.89939167350754' 'marauded']
 ['17' '75.300810753184' 'presentdestroyed']
 ['1' '79.01438311186854' 'presentdestroyed']
 ['5' '90.54656471452473' 'present']
 ['13' '97.86276513287663' 'marauded']
 ['16' '99.17991730122247' 'presentdestroyed']
 ['7' '99.78650535321137' 'presentdestroyed']
 ['16' '107.19611862829827' 'present']
 ['9' '108.11044658525024' 'present']
 ['16' '108.12940992134384' 'present']
 ['1' '113.18932722464905' 'present']
 ['10' '117.16732029572124' 'marauded']
 ['1' '121.32398569569098' 'presentdestroyed']
 ['7' '126.42249268738148' 'present']
 ['15' '126.51395945169784' 'present']
 ['18' '126.93290522736237' 'present']
 ['16' '126.9430662180588' 'present']
 ['5' '127.01859425953053' 'present']
 ['16' '129.51513400032306' 'present']
 ['19' '129.8419441637488' 'present']
 ['8' '133.1672049478674' 'marauded']
 ['9' '133.41391230308594' 'presentdestroyed']
 ['12' '134.7403392986544' 'presentdestroyed']
 ['12' '145.97665747976865' 'present']
 ['22' '151.5266297236607' 'present']
 ['10' '151.84784261555944' 'present']
 ['11' '153.05736386522423' 'present']
 ['6' '156.03456033000373' 'present']
 ['6' '156.88279864081952' 'present']
 ['6' '160.31920534459917' 'present']
 ['19' '160.78560359655054' 'present']
 ['1' '162.38724351990905' 'present']
 ['3' '162.40833442912594' 'present']
 ['0' '172.6009404083026' 'present']
 ['4' '175.55988865315703' 'present']
 ['21' '178.48829286817264' 'present']
 ['3' '178.8663270987261' 'marauded']
 ['5' '180.62713781785914' 'presentdestroyed']
 ['6' '181.9080180146224' 'presentdestroyed']
 ['0' '183.05243355409684' 'destroyed']
 ['10' '186.7214319548027' 'present']
 ['19' '193.0737182929414' 'present']
 ['9' '195.7092149369943' 'marauded']
 ['7' '200.5364837900425' 'presentdestroyed']
 ['7' '200.8904425894229' 'destroyed']
 ['19' '201.15366162306512' 'presentdestroyed']
 ['11' '201.15400711973132' 'presentdestroyed']
 ['0' '206.843816090244' 'present']
 ['7' '206.84624077766443' 'present']
 ['18' '210.9475095601127' 'present']
 ['15' '211.28523269856947' 'present']
 ['22' '220.5513671545719' 'present']
 ['11' '227.05489846386084' 'present']
 ['5' '229.8920793833452' 'present']
 ['13' '236.201047407189' 'marauded']
 ['0' '239.2647134006667' 'presentdestroyed']
 ['1' '241.70257888726337' 'presentdestroyed']
 ['15' '243.6157410667767' 'presentdestroyed']
 ['10' '245.96479414120037' 'present']
 ['23' '247.45261315442465' 'present']
 ['21' '256.4151330133808' 'present']
 ['15' '259.8758004309481' 'present']
 ['22' '263.89183774898726' 'present']
 ['18' '266.6083657607617' 'marauded']
 ['7' '274.35994034141' 'present']
 ['18' '286.24641502417046' 'present']
 ['22' '288.7250537192382' 'marauded']
 ['5' '292.83212372615753' 'destroyed']
 ['22' '299.09618712018386' 'present']
 ['2' '304.49955761162255' 'present']
 ['15' '306.1114391600621' 'present']
 ['13' '307.6355160488983' 'marauded']
 ['11' '312.5346033736296' 'presentdestroyed']
 ['23' '313.6109773893199' 'presentdestroyed']
 ['3' '317.37466359110624' 'marauded']
 ['1' '319.65309674544494' 'presentdestroyed']
 ['3' '323.29159685995035' 'destroyed']
 ['13' '332.25585042112147' 'marauded']
 ['9' '333.87930644385415' 'presentdestroyed']
 ['9' '339.349006020523' 'presentdestroyed']
 ['2' '341.56372813728376' 'present']
 ['16' '344.92289695309324' 'present']
 ['22' '352.1020236231653' 'present']
 ['4' '352.3131075683808' 'marauded']
 ['10' '357.553532260613' 'presentdestroyed']
 ['12' '359.78518266662195' 'present']]","[['F155' '5.767728724017768' 'destroyed']
 ['F18' '9.64155015231118' 'destroyed']
 ['F7' '23.82478039049676' 'mated']
 ['F26' '82.70000052270258' 'mated']
 ['F173' '91.0083231613681' 'absent']
 ['F36' '102.07039496409642' 'destroyed']
 ['F105' '118.33562032691034' 'destroyed']
 ['F181' '119.70653937860592' 'destroyed']
 ['F180' '138.1227879674444' 'destroyed']
 ['F55' '146.42967060740526' 'absent']
 ['F122' '149.15881694987493' 'mated']
 ['F170' '181.78159279648645' 'destroyed']
 ['F147' '181.99157775549762' 'destroyed']
 ['F52' '195.52894296519003' 'mated']
 ['F106' '203.96591046140375' 'mated']
 ['F20' '206.04799265783927' 'absent']
 ['F39' '211.14823320513074' 'mated']
 ['F86' '262.1158898839629' 'mated']
 ['F59' '265.85637305189624' 'absent']
 ['F146' '288.7793601734419' 'absentdestroyed']
 ['F74' '325.50825205105855' 'mated']
 ['F197' '359.6090121701315' 'mated']]",574.0,67.45329020916596,12.435559686970425,1195.0,206.0545817359445,44.90327926958906,510.0,85.14643488943955,17.489828588871177,11.0,1.0999999999999999,0.11000000000000004,75.0,0.3472222222222224,0.0016075102880658422
15,0.054,12,360.1805936138457,"[['19' '6.350816705082904' 'present']
 ['21' '8.255217431530353' 'present']
 ['4' '15.160411306908003' 'marauded']
 ['8' '18.49532728027726' 'presentdestroyed']
 ['21' '25.035969858725146' 'present']
 ['18' '27.273879183496433' 'present']
 ['2' '30.803676402594526' 'present']
 ['18' '35.757801852948106' 'present']
 ['16' '42.581507388940096' 'present']
 ['10' '48.7018393615291' 'present']
 ['14' '49.25565685606309' 'present']
 ['10' '60.6260750806566' 'present']
 ['12' '64.28894433552699' 'present']
 ['17' '65.48477803986566' 'present']
 ['21' '87.98406266625548' 'present']
 ['14' '91.94295261415438' 'present']
 ['8' '99.26244323281176' 'present']
 ['7' '102.49520269979207' 'present']
 ['6' '107.02141501660749' 'present']
 ['4' '107.99657122618932' 'marauded']
 ['5' '126.03555926633089' 'present']
 ['5' '133.6178250402802' 'present']
 ['12' '134.744968928284' 'present']
 ['11' '139.87041772647635' 'marauded']
 ['7' '142.54844542916928' 'presentdestroyed']
 ['12' '144.72546077971867' 'destroyed']
 ['4' '155.0751486489839' 'present']
 ['11' '156.35206416074809' 'present']
 ['2' '168.37378901757506' 'present']
 ['2' '179.3965656741125' 'marauded']
 ['0' '180.19984231363532' 'presentdestroyed']
 ['19' '182.89114631034442' 'presentdestroyed']
 ['2' '185.1736343564669' 'presentdestroyed']
 ['18' '187.26539965499856' 'present']
 ['3' '187.4491301566192' 'present']
 ['18' '196.46239150506776' 'present']
 ['17' '209.5236645520154' 'present']
 ['10' '210.56527426970985' 'present']
 ['19' '211.3265856121407' 'present']
 ['5' '212.43597357497944' 'present']
 ['8' '215.23214062123782' 'present']
 ['0' '216.3367590060859' 'present']
 ['18' '217.55299069090722' 'present']
 ['10' '219.77870031061224' 'present']
 ['14' '225.41876642079495' 'present']
 ['18' '229.385223674259' 'present']
 ['8' '251.7546398175272' 'present']
 ['2' '251.79782226822726' 'present']
 ['14' '260.9274767937886' 'present']
 ['19' '264.4664053049887' 'present']
 ['7' '266.41131554746653' 'present']
 ['13' '270.27283661603724' 'present']
 ['14' '277.1881760186647' 'marauded']
 ['7' '282.5686850258219' 'presentdestroyed']
 ['17' '285.9655986005402' 'present']
 ['4' '286.0904724136513' 'present']
 ['16' '290.9218536981927' 'present']
 ['0' '299.7776190579036' 'present']
 ['18' '306.1012340008616' 'present']
 ['5' '307.52329349235504' 'present']
 ['13' '312.3171660342044' 'marauded']
 ['13' '312.4217956638341' 'destroyed']
 ['11' '315.70123022712494' 'presentdestroyed']
 ['5' '317.0762708614026' 'destroyed']
 ['3' '317.98227389478933' 'presentdestroyed']
 ['1' '321.24517006535376' 'marauded']
 ['5' '328.8007573174077' 'presentdestroyed']
 ['11' '345.8479561670414' 'present']
 ['19' '346.95031738522147' 'marauded']
 ['12' '346.96549699103423' 'destroyed']
 ['17' '352.163938765599' 'presentdestroyed']
 ['11' '352.7085887625258' 'presentdestroyed']]","[['F110' '54.85883279120401' 'mated']
 ['F4' '68.73844469612138' 'absent']
 ['F72' '85.5706215584363' 'mated']
 ['F136' '113.18565702480112' 'destroyed']
 ['F207' '120.11609340301325' 'mated']
 ['F98' '149.31251526135654' 'mated']
 ['F53' '151.01076698858344' 'mated']
 ['F165' '154.14702262616132' 'mated']
 ['F13' '178.41410132595266' 'mated']
 ['F135' '189.15725040090592' 'mated']
 ['F70' '214.7899338847829' 'mated']
 ['F102' '218.78377147438837' 'absent']
 ['F99' '220.2122809975186' 'mated']
 ['F57' '244.90895142830564' 'mated']
 ['F194' '280.8555029908385' 'destroyed']
 ['F117' '284.06666407600335' 'destroyed']
 ['F50' '285.7946314391414' 'mated']]",568.0,70.33072437007574,15.964087591442155,1407.0,239.30630865779486,51.364461223308226,307.0,48.795022474742325,10.03731451664304,13.0,1.3,0.13000000000000006,76.0,0.351851851851852,0.0016289437585733867
16,0.054,6,359.9102616983805,"[['1' '8.935355594718583' 'marauded']
 ['14' '22.291825459120442' 'present']
 ['6' '22.954340954071945' 'present']
 ['13' '28.241407749735554' 'present']
 ['21' '32.27839646602704' 'marauded']
 ['23' '34.7444570462124' 'presentdestroyed']
 ['3' '35.93293155664977' 'presentdestroyed']
 ['6' '43.67402828088151' 'present']
 ['0' '45.92040161131066' 'present']
 ['15' '47.67376408142929' 'present']
 ['10' '52.14678422327428' 'present']
 ['10' '55.21721325359565' 'present']
 ['10' '61.21409154864988' 'present']
 ['8' '65.6556506853605' 'present']
 ['13' '74.09589062961811' 'present']
 ['13' '78.77092366828444' 'marauded']
 ['13' '81.38777247413894' 'presentdestroyed']
 ['3' '84.84748607917221' 'destroyed']
 ['19' '85.9982396858891' 'destroyed']
 ['4' '86.39293833039764' 'destroyed']
 ['17' '92.67645726606997' 'present']
 ['1' '95.87524518679537' 'present']
 ['0' '97.4535771594444' 'present']
 ['19' '112.9250726387246' 'present']
 ['23' '116.46497517397864' 'marauded']
 ['6' '129.77403212003955' 'present']
 ['15' '148.1893513013651' 'marauded']
 ['18' '150.84173073333878' 'presentdestroyed']
 ['3' '150.8531577159477' 'presentdestroyed']
 ['18' '156.1345809752234' 'marauded']
 ['17' '176.49314436999856' 'present']
 ['1' '191.02502696596912' 'present']
 ['21' '192.87600457632288' 'present']
 ['23' '198.44827347333413' 'marauded']
 ['11' '220.59890176596966' 'present']
 ['4' '226.89724453516033' 'present']
 ['6' '227.91918644374982' 'present']
 ['1' '230.5289437618557' 'present']
 ['19' '230.95885751938658' 'marauded']
 ['4' '233.18196662249767' 'presentdestroyed']
 ['13' '235.70600834038797' 'presentdestroyed']
 ['4' '238.7297365899781' 'present']
 ['9' '241.14421120385012' 'present']
 ['19' '244.37514503170414' 'present']
 ['14' '250.20111983035255' 'present']
 ['11' '252.27517566989272' 'marauded']
 ['17' '263.9365786381804' 'present']
 ['14' '264.98434977159883' 'present']
 ['5' '265.1697757074143' 'present']
 ['4' '266.069979873859' 'present']
 ['22' '270.6565705672734' 'present']
 ['10' '271.99009450825815' 'present']
 ['14' '288.049627229103' 'present']
 ['17' '299.4930710329328' 'present']
 ['6' '299.73914234639335' 'present']
 ['2' '313.76657004851506' 'marauded']
 ['4' '314.3740466062989' 'presentdestroyed']
 ['23' '315.35660639507273' 'presentdestroyed']
 ['22' '318.971818144093' 'presentdestroyed']
 ['17' '319.50573742714045' 'destroyed']
 ['4' '323.18690443862926' 'present']
 ['14' '330.6904754837925' 'present']
 ['23' '332.3322352488051' 'present']
 ['22' '334.71417506659463' 'marauded']
 ['8' '340.08505492333586' 'destroyed']
 ['23' '342.237589092105' 'destroyed']
 ['15' '345.5117477629789' 'present']
 ['19' '345.54359642474117' 'present']
 ['0' '352.5006440811897' 'present']
 ['12' '359.55672360692006' 'present']]","[['F155' '5.770043538832583' 'mated']
 ['F18' '9.639235337496364' 'destroyed']
 ['F36' '102.07733940854085' 'mated']
 ['F171' '103.27819518243169' 'absent']
 ['F64' '116.61766726515106' 'destroyed']
 ['F54' '124.25235979987545' 'absent']
 ['F179' '143.60634786428568' 'mated']
 ['F143' '154.0359360136522' 'destroyed']
 ['F111' '194.25505116978607' 'mated']
 ['F164' '242.83919187838458' 'mated']
 ['F211' '263.1783575054665' 'absent']
 ['F95' '313.6890628757978' 'absent']
 ['F80' '322.89738685052816' 'mated']]",554.0,72.1277980552515,15.961924073471321,1281.0,220.02596182609335,47.17942076892336,415.0,66.98282470831954,13.424179204291512,5.0,0.5,0.05000000000000001,80.0,0.3703703703703706,0.001714677640603565
17,0.054,8,359.9239882851592,"[['18' '1.1804369659221787' 'present']
 ['23' '9.648823526175311' 'present']
 ['6' '9.882968801146284' 'present']
 ['22' '15.261547123998557' 'present']
 ['3' '19.34899020976007' 'present']
 ['21' '20.645574905256044' 'present']
 ['3' '31.117672975123348' 'present']
 ['10' '36.162782840213744' 'present']
 ['1' '49.428136082262014' 'present']
 ['3' '51.00518984275251' 'present']
 ['16' '63.13566527920857' 'present']
 ['22' '65.59623648994722' 'present']
 ['18' '66.91275390589276' 'present']
 ['2' '68.29081941979047' 'present']
 ['15' '81.40248205761709' 'present']
 ['14' '87.86044738664187' 'present']
 ['2' '100.74549928853546' 'present']
 ['22' '101.6171916188619' 'present']
 ['13' '109.48833584361678' 'present']
 ['8' '110.62606419038615' 'present']
 ['0' '115.6390468793249' 'present']
 ['7' '120.42609143977013' 'present']
 ['21' '124.22643310466933' 'present']
 ['16' '124.25447594575897' 'present']
 ['0' '125.88670336538719' 'present']
 ['6' '128.03249204156566' 'marauded']
 ['6' '130.47773222693684' 'presentdestroyed']
 ['11' '137.35977171727987' 'present']
 ['8' '137.3997902248689' 'present']
 ['1' '140.33096862229587' 'present']
 ['11' '141.91574794081706' 'present']
 ['14' '143.96081850696504' 'present']
 ['14' '144.99365424010597' 'present']
 ['7' '146.685005326196' 'present']
 ['14' '151.28654017243835' 'marauded']
 ['18' '151.53121721335336' 'presentdestroyed']
 ['15' '157.2080291499852' 'presentdestroyed']
 ['7' '166.52574558759633' 'present']
 ['12' '167.4936597306125' 'marauded']
 ['15' '171.2511879495115' 'presentdestroyed']
 ['4' '174.52415713869382' 'presentdestroyed']
 ['3' '177.26973860220616' 'present']
 ['23' '180.24506765085388' 'present']
 ['18' '181.6470915874818' 'present']
 ['11' '184.01152251327989' 'present']
 ['3' '194.3288604916861' 'marauded']
 ['2' '194.82384491659732' 'presentdestroyed']
 ['7' '197.40734847571662' 'presentdestroyed']
 ['8' '215.23677025086744' 'marauded']
 ['11' '221.95580863030042' 'presentdestroyed']
 ['2' '229.89119116784465' 'present']
 ['3' '234.2893852382638' 'present']
 ['8' '234.46954120523' 'present']
 ['6' '239.67284867115987' 'present']
 ['1' '241.15717652616877' 'present']
 ['5' '242.76330116737378' 'present']
 ['1' '246.84669637366315' 'present']
 ['13' '248.2705994048992' 'present']
 ['15' '256.6231403287416' 'marauded']
 ['18' '264.4917956227637' 'present']
 ['22' '276.9631246198075' 'marauded']
 ['2' '277.6358861297015' 'presentdestroyed']
 ['14' '282.3411873414942' 'presentdestroyed']
 ['23' '288.81691215024136' 'present']
 ['3' '297.4129453655451' 'present']
 ['21' '297.9803600891864' 'present']
 ['7' '300.1296448697815' 'marauded']
 ['9' '311.4602438104981' 'present']
 ['1' '321.07131240458534' 'present']
 ['1' '321.2405404357241' 'present']
 ['9' '328.98383552276334' 'present']
 ['15' '331.9398945726305' 'marauded']
 ['18' '334.15064536575863' 'presentdestroyed']
 ['12' '335.95174918483605' 'presentdestroyed']
 ['19' '337.9848712695867' 'destroyed']
 ['22' '338.7773301594693' 'presentdestroyed']
 ['23' '344.409210023053' 'present']
 ['23' '349.8288954789625' 'present']]","[['F196' '55.47926906981984' 'mated']
 ['F126' '70.51150227518684' 'mated']
 ['F32' '81.1163594716978' 'mated']
 ['F36' '102.07270977891123' 'absent']
 ['F8' '142.34569610988308' 'mated']
 ['F107' '201.97382236970418' 'mated']
 ['F73' '205.73028049436732' 'absent']
 ['F90' '221.35551024497946' 'destroyed']
 ['F6' '222.07558657366883' 'destroyed']
 ['F49' '266.29548284044904' 'mated']
 ['F93' '290.6568599688715' 'mated']
 ['F95' '313.6913776906126' 'mated']]",579.0,70.71290984597803,13.824718955924014,1394.0,233.05642350994117,49.030184250223186,317.0,54.94397396071774,12.113659510353507,10.0,0.9999999999999999,0.10000000000000003,80.0,0.3703703703703706,0.001714677640603565
18,0.054,10,360.0157751375251,"[['6' '3.9796411963629685' 'present']
 ['19' '5.203311617839982' 'marauded']
 ['15' '10.064052124094822' 'presentdestroyed']
 ['22' '16.968243114127493' 'present']
 ['10' '17.4182454242932' 'marauded']
 ['21' '17.870071897611172' 'presentdestroyed']
 ['16' '20.960123296110872' 'destroyed']
 ['17' '23.02309924228728' 'presentdestroyed']
 ['6' '27.478594625919428' 'present']
 ['23' '41.39044739114221' 'present']
 ['14' '57.20979193277859' 'marauded']
 ['12' '66.06583420208241' 'present']
 ['5' '72.48823167033625' 'present']
 ['17' '77.92833320127974' 'present']
 ['6' '83.90198858757851' 'present']
 ['21' '84.46030976012091' 'present']
 ['11' '84.58351681474744' 'present']
 ['5' '87.61091106981179' 'present']
 ['5' '93.94965978356494' 'present']
 ['14' '95.34158399761233' 'present']
 ['16' '95.62239335884588' 'present']
 ['17' '98.59765668370768' 'present']
 ['10' '105.83884121972703' 'present']
 ['7' '114.86326774031537' 'present']
 ['12' '119.21369017205691' 'marauded']
 ['19' '129.00648860013504' 'present']
 ['8' '133.16257531823777' 'present']
 ['17' '144.56163269083208' 'present']
 ['8' '146.2392237892096' 'present']
 ['17' '148.58082485151593' 'present']
 ['16' '155.8254894395152' 'present']
 ['3' '171.32540751794764' 'present']
 ['8' '173.71009285984218' 'marauded']
 ['17' '176.49777399962818' 'destroyed']
 ['2' '184.14016100452858' 'present']
 ['10' '200.8172319618176' 'present']
 ['17' '203.90396262574166' 'present']
 ['21' '209.08689466412386' 'present']
 ['23' '210.40734621025103' 'present']
 ['3' '215.28229072650853' 'present']
 ['14' '215.60351587568715' 'present']
 ['9' '219.58112186374817' 'marauded']
 ['2' '230.91931209355374' 'present']
 ['10' '237.32683306115095' 'marauded']
 ['22' '239.64251268267748' 'destroyed']
 ['10' '241.07143939213537' 'presentdestroyed']
 ['6' '242.13020925932457' 'presentdestroyed']
 ['0' '247.7866788657468' 'present']
 ['3' '250.68344139694602' 'present']
 ['1' '252.54068731390282' 'present']
 ['17' '256.24213601942733' 'present']
 ['3' '257.65450044492627' 'present']
 ['0' '264.5836231722948' 'present']
 ['15' '269.647201388073' 'present']
 ['14' '274.4949865675792' 'present']
 ['2' '288.6506653192778' 'present']
 ['21' '294.0978721990054' 'present']
 ['23' '300.17094027121067' 'present']
 ['11' '321.4364005830851' 'present']
 ['4' '325.65406409942256' 'marauded']
 ['15' '329.10658430633544' 'presentdestroyed']
 ['0' '329.8015063496641' 'destroyed']
 ['21' '330.32217437801586' 'destroyed']
 ['16' '330.7978480676356' 'destroyed']
 ['13' '332.40983267503736' 'presentdestroyed']
 ['2' '340.47546440221646' 'present']
 ['16' '343.16301794450607' 'marauded']
 ['2' '343.4585556830766' 'destroyed']
 ['23' '352.88314251779474' 'present']]","[['F181' '119.70422456379112' 'destroyed']
 ['F158' '172.94600562459405' 'mated']
 ['F123' '178.40819785003453' 'destroyed']
 ['F31' '184.7753449412537' 'mated']
 ['F81' '198.24449075501468' 'mated']
 ['F167' '211.2698230990022' 'mated']
 ['F82' '232.88378499621237' 'mated']
 ['F41' '242.13390547531716' 'destroyed']
 ['F12' '260.3996520009386' 'mated']
 ['F210' '261.92591044438535' 'mated']
 ['F59' '265.8586878667111' 'mated']
 ['F186' '295.5623755531675' 'mated']
 ['F62' '305.4729964896024' 'mated']]",566.0,68.02071360464396,13.061188809587804,1380.0,235.68457691289322,50.527345112956255,318.0,55.075448718584774,12.089453130601997,10.0,0.9999999999999999,0.10000000000000003,86.0,0.39814814814814853,0.0018432784636488323
19,0.054,11,360.2289889920409,"[['8' '18.50458653953651' 'marauded']
 ['7' '21.71486671063079' 'presentdestroyed']
 ['14' '27.094667943624607' 'present']
 ['6' '44.28868767416061' 'present']
 ['9' '46.11796070705134' 'present']
 ['0' '46.76615879998052' 'present']
 ['18' '47.17697379826254' 'present']
 ['9' '49.194073827035716' 'present']
 ['15' '59.117872307089456' 'present']
 ['15' '64.33889752138344' 'present']
 ['3' '65.1071976806482' 'marauded']
 ['13' '69.5420414179165' 'presentdestroyed']
 ['17' '70.57779177710277' 'presentdestroyed']
 ['4' '70.7136833220228' 'destroyed']
 ['15' '76.33740129290298' 'marauded']
 ['0' '77.0524306166273' 'presentdestroyed']
 ['22' '79.05931587537889' 'destroyed']
 ['1' '79.45365265796505' 'presentdestroyed']
 ['21' '80.49486502470211' 'presentdestroyed']
 ['17' '94.25452625561604' 'present']
 ['13' '99.51520802103235' 'present']
 ['18' '99.82267953800623' 'present']
 ['23' '100.2822860585323' 'present']
 ['16' '108.80389005852392' 'present']
 ['7' '115.34456011149325' 'present']
 ['6' '119.67361028507216' 'present']
 ['21' '126.49919565977434' 'present']
 ['12' '131.99872678171454' 'present']
 ['6' '142.64815542251807' 'present']
 ['18' '149.82505535470546' 'present']
 ['15' '152.2436981442806' 'present']
 ['0' '157.58487774217423' 'present']
 ['10' '157.95218202436618' 'present']
 ['4' '158.96803946870517' 'present']
 ['7' '163.82288840870885' 'present']
 ['7' '164.90045419197185' 'present']
 ['21' '167.2887027627376' 'present']
 ['16' '168.14995421648223' 'present']
 ['8' '169.28356748467684' 'present']
 ['7' '174.38877936858785' 'marauded']
 ['7' '177.79670686729654' 'destroyed']
 ['17' '187.4844668025747' 'present']
 ['22' '189.4523860140366' 'present']
 ['11' '198.8652424095377' 'present']
 ['1' '205.98123094044612' 'present']
 ['18' '216.01527281667438' 'marauded']
 ['10' '217.9020686679694' 'presentdestroyed']
 ['22' '223.96297824285284' 'present']
 ['12' '245.82921156412442' 'marauded']
 ['2' '257.6540501629772' 'present']
 ['10' '259.15685481606783' 'present']
 ['3' '262.97336668395604' 'present']
 ['14' '263.3767586085693' 'present']
 ['15' '268.7538804529496' 'present']
 ['7' '271.633837703952' 'present']
 ['12' '274.82999493126835' 'present']
 ['0' '275.9067447112328' 'present']
 ['3' '297.4679978838404' 'marauded']
 ['10' '303.1797608845793' 'presentdestroyed']
 ['15' '306.4728709198316' 'marauded']
 ['13' '307.740145678528' 'presentdestroyed']
 ['16' '310.5399948854931' 'presentdestroyed']
 ['4' '321.6141875432692' 'marauded']
 ['16' '321.80698504247675' 'presentdestroyed']
 ['17' '330.41960801489506' 'present']
 ['4' '354.39792041828923' 'marauded']
 ['6' '356.9790661632132' 'destroyed']]","[['F168' '75.05545887443226' 'mated']
 ['F166' '87.45344472325657' 'mated']
 ['F181' '119.70885419342073' 'mated']
 ['F151' '141.76188308550834' 'mated']
 ['F133' '159.84687143123531' 'mated']
 ['F11' '184.89533411050095' 'mated']
 ['F127' '229.18434434361995' 'mated']
 ['F178' '234.19259931233807' 'mated']
 ['F120' '235.36590644700587' 'mated']
 ['F104' '247.73207592543955' 'destroyed']
 ['F211' '263.18530194991104' 'mated']
 ['F194' '280.8578178056533' 'absent']
 ['F16' '296.69263943156716' 'mated']]",569.0,70.66201888299982,14.393725013144435,1334.0,228.7513730647919,49.651061223593814,347.0,59.43866071672796,12.616061282850497,11.0,1.0999999999999999,0.11000000000000004,55.0,0.2546296296296294,0.001178840877914951
20,0.0,6,359.8230310506488,"[['17' '5.056112345777589' 'present']
 ['6' '21.83776255891233' 'present']
 ['4' '27.333661621559465' 'present']
 ['3' '29.878903523257335' 'marauded']
 ['1' '41.5133265969592' 'marauded']
 ['6' '50.239087025099245' 'present']
 ['2' '54.38164137411894' 'marauded']
 ['2' '62.91915275813959' 'present']
 ['14' '72.2661115721163' 'present']
 ['21' '89.66709197540301' 'present']
 ['16' '91.04018300313547' 'present']
 ['14' '91.93832298452476' 'present']
 ['14' '92.26559072992839' 'present']
 ['19' '97.01716238180371' 'present']
 ['3' '100.53355248849188' 'present']
 ['2' '100.75012891816507' 'marauded']
 ['16' '102.89117181336718' 'presentdestroyed']
 ['8' '107.4032526537729' 'presentdestroyed']
 ['14' '115.19133925123444' 'present']
 ['22' '117.53957286043209' 'present']
 ['23' '121.38118683884345' 'marauded']
 ['15' '127.21247667741889' 'presentdestroyed']
 ['11' '148.84157790214695' 'present']
 ['17' '151.09762120456057' 'present']
 ['5' '157.59575279246684' 'present']
 ['8' '178.38097685201765' 'present']
 ['2' '182.27440532901' 'marauded']
 ['17' '185.67533056035077' 'destroyed']
 ['1' '185.7088859204102' 'destroyed']
 ['10' '185.75128778276317' 'destroyed']
 ['1' '187.266094861855' 'presentdestroyed']
 ['4' '190.04494926458543' 'present']
 ['23' '190.1173340976858' 'present']
 ['3' '197.28329413351125' 'marauded']
 ['3' '202.574943260124' 'presentdestroyed']
 ['22' '208.29011359051333' 'present']
 ['17' '213.00006482283553' 'marauded']
 ['15' '217.12937424872226' 'destroyed']
 ['2' '218.46317624746627' 'presentdestroyed']
 ['0' '227.11440996635804' 'present']
 ['5' '229.8967090129748' 'present']
 ['10' '238.79882634910467' 'present']
 ['4' '264.89310468277665' 'marauded']
 ['1' '288.0476461850893' 'present']
 ['6' '293.82520520304695' 'present']
 ['1' '300.7343308046735' 'present']
 ['11' '303.73207870593615' 'present']
 ['15' '305.49903121303646' 'present']
 ['5' '322.6887015267758' 'marauded']
 ['17' '324.29436436159165' 'presentdestroyed']
 ['22' '330.77718274767994' 'present']
 ['5' '331.7251831633804' 'present']
 ['22' '333.9367466975822' 'marauded']
 ['9' '334.46480531843497' 'presentdestroyed']
 ['2' '334.73276776433795' 'destroyed']
 ['22' '339.5238701553129' 'presentdestroyed']
 ['16' '343.1583883148764' 'present']
 ['17' '351.4949603132977' 'present']
 ['22' '353.1686155359834' 'present']
 ['3' '354.01226070851965' 'present']]","[['F91' '4.891577218525191' 'mated']
 ['F173' '91.0106379761829' 'mated']
 ['F206' '104.62499589233397' 'destroyed']
 ['F123' '178.41282747966414' 'mated']
 ['F96' '180.4738115117282' 'mated']
 ['F79' '208.15818802700764' 'mated']
 ['F201' '229.23150309294618' 'mated']
 ['F59' '265.8540582370814' 'destroyed']
 ['F139' '266.81079017294' 'destroyed']
 ['F15' '271.58220595603086' 'destroyed']]",569.0,70.85614836210394,14.802814335969215,1308.0,221.7155041468928,47.50813606654971,400.0,67.44656805059559,14.312471219526234,0.0,0.0,0.0,0.0,0.0,0.0
21,0.054,10,360.0545683290972,"[['23' '3.457132171739892' 'present']
 ['10' '5.084899075682006' 'present']
 ['9' '9.439322898553973' 'present']
 ['17' '9.725420317034482' 'marauded']
 ['3' '18.075092972221984' 'present']
 ['8' '26.190352675446103' 'present']
 ['7' '42.90101030155953' 'present']
 ['2' '44.80384395118277' 'marauded']
 ['9' '47.210350836925194' 'destroyed']
 ['14' '54.673497869662555' 'marauded']
 ['15' '58.89002735415734' 'presentdestroyed']
 ['13' '60.88222989997886' 'presentdestroyed']
 ['23' '66.23434198766796' 'present']
 ['10' '70.18978691855853' 'present']
 ['15' '92.37611578559927' 'present']
 ['7' '95.83159144075432' 'present']
 ['1' '98.64110078198483' 'present']
 ['12' '100.4565844391101' 'present']
 ['3' '107.81222558768151' 'present']
 ['12' '113.40285151004319' 'present']
 ['7' '117.39506127934787' 'present']
 ['3' '123.26375219284492' 'present']
 ['6' '138.51356602104184' 'present']
 ['9' '152.83229672494292' 'present']
 ['9' '157.1069531019053' 'present']
 ['4' '163.52477647313995' 'present']
 ['8' '166.38732752050333' 'present']
 ['16' '167.63143580255837' 'present']
 ['22' '168.44799680946554' 'present']
 ['1' '169.9890550972462' 'marauded']
 ['16' '175.87846344254774' 'destroyed']
 ['2' '185.8049684806418' 'present']
 ['3' '191.8998681975201' 'present']
 ['19' '194.95749212430155' 'present']
 ['18' '197.52892036179517' 'present']
 ['14' '217.36058234746733' 'present']
 ['19' '225.9979450892134' 'marauded']
 ['13' '237.40887188456776' 'marauded']
 ['8' '238.10212076165305' 'presentdestroyed']
 ['12' '243.60147895939795' 'presentdestroyed']
 ['18' '245.21742730705608' 'present']
 ['7' '253.3865797640246' 'present']
 ['5' '260.62984346254973' 'present']
 ['12' '264.66288773633136' 'present']
 ['16' '267.779313239436' 'marauded']
 ['8' '269.7805074687969' 'presentdestroyed']
 ['19' '271.34300505841907' 'presentdestroyed']
 ['17' '271.48741045617595' 'presentdestroyed']
 ['13' '276.67661428386486' 'marauded']
 ['3' '300.77915531381564' 'present']
 ['6' '308.4684035755356' 'present']
 ['5' '311.18491249032786' 'present']
 ['4' '315.38130286101887' 'present']
 ['22' '326.7934609106694' 'present']
 ['10' '330.60959630329387' 'marauded']
 ['12' '340.0218988742' 'present']
 ['0' '340.9082823154849' 'present']
 ['2' '345.1252248481445' 'present']
 ['14' '349.3908172429844' 'present']
 ['23' '359.2031790826893' 'present']]","[['F213' '25.67413606236682' 'mated']
 ['F48' '72.67744653328295' 'mated']
 ['F119' '123.98281703754859' 'mated']
 ['F97' '169.75847063285545' 'mated']
 ['F130' '171.2021260224729' 'absentdestroyed']
 ['F87' '177.12722512234564' 'destroyed']
 ['F145' '185.33423110175428' 'mated']
 ['F40' '202.53697925410995' 'mated']
 ['F17' '209.9372945834905' 'absent']
 ['F183' '221.95928579262866' 'mated']
 ['F76' '234.5785584851778' 'mated']
 ['F41' '242.13622029013197' 'destroyed']
 ['F33' '245.54896894723993' 'mated']
 ['F215' '253.0396695934799' 'mated']
 ['F160' '334.47245450777945' 'destroyed']
 ['F63' '337.42403565882944' 'destroyed']]",554.0,71.2846126482068,15.363248770234366,1366.0,232.6966472469899,50.12504377555054,320.0,54.64460796921285,11.776201966212476,11.0,1.0999999999999999,0.11000000000000004,86.0,0.39814814814814853,0.0018432784636488323
22,0.054,8,360.5624282491947,"[['12' '0.9204950206755829' 'present']
 ['4' '2.8859934588049456' 'present']
 ['0' '12.744693903441181' 'present']
 ['2' '18.5092694353014' 'present']
 ['15' '26.341320608551374' 'marauded']
 ['19' '35.25673782636394' 'marauded']
 ['4' '53.3050938179029' 'marauded']
 ['13' '53.351134244560356' 'presentdestroyed']
 ['12' '59.191882021528585' 'presentdestroyed']
 ['21' '62.19126689684759' 'present']
 ['17' '66.26508885245282' 'marauded']
 ['17' '77.14110882223987' 'present']
 ['17' '80.77810448919284' 'present']
 ['21' '83.21019061009176' 'marauded']
 ['3' '84.9582449231516' 'destroyed']
 ['9' '85.21359055880085' 'presentdestroyed']
 ['6' '86.8159462527972' 'presentdestroyed']
 ['23' '92.4979081125698' 'marauded']
 ['16' '95.61776372921626' 'presentdestroyed']
 ['18' '96.06691103808723' 'presentdestroyed']
 ['13' '107.8659700334669' 'present']
 ['21' '114.79322795066425' 'present']
 ['7' '115.06123467546975' 'present']
 ['3' '123.63939752583708' 'present']
 ['8' '130.43114226632423' 'present']
 ['4' '131.15693945139103' 'marauded']
 ['5' '133.6224546699098' 'presentdestroyed']
 ['15' '135.54159617494156' 'presentdestroyed']
 ['23' '139.07078280535376' 'marauded']
 ['2' '139.40825849339726' 'presentdestroyed']
 ['15' '154.19170443940894' 'present']
 ['5' '155.45817847375545' 'marauded']
 ['3' '163.4102004216658' 'present']
 ['14' '166.91886965323602' 'present']
 ['2' '169.09113146350114' 'present']
 ['3' '171.0167739186299' 'present']
 ['3' '193.99983772849015' 'present']
 ['9' '205.78813853114096' 'present']
 ['8' '214.796758942283' 'present']
 ['8' '218.99923098126493' 'present']
 ['3' '231.58509394901617' 'present']
 ['16' '241.71594372693744' 'present']
 ['2' '244.78165269419665' 'present']
 ['11' '265.22569699984643' 'present']
 ['8' '281.0868762939462' 'present']
 ['5' '287.89464128862545' 'present']
 ['15' '288.9016368778546' 'present']
 ['19' '291.698826244279' 'present']
 ['21' '297.7147990919492' 'present']
 ['2' '298.1617104887067' 'present']
 ['12' '301.7224652254443' 'marauded']
 ['3' '308.13023165728885' 'presentdestroyed']
 ['2' '315.1796222345128' 'present']
 ['6' '315.21478068273376' 'present']
 ['18' '316.1709478748373' 'present']
 ['5' '319.6580133227166' 'present']
 ['10' '342.04820287374713' 'present']
 ['8' '355.4628007169223' 'present']
 ['12' '356.0738597312967' 'present']]","[['F188' '44.74085459666459' 'absent']
 ['F84' '122.96632420551589' 'absent']
 ['F118' '132.67967103326316' 'destroyed']
 ['F180' '138.1251027822592' 'destroyed']
 ['F159' '150.57155603791173' 'absent']
 ['F78' '170.06247677072187' 'mated']
 ['F100' '176.5897791887961' 'mated']
 ['F34' '179.0900320584662' 'absent']
 ['F209' '184.05791201923685' 'mated']
 ['F214' '232.12764041805838' 'mated']
 ['F156' '248.54292580779574' 'mated']
 ['F139' '266.81310498775485' 'mated']
 ['F117' '284.0689788908182' 'mated']
 ['F125' '313.3734919189175' 'mated']]",554.0,76.59770409632839,16.6733018878835,1313.0,221.04824624871245,47.25165884102909,348.0,61.04015793479537,13.176286213543916,10.0,0.9999999999999999,0.10000000000000003,74.0,0.3425925925925927,0.0015860768175582976
23,0.054,13,360.2185588800344,"[['0' '0.032012044415714966' 'present']
 ['19' '8.831838442695833' 'present']
 ['9' '9.216753718607396' 'present']
 ['9' '18.599387242605882' 'marauded']
 ['11' '22.8388746204987' 'presentdestroyed']
 ['16' '25.36273276273435' 'presentdestroyed']
 ['11' '43.73753662495754' 'marauded']
 ['11' '46.436704116732805' 'presentdestroyed']
 ['16' '57.23017178755833' 'present']
 ['16' '67.5139895436348' 'present']
 ['13' '68.06106106684193' 'marauded']
 ['10' '71.21598051018618' 'presentdestroyed']
 ['8' '73.09758752064087' 'presentdestroyed']
 ['3' '76.37646577137446' 'present']
 ['0' '77.46218793360234' 'marauded']
 ['6' '83.02626801831984' 'presentdestroyed']
 ['4' '87.50436664221361' 'present']
 ['11' '89.90608665041853' 'present']
 ['16' '91.03092374387623' 'present']
 ['4' '103.13630667082303' 'present']
 ['3' '116.94528440389679' 'present']
 ['17' '118.30168148909411' 'present']
 ['13' '129.32398028665034' 'marauded']
 ['2' '130.33341981749456' 'destroyed']
 ['14' '130.83124629915548' 'presentdestroyed']
 ['2' '133.04148762986708' 'presentdestroyed']
 ['9' '134.80152931052845' 'destroyed']
 ['0' '135.41190564354574' 'presentdestroyed']
 ['8' '141.99493921192396' 'marauded']
 ['18' '145.05361204785092' 'presentdestroyed']
 ['5' '157.0064329427882' 'marauded']
 ['9' '158.34472603508823' 'presentdestroyed']
 ['18' '161.61355009799058' 'destroyed']
 ['14' '165.455725514192' 'present']
 ['15' '171.32245853513095' 'present']
 ['21' '178.49292249780225' 'present']
 ['4' '179.37770216438443' 'present']
 ['16' '179.38665853352197' 'present']
 ['0' '189.85378913447227' 'present']
 ['9' '196.89610316252012' 'present']
 ['18' '198.71547596796705' 'present']
 ['13' '199.0913461689136' 'marauded']
 ['7' '205.15734712765274' 'destroyed']
 ['1' '205.81540894745436' 'presentdestroyed']
 ['5' '210.5926101017598' 'present']
 ['18' '214.80613336453558' 'present']
 ['14' '219.5775205280219' 'present']
 ['6' '222.36896187164882' 'present']
 ['13' '223.45114846939344' 'marauded']
 ['10' '232.53998168294075' 'present']
 ['8' '234.9621713110627' 'marauded']
 ['11' '236.199835452813' 'presentdestroyed']
 ['12' '239.7171416976162' 'presentdestroyed']
 ['4' '245.91433382718262' 'present']
 ['1' '250.86633259072687' 'present']
 ['8' '258.11802683741087' 'marauded']
 ['7' '261.2378734924994' 'destroyed']
 ['15' '261.6482196204953' 'presentdestroyed']
 ['7' '262.1192475172635' 'destroyed']
 ['0' '265.2283379591404' 'presentdestroyed']
 ['21' '266.7198334389111' 'marauded']
 ['18' '266.9368950056286' 'destroyed']
 ['22' '275.199323872627' 'marauded']
 ['4' '282.3380354876062' 'presentdestroyed']
 ['14' '285.78520808901334' 'present']
 ['15' '290.5759634578567' 'marauded']
 ['0' '301.294624078503' 'marauded']
 ['21' '309.9975358185743' 'present']
 ['21' '311.70560449936005' 'present']
 ['0' '316.7847218694566' 'present']
 ['17' '320.6588844909038' 'present']
 ['9' '328.22070306533226' 'present']
 ['12' '331.4044023472536' 'present']
 ['2' '338.46934030481157' 'present']
 ['21' '349.49969267191517' 'present']
 ['8' '358.988898725548' 'present']]","[['F161' '34.008992740721204' 'mated']
 ['F205' '38.31800866182049' 'mated']
 ['F198' '44.63283471863131' 'destroyed']
 ['F89' '86.84272921284892' 'mated']
 ['F136' '113.18797183961593' 'mated']
 ['F47' '114.1903058496029' 'mated']
 ['F84' '122.9686390203307' 'mated']
 ['F118' '132.67735621844835' 'destroyed']
 ['F153' '137.10335685447993' 'mated']
 ['F55' '146.43198542222007' 'destroyed']
 ['F144' '152.69724583657356' 'mated']
 ['F67' '154.46940106696766' 'mated']
 ['F103' '155.04637198846825' 'absent']
 ['F128' '210.88315355551453' 'mated']
 ['F113' '217.8188483184533' 'mated']
 ['F41' '242.13853510494678' 'absentdestroyed']
 ['F57' '244.90663661349083' 'absent']
 ['F104' '247.73439074025436' 'mated']
 ['F41' '254.1431647345764' 'mated']
 ['F49' '266.2931680256342' 'absent']
 ['F16' '296.6903246167523' 'destroyed']]",564.0,74.78728851972049,16.344385411714452,1112.0,192.4505668265108,42.198552849351245,546.0,91.2121441197096,19.37100799301086,13.0,1.3,0.13000000000000006,74.0,0.3425925925925927,0.0015860768175582976
