id,probability_maraud,successful_mating,next_foraging_time,mar_attempts,mate_attempts,foraging_events,foraging_hrs,foraging_sqhrs,staying_events,staying_hrs,staying_sqhrs,repairing_events,repairing_hrs,repairing_sqhrs,marauding_events,marauding_hrs,marauding_sqhrs,traveling_events,traveling_hrs,traveling_sqhrs
0,0.054,9,360.314390132252,"[['14' '4.028490211074615' 'marauded']
 ['11' '6.552434014481938' 'presentdestroyed']
 ['6' '8.519126340103591' 'presentdestroyed']
 ['18' '14.976287991211986' 'present']
 ['21' '15.990294830323432' 'marauded']
 ['14' '33.92669174330012' 'present']
 ['9' '35.38217443713409' 'marauded']
 ['10' '43.21238277370344' 'present']
 ['7' '49.981781017029824' 'present']
 ['3' '59.90662366609362' 'present']
 ['18' '98.57984310332519' 'present']
 ['9' '102.31421739397108' 'present']
 ['9' '102.36051369026738' 'present']
 ['9' '120.69368461936911' 'marauded']
 ['8' '121.57707708724841' 'presentdestroyed']
 ['4' '131.9332295062352' 'present']
 ['20' '136.16225300408888' 'present']
 ['14' '137.01200945143168' 'marauded']
 ['8' '147.69980874894426' 'present']
 ['21' '157.7736144996927' 'present']
 ['3' '168.19473512888382' 'present']
 ['18' '212.19850977784768' 'present']
 ['9' '213.3176364711961' 'present']
 ['10' '238.05290315845323' 'marauded']
 ['10' '249.26184573689463' 'present']
 ['4' '251.26295168541014' 'present']
 ['11' '258.36349356017007' 'present']
 ['10' '262.52173257059235' 'present']
 ['21' '263.1754745055976' 'present']
 ['20' '272.2767211467872' 'present']
 ['10' '273.6922500596877' 'present']
 ['7' '274.0620632654431' 'present']
 ['8' '285.32301031024895' 'present']
 ['7' '285.903330356526' 'present']
 ['8' '299.78474782700124' 'present']
 ['10' '312.45251357262924' 'present']
 ['14' '317.60434928601444' 'present']
 ['9' '321.6687327396709' 'present']
 ['11' '324.3492637692639' 'present']
 ['18' '336.84025145094785' 'present']
 ['18' '351.63402122480426' 'marauded']]","[['F29' '72.72020902617312' 'mated']
 ['F46' '90.1347516472823' 'mated']
 ['F119' '98.49717289611182' 'mated']
 ['F41' '117.23866547568082' 'mated']
 ['F54' '145.05500763002726' 'mated']
 ['F21' '145.95024698917055' 'mated']
 ['F126' '147.22668696303106' 'absent']
 ['F101' '152.79584334697' 'mated']
 ['F106' '230.97934681303178' 'absent']
 ['F115' '233.8041275351399' 'mated']
 ['F193' '237.09952478412143' 'absent']
 ['F127' '239.4860763160271' 'absentdestroyed']
 ['F161' '317.1519881362645' 'mated']]",565.0,67.65520518346528,14.38563299239045,1442.0,244.42658465705134,52.96444359707192,253.0,42.650206823078896,8.912640352510465,12.0,1.2,0.12000000000000005,91.0,4.212962962962964,0.19504458161865537
1,0.054,5,360.32323379322366,"[['0' '0.023148148148148147' 'present']
 ['20' '7.214244401162054' 'present']
 ['6' '21.590221554523772' 'present']
 ['20' '22.43976310076124' 'marauded']
 ['6' '24.70120314807132' 'presentdestroyed']
 ['0' '25.545023009229734' 'presentdestroyed']
 ['7' '28.827858216514677' 'presentdestroyed']
 ['11' '54.87486433336704' 'marauded']
 ['10' '55.34743561405233' 'destroyed']
 ['7' '64.15509355546551' 'marauded']
 ['18' '64.67217758731407' 'presentdestroyed']
 ['10' '67.81045909606479' 'destroyed']
 ['9' '69.26112885866677' 'destroyed']
 ['0' '72.64266215037125' 'present']
 ['0' '85.39368120209517' 'marauded']
 ['14' '89.08483478339579' 'destroyed']
 ['0' '90.84979336684474' 'destroyed']
 ['21' '92.41955196734693' 'presentdestroyed']
 ['14' '94.00150328947366' 'present']
 ['3' '100.38499874067202' 'present']
 ['21' '106.2489217505452' 'marauded']
 ['0' '109.47960035457075' 'presentdestroyed']
 ['14' '123.179769472071' 'present']
 ['7' '129.98046893306153' 'marauded']
 ['0' '130.6268487289275' 'presentdestroyed']
 ['9' '130.87340297481703' 'presentdestroyed']
 ['8' '139.5670611463977' 'present']
 ['14' '140.63339079224582' 'present']
 ['7' '142.2358536599712' 'present']
 ['7' '146.15942075821238' 'present']
 ['21' '174.95861485499705' 'present']
 ['14' '175.25726853652708' 'present']
 ['11' '182.2679275221072' 'present']
 ['8' '205.77329933825308' 'present']
 ['14' '212.14603133644175' 'present']
 ['21' '219.7228560748289' 'present']
 ['0' '229.42234293641624' 'present']
 ['0' '230.9526371318408' 'marauded']
 ['9' '231.24479315605706' 'presentdestroyed']
 ['6' '236.09257995557837' 'presentdestroyed']
 ['17' '240.52420017826879' 'marauded']
 ['10' '248.0207376246749' 'destroyed']
 ['3' '265.2177644325205' 'present']
 ['21' '288.0406756403257' 'present']
 ['18' '311.45871702546054' 'marauded']
 ['4' '350.3486209433115' 'present']
 ['21' '354.5334374920425' 'present']
 ['7' '358.1876535643009' 'present']]","[['F67' '32.995554972875276' 'absent']
 ['F145' '64.3154541087774' 'destroyed']
 ['F46' '90.06530720283784' 'destroyed']
 ['F128' '114.78838215425992' 'mated']
 ['F61' '118.48041685064547' 'mated']
 ['F102' '125.18812103838509' 'mated']
 ['F166' '175.95505341029684' 'mated']
 ['F18' '214.09979715082667' 'mated']
 ['F75' '215.7857937043745' 'absent']
 ['F122' '258.54257829324297' 'absent']
 ['F86' '268.6884615373147' 'absent']]",563.0,72.03671907821942,15.210813164823216,1366.0,228.8198129497862,48.965818917356714,326.0,54.75450315457648,11.835918115822498,10.0,0.9999999999999999,0.10000000000000003,76.0,3.5185185185185177,0.16289437585733868
2,0.0,8,360.05531590880804,"[['1' '13.36223909829198' 'present']
 ['4' '17.28335637486255' 'present']
 ['11' '22.43060018849241' 'present']
 ['11' '23.811108581839214' 'present']
 ['20' '29.25228951239964' 'present']
 ['10' '49.37758255515625' 'marauded']
 ['1' '50.35551488241189' 'presentdestroyed']
 ['18' '55.26651794949635' 'presentdestroyed']
 ['11' '55.487724343995936' 'presentdestroyed']
 ['0' '56.66387255214182' 'presentdestroyed']
 ['0' '61.10715771268587' 'present']
 ['6' '82.90961818636835' 'present']
 ['20' '83.33859103033318' 'present']
 ['6' '88.29476599673806' 'present']
 ['8' '94.80755314154912' 'present']
 ['10' '95.20234265508147' 'present']
 ['0' '109.43330405827444' 'present']
 ['21' '127.25135733064404' 'present']
 ['9' '128.27691555896936' 'present']
 ['3' '129.6436962103716' 'marauded']
 ['10' '142.18182507783004' 'marauded']
 ['20' '143.24892157145513' 'destroyed']
 ['21' '149.2277215209296' 'presentdestroyed']
 ['18' '151.8887330406074' 'present']
 ['4' '152.89591414376486' 'marauded']
 ['14' '165.56080156668753' 'present']
 ['21' '165.97298106176368' 'present']
 ['20' '176.41219891772576' 'present']
 ['11' '181.60049901547274' 'present']
 ['1' '184.87762668184573' 'marauded']
 ['21' '186.71327747278897' 'presentdestroyed']
 ['0' '196.78455215177254' 'present']
 ['11' '206.69193190620317' 'present']
 ['0' '210.90070530680222' 'present']
 ['1' '213.23130863005898' 'present']
 ['8' '219.39675239569314' 'marauded']
 ['18' '226.9842305510597' 'present']
 ['9' '232.989250434828' 'present']
 ['10' '244.31333552916183' 'present']
 ['0' '248.60857608396478' 'present']
 ['9' '254.32320748242643' 'present']
 ['14' '257.50880478616824' 'present']
 ['21' '258.6101925916353' 'present']
 ['4' '273.0828870069393' 'marauded']
 ['1' '273.7710009933159' 'destroyed']
 ['17' '274.48164781225796' 'presentdestroyed']
 ['0' '277.9576922156174' 'destroyed']
 ['6' '278.4780843799795' 'presentdestroyed']
 ['10' '279.07248003157645' 'destroyed']
 ['9' '280.34200124523556' 'presentdestroyed']
 ['0' '282.34285356506683' 'present']
 ['20' '300.39894535190143' 'present']
 ['1' '301.9525704089897' 'present']
 ['9' '308.02065549479596' 'present']
 ['11' '311.67705665120695' 'present']
 ['0' '318.57921679897095' 'marauded']
 ['9' '324.1660624569189' 'presentdestroyed']
 ['0' '325.94884556670604' 'present']
 ['18' '329.8665604941054' 'present']
 ['18' '335.6937207692545' 'present']
 ['1' '346.33507700187806' 'marauded']
 ['14' '347.3813037270205' 'presentdestroyed']
 ['6' '347.75224697619643' 'presentdestroyed']
 ['9' '351.666607421317' 'presentdestroyed']
 ['17' '353.8276579791263' 'present']]","[['F118' '5.294381330407215' 'mated']
 ['F141' '83.10552472421142' 'mated']
 ['F201' '113.5782862791188' 'mated']
 ['F126' '147.2498351111792' 'destroyed']
 ['F108' '176.45990112401688' 'mated']
 ['F154' '198.11788016862192' 'mated']
 ['F165' '230.25451292321102' 'mated']
 ['F72' '231.5127990273387' 'mated']
 ['F25' '273.94040814473925' 'destroyed']
 ['F103' '289.6786329355535' 'mated']
 ['F152' '325.34347311246904' 'destroyed']]",576.0,71.22276772749657,14.364064781121726,1385.0,233.94889875377484,49.9009005938737,346.0,54.85884158459154,11.32449584574356,0.0,0.0,0.0,0.0,0.0,0.0
3,0.054,6,360.14193254925215,"[['1' '12.541225949223104' 'present']
 ['7' '14.253732595328376' 'marauded']
 ['1' '15.44294801518526' 'presentdestroyed']
 ['18' '25.164577366548716' 'marauded']
 ['18' '26.217151976580716' 'destroyed']
 ['21' '33.648547555103946' 'present']
 ['1' '37.84648270933952' 'present']
 ['18' '60.4071869391164' 'marauded']
 ['10' '62.40397227257844' 'destroyed']
 ['10' '66.94598874503747' 'presentdestroyed']
 ['20' '70.39731944808683' 'present']
 ['6' '83.29353566590342' 'present']
 ['0' '86.94134352520199' 'present']
 ['17' '94.28910554263685' 'present']
 ['18' '107.56942578911647' 'marauded']
 ['6' '113.30904439673466' 'presentdestroyed']
 ['1' '118.29039960447037' 'present']
 ['7' '122.26251397172067' 'present']
 ['20' '127.79400534741029' 'present']
 ['9' '128.44244658222743' 'present']
 ['0' '134.5639524578898' 'present']
 ['17' '141.9841383631169' 'present']
 ['17' '142.39042803628493' 'present']
 ['9' '149.38150438153045' 'present']
 ['7' '153.13195672104405' 'present']
 ['11' '174.88864669870597' 'present']
 ['8' '195.90702183970646' 'present']
 ['0' '224.36581618193574' 'present']
 ['4' '233.68137295237452' 'present']
 ['4' '245.42521216353433' 'present']
 ['10' '247.75188219303888' 'present']
 ['21' '248.00862133894154' 'marauded']
 ['18' '249.78758783201985' 'presentdestroyed']
 ['6' '269.6612991690911' 'present']
 ['17' '275.8887900486917' 'present']
 ['6' '295.4745550052931' 'present']
 ['9' '295.84385926535793' 'present']
 ['10' '304.820393809549' 'present']
 ['11' '323.5210023156433' 'present']
 ['8' '329.3032325533386' 'present']
 ['8' '332.43339682956963' 'present']
 ['4' '338.3112011884422' 'present']
 ['0' '340.54945485017055' 'present']
 ['1' '345.8472022508255' 'present']]","[['F52' '88.07432887630074' 'mated']
 ['F16' '114.02343721502041' 'absentdestroyed']
 ['F82' '165.00274678846006' 'mated']
 ['F132' '173.39726414084623' 'mated']
 ['F66' '203.73800308844193' 'mated']
 ['F69' '215.05707305762422' 'mated']
 ['F121' '328.42612283389116' 'mated']]",555.0,72.37507777499843,14.765905943018348,1469.0,252.30318493157964,55.06410162867015,181.0,30.242550889539608,6.379072984795719,15.0,1.5000000000000002,0.15000000000000008,80.0,3.703703703703703,0.17146776406035646
4,0.054,9,360.8532032717956,"[['11' '20.984868588427574' 'present']
 ['6' '21.63651785082007' 'present']
 ['14' '25.049479977607493' 'present']
 ['7' '29.334626475850904' 'present']
 ['8' '33.29026154274663' 'present']
 ['0' '53.47775285643911' 'present']
 ['6' '56.1470042311485' 'present']
 ['9' '67.92069649397351' 'present']
 ['14' '81.57008781753832' 'present']
 ['10' '100.45613912970407' 'present']
 ['14' '119.16159824564966' 'present']
 ['1' '128.46753192492528' 'present']
 ['11' '129.81126484821635' 'present']
 ['9' '139.97789323592716' 'present']
 ['9' '142.50113601710746' 'present']
 ['21' '150.0346057793324' 'present']
 ['21' '150.227198371925' 'present']
 ['11' '175.28586151235118' 'present']
 ['0' '196.83084844806885' 'present']
 ['14' '210.83019448349228' 'present']
 ['1' '211.67379806082286' 'marauded']
 ['11' '228.23807478848633' 'present']
 ['21' '234.6663263580411' 'present']
 ['18' '239.07219847241024' 'present']
 ['20' '241.21927546674638' 'present']
 ['18' '241.82465069885012' 'present']
 ['8' '255.91176846630358' 'present']
 ['10' '262.56802886688865' 'present']
 ['17' '281.8445839988044' 'present']
 ['6' '293.2078822922745' 'present']
 ['21' '294.22922926245275' 'present']
 ['17' '296.60126572107976' 'present']
 ['10' '300.31610699683677' 'present']
 ['18' '302.97021885925443' 'present']
 ['11' '305.7872780102533' 'present']
 ['8' '308.6022213143074' 'present']
 ['0' '322.9111128017465' 'present']
 ['11' '324.62586914882235' 'marauded']
 ['6' '326.8148758640819' 'presentdestroyed']
 ['20' '331.3844439467478' 'presentdestroyed']
 ['6' '336.2875342097597' 'present']
 ['18' '338.9847198910594' 'present']
 ['1' '345.8009059545292' 'present']]","[['F67' '33.01870312102342' 'mated']
 ['F169' '72.08354870766996' 'mated']
 ['F46' '90.04215905468969' 'absent']
 ['F33' '97.2465149440111' 'mated']
 ['F215' '137.94673331347389' 'mated']
 ['F157' '165.08757848238906' 'mated']
 ['F36' '173.01854140515164' 'mated']
 ['F30' '197.4141343464885' 'mated']
 ['F138' '216.05648126455574' 'destroyed']
 ['F142' '245.68920433442793' 'mated']
 ['F3' '255.7428422283369' 'absent']
 ['F71' '263.9234270082332' 'mated']
 ['F121' '328.402974685743' 'destroyed']]",564.0,72.68884366655737,15.345230361986737,1606.0,271.1692874684054,58.093125398698824,71.0,12.121220305435493,2.624610992288969,12.0,1.2,0.12000000000000005,66.0,3.055555555555555,0.14146090534979422
5,0.0,7,360.06517824694174,"[['6' '34.81597560817586' 'present']
 ['11' '36.90333930887058' 'present']
 ['6' '58.793016632946916' 'present']
 ['21' '86.7275030479208' 'present']
 ['21' '89.88838162109299' 'present']
 ['8' '89.98863751501653' 'marauded']
 ['9' '93.27101028060088' 'presentdestroyed']
 ['3' '96.10369451626141' 'presentdestroyed']
 ['6' '100.87411154575268' 'present']
 ['10' '103.95351986651099' 'marauded']
 ['14' '105.72155997496175' 'presentdestroyed']
 ['10' '114.22506030407715' 'marauded']
 ['1' '114.98152762132372' 'presentdestroyed']
 ['18' '121.27136868912011' 'presentdestroyed']
 ['4' '128.02954609842595' 'present']
 ['7' '132.33193633262007' 'present']
 ['14' '136.38022998707524' 'present']
 ['7' '142.9421843165783' 'present']
 ['3' '148.26292351449382' 'present']
 ['20' '153.57824248253317' 'marauded']
 ['18' '179.0127168752104' 'present']
 ['7' '181.570891243848' 'present']
 ['3' '185.51044313368604' 'present']
 ['8' '197.8363581801095' 'present']
 ['0' '203.74485909810974' 'present']
 ['3' '207.31131332440887' 'present']
 ['10' '225.65641895577045' 'present']
 ['4' '227.87946979448952' 'present']
 ['9' '234.97909581857385' 'marauded']
 ['7' '248.41074362896217' 'present']
 ['4' '251.04652863366456' 'present']
 ['20' '257.6754240792513' 'present']
 ['3' '269.6855757957088' 'present']
 ['8' '272.81832420009147' 'marauded']
 ['8' '273.34916128301717' 'presentdestroyed']
 ['20' '299.53307051847867' 'present']
 ['3' '301.52195246404557' 'present']
 ['21' '315.8270095166465' 'present']
 ['7' '324.14851530024623' 'present']
 ['10' '333.95698295080047' 'present']
 ['6' '349.40957654581155' 'present']
 ['20' '350.2081299914416' 'present']
 ['11' '351.52028593684037' 'marauded']
 ['3' '356.6133903158045' 'presentdestroyed']]","[['F211' '57.95029305782584' 'absent']
 ['F168' '138.06260418986767' 'absent']
 ['F45' '144.0701088710262' 'mated']
 ['F212' '180.44031038560624' 'mated']
 ['F15' '192.67551792326168' 'mated']
 ['F147' '245.21346261563485' 'mated']
 ['F88' '253.54246299336893' 'mated']
 ['F5' '260.61268616290056' 'mated']
 ['F148' '313.1608437073547' 'mated']]",576.0,73.68082369123981,16.109978233375113,1428.0,243.64337335657507,52.32778206670371,250.0,42.73033580134745,9.1314959818901,0.0,0.0,0.0,0.0,0.0,0.0
6,0.054,9,360.24389456248156,"[['4' '12.615589317264138' 'marauded']
 ['0' '12.84060093061635' 'presentdestroyed']
 ['4' '28.236720087640666' 'present']
 ['20' '35.46402759616722' 'present']
 ['21' '40.10316073506209' 'present']
 ['8' '80.76360923950212' 'present']
 ['8' '82.62610825358075' 'present']
 ['8' '87.49074778412589' 'present']
 ['18' '92.8392121614087' 'marauded']
 ['3' '101.8964211761289' 'present']
 ['17' '105.08483126127597' 'present']
 ['17' '115.13545460745794' 'present']
 ['9' '116.99969488182386' 'marauded']
 ['20' '122.41082363368524' 'presentdestroyed']
 ['8' '130.9865182916571' 'present']
 ['18' '132.94482244177044' 'marauded']
 ['10' '134.52789899533533' 'presentdestroyed']
 ['11' '145.4551192352224' 'present']
 ['3' '149.22701954072917' 'present']
 ['18' '155.8217179566649' 'present']
 ['8' '168.93898280885983' 'present']
 ['0' '172.9230771142293' 'marauded']
 ['8' '174.52381992571543' 'presentdestroyed']
 ['8' '177.62964573302511' 'presentdestroyed']
 ['11' '180.5205428116445' 'present']
 ['21' '191.29365761912567' 'present']
 ['18' '196.69699022370466' 'present']
 ['3' '207.1945454301942' 'present']
 ['20' '208.68531875643944' 'present']
 ['9' '213.6858477389071' 'present']
 ['0' '220.13362954683413' 'marauded']
 ['21' '221.2878848211152' 'destroyed']
 ['9' '235.67907019718976' 'present']
 ['8' '244.02451053160493' 'present']
 ['18' '247.70252830663182' 'present']
 ['18' '249.83388412831616' 'present']
 ['1' '258.7773947756223' 'present']
 ['1' '267.5899188415312' 'present']
 ['11' '272.1571400293647' 'present']
 ['1' '273.4588657547357' 'present']
 ['4' '279.3185532880623' 'marauded']
 ['14' '281.90199014099744' 'destroyed']
 ['8' '301.6429234389945' 'present']
 ['11' '319.76669212564207' 'present']
 ['8' '322.7593256574287' 'present']
 ['9' '331.29349044415585' 'present']
 ['8' '358.1851425827742' 'present']]","[['F196' '89.80186355965579' 'mated']
 ['F119' '98.47402474796367' 'destroyed']
 ['F22' '122.1704808523879' 'destroyed']
 ['F146' '131.91413572978274' 'mated']
 ['F35' '161.35189564527752' 'mated']
 ['F84' '167.4278045443452' 'mated']
 ['F26' '191.15616966985118' 'mated']
 ['F174' '191.35370388717928' 'mated']
 ['F2' '219.00754110477152' 'mated']
 ['F167' '225.07377482232866' 'destroyed']
 ['F134' '246.9419544060251' 'absent']
 ['F19' '261.8316545472234' 'mated']
 ['F1' '270.18584112852034' 'mated']]",568.0,71.18464402917289,14.46956589749189,1476.0,241.4914335380907,50.5255532987396,270.0,42.61329193491327,8.655554843224095,11.0,1.0999999999999999,0.11000000000000004,79.0,3.6574074074074066,0.16932441700960202
7,0.054,11,360.1065493843682,"[['8' '11.91157991370028' 'present']
 ['4' '21.31678070082145' 'marauded']
 ['17' '26.099069191322354' 'destroyed']
 ['21' '32.03095903883489' 'present']
 ['11' '65.52865626313755' 'present']
 ['4' '71.50839318626468' 'present']
 ['1' '76.94787833059593' 'present']
 ['11' '79.36301640881013' 'marauded']
 ['11' '99.19997433840646' 'present']
 ['10' '101.08971642755695' 'present']
 ['6' '101.5622564662081' 'marauded']
 ['1' '106.24412745144687' 'presentdestroyed']
 ['9' '112.91264050930639' 'marauded']
 ['11' '133.98134696924672' 'present']
 ['20' '134.6067260210478' 'marauded']
 ['9' '140.99943303037347' 'presentdestroyed']
 ['1' '146.34680068103066' 'present']
 ['11' '150.5654784517859' 'present']
 ['11' '152.7639577973231' 'present']
 ['21' '153.8112533250779' 'present']
 ['9' '160.15560799734894' 'marauded']
 ['20' '160.92050633636828' 'presentdestroyed']
 ['6' '161.28683298335932' 'presentdestroyed']
 ['6' '172.11366562291656' 'present']
 ['3' '180.35557680078307' 'present']
 ['11' '183.29355298118844' 'present']
 ['8' '197.1317300347929' 'marauded']
 ['6' '199.72883463912368' 'presentdestroyed']
 ['14' '204.73859205592828' 'present']
 ['17' '240.04001665489304' 'marauded']
 ['0' '254.1147580134635' 'present']
 ['0' '256.01597741415867' 'present']
 ['17' '269.7923924118758' 'present']
 ['21' '273.8018592090186' 'present']
 ['10' '286.26605466260867' 'marauded']
 ['8' '298.47378173589453' 'present']
 ['20' '307.9165794354956' 'present']
 ['21' '328.4181044560786' 'present']
 ['20' '329.54850613281246' 'present']
 ['1' '330.77254474738874' 'marauded']
 ['0' '331.1863674685395' 'presentdestroyed']
 ['9' '335.47578149919906' 'presentdestroyed']
 ['20' '339.0106424338193' 'marauded']
 ['8' '340.8442472101991' 'presentdestroyed']
 ['0' '345.0679999801147' 'presentdestroyed']]","[['F58' '60.30961255095757' 'mated']
 ['F78' '95.28798539687062' 'mated']
 ['F182' '116.49773241332005' 'absentdestroyed']
 ['F41' '117.21551732753267' 'destroyed']
 ['F126' '147.2961314074755' 'mated']
 ['F109' '154.0470292436286' 'mated']
 ['F179' '176.95316820002236' 'mated']
 ['F178' '211.82269669680866' 'mated']
 ['F140' '235.9416045035499' 'mated']
 ['F134' '246.91880625787695' '']
 ['F192' '255.9317968481867' 'mated']
 ['F32' '272.94212363974' 'absent']
 ['F113' '274.87543474274366' 'mated']
 ['F163' '279.3288508891309' 'mated']
 ['F137' '300.2452782757606' 'mated']]",558.0,68.39129056938239,14.26636913413391,1296.0,219.95818250900717,47.39613725376105,398.0,67.29028610187943,14.583601820639721,9.0,0.8999999999999999,0.09000000000000002,75.0,3.4722222222222214,0.16075102880658423
8,0.054,9,360.68613055645613,"[['6' '2.7404253426220957' 'marauded']
 ['11' '4.247370602257641' 'presentdestroyed']
 ['4' '7.106944298748174' 'presentdestroyed']
 ['9' '17.6151522664037' 'present']
 ['18' '43.60014174188091' 'marauded']
 ['21' '72.86912635145606' 'marauded']
 ['7' '75.7009933321051' 'destroyed']
 ['20' '77.89571362886873' 'presentdestroyed']
 ['4' '84.27210236436211' 'present']
 ['17' '94.78946336385408' 'marauded']
 ['7' '95.50051962326229' 'presentdestroyed']
 ['17' '97.70435602414194' 'presentdestroyed']
 ['10' '111.70965886134064' 'marauded']
 ['0' '118.34485480520222' 'destroyed']
 ['18' '120.14155922412758' 'present']
 ['14' '136.1179004526572' 'present']
 ['14' '138.98082615511967' 'present']
 ['3' '139.97092606246574' 'marauded']
 ['18' '140.48176170133817' 'presentdestroyed']
 ['9' '142.45483972081115' 'presentdestroyed']
 ['3' '144.19496763757837' 'destroyed']
 ['1' '152.33624238444827' 'present']
 ['17' '164.06306349291893' 'present']
 ['0' '176.434826743701' 'present']
 ['21' '185.41279576916375' 'present']
 ['9' '192.95144709414666' 'present']
 ['11' '209.53848875776808' 'present']
 ['14' '214.62247938821875' 'present']
 ['1' '216.88512204834942' 'present']
 ['3' '219.85137689048415' 'present']
 ['10' '225.93250576339125' 'marauded']
 ['1' '249.66462203617814' 'present']
 ['7' '265.06884099003634' 'marauded']
 ['0' '269.1960454160508' 'presentdestroyed']
 ['11' '276.65021594476207' 'marauded']
 ['11' '279.3622161096069' 'presentdestroyed']
 ['18' '304.0735963797888' 'present']
 ['11' '308.8716728737003' 'present']
 ['14' '313.78321345495397' 'marauded']
 ['18' '322.70484429860807' 'present']
 ['0' '328.8337669743971' 'present']
 ['3' '350.48292049968245' 'present']
 ['21' '356.98990638920236' 'present']]","[['F111' '89.87664582973132' 'mated']
 ['F23' '93.89676239067039' 'mated']
 ['F102' '125.16497289023694' 'absent']
 ['F53' '145.94116816169344' 'absentdestroyed']
 ['F34' '151.11019312738804' 'mated']
 ['F153' '167.5808428544804' 'mated']
 ['F27' '178.008522056547' 'mated']
 ['F206' '192.26337290290596' 'mated']
 ['F49' '206.2295444021252' 'absent']
 ['F180' '276.6715097454042' 'absentdestroyed']
 ['F189' '285.481241504187' 'mated']
 ['F164' '305.7978665132234' 'mated']
 ['F151' '357.36237760714783' 'mated']]",569.0,67.49459064522866,13.376423732685756,1325.0,226.88837139239746,49.601607095820086,351.0,60.937568108688694,13.328626107781893,12.0,1.2,0.12000000000000005,78.0,3.6111111111111103,0.16718106995884757
9,0.054,13,360.58825872564034,"[['11' '7.474053893659563' 'marauded']
 ['17' '16.151743649687024' 'present']
 ['1' '19.124469342634914' 'present']
 ['10' '20.63758488003982' 'present']
 ['3' '24.600450640827777' 'marauded']
 ['6' '32.11662144146646' 'present']
 ['20' '33.26869584749573' 'present']
 ['4' '37.76890090082108' 'present']
 ['20' '38.293429718999256' 'marauded']
 ['20' '44.115719011920284' 'presentdestroyed']
 ['0' '45.193939617434204' 'presentdestroyed']
 ['4' '46.952440153940096' 'present']
 ['1' '47.75049366772324' 'present']
 ['10' '55.763029484002246' 'present']
 ['11' '64.4627879416944' 'present']
 ['11' '64.74890801956805' 'present']
 ['7' '69.52054121265779' 'marauded']
 ['20' '70.48991204067944' 'presentdestroyed']
 ['20' '76.3972914307444' 'presentdestroyed']
 ['6' '85.8210578083778' 'marauded']
 ['20' '88.50269108293507' 'presentdestroyed']
 ['21' '118.70521852642385' 'present']
 ['17' '119.19193088290731' 'present']
 ['8' '129.28025624476248' 'present']
 ['3' '135.99628886815123' 'present']
 ['21' '139.54232123649047' 'present']
 ['18' '142.300110825771' 'present']
 ['3' '144.94841387364312' 'present']
 ['1' '169.52671087517294' 'marauded']
 ['0' '177.96937683220406' 'destroyed']
 ['11' '183.33984927748475' 'marauded']
 ['17' '198.7488793328086' 'present']
 ['3' '199.35553065552315' 'marauded']
 ['17' '203.28213176422136' 'presentdestroyed']
 ['17' '210.07131322676227' 'present']
 ['10' '219.0853243685978' 'present']
 ['21' '220.99264974692232' 'present']
 ['14' '227.34812811822528' 'present']
 ['14' '227.4597131526795' 'present']
 ['11' '240.95929236741782' 'marauded']
 ['8' '243.33983094283136' 'presentdestroyed']
 ['18' '243.67248786739685' 'presentdestroyed']
 ['14' '258.2835818578065' 'marauded']
 ['7' '261.407557787817' 'destroyed']
 ['8' '263.2806109442429' 'presentdestroyed']
 ['21' '265.98569483800696' 'present']
 ['3' '271.15512149796245' 'marauded']
 ['21' '281.45569909354634' 'present']
 ['17' '299.3930290489669' 'marauded']
 ['4' '300.86169265931187' 'presentdestroyed']
 ['20' '306.0435667587927' 'presentdestroyed']
 ['3' '311.55006088369726' 'marauded']
 ['11' '313.42881751828514' 'presentdestroyed']
 ['20' '319.7834053329709' 'present']
 ['10' '327.8785983584268' 'present']
 ['18' '332.6363598410906' 'present']
 ['20' '333.24350731429934' 'present']
 ['11' '338.2375299792382' 'present']
 ['18' '341.7367226099199' 'marauded']
 ['6' '347.2190798727002' 'presentdestroyed']
 ['10' '347.6484343673735' 'presentdestroyed']
 ['14' '350.1723817406934' 'present']
 ['1' '352.35676659642274' 'present']
 ['21' '357.03620268549867' 'present']
 ['6' '359.3963734615051' 'present']]","[['F150' '17.31179627653327' 'mated']
 ['F144' '20.605768067882018' 'mated']
 ['F145' '64.33860225692555' 'mated']
 ['F46' '90.11160349913415' 'absentdestroyed']
 ['F16' '114.06973351131671' 'absent']
 ['F182' '116.56717685776451' 'mated']
 ['F183' '119.66483139016698' 'mated']
 ['F123' '177.5926675602143' 'destroyed']
 ['F91' '185.0204614666484' 'destroyed']
 ['F184' '193.4732092981544' 'mated']
 ['F97' '194.6820596703807' 'mated']
 ['F149' '198.3848679436221' 'absent']
 ['F60' '219.8708224123328' 'mated']
 ['F194' '230.95281366242915' 'mated']
 ['F129' '234.78496126008974' 'absent']
 ['F193' '237.12267293226958' 'mated']
 ['F200' '237.36663302600755' 'mated']
 ['F3' '255.78913852463322' 'mated']
 ['F65' '259.4280436036175' 'destroyed']
 ['F90' '269.90125402768837' 'mated']]",564.0,70.62312912003478,14.556052850717414,1161.0,197.31156562233974,42.646865736575194,516.0,86.0341454967801,17.99959471109905,20.0,2.0000000000000004,0.20000000000000012,93.0,4.305555555555557,0.19933127572016426
10,0.054,10,360.23026022690567,"[['18' '0.21717721144654553' 'present']
 ['21' '2.9606468754409656' 'present']
 ['1' '4.852560487695498' 'present']
 ['20' '21.289271613462333' 'present']
 ['0' '24.713406568991118' 'marauded']
 ['1' '39.152139483089876' 'present']
 ['7' '41.08393358131651' 'present']
 ['1' '42.65702727755111' 'present']
 ['7' '47.73513378707466' 'present']
 ['21' '60.98614617516336' 'present']
 ['4' '76.61495298625273' 'present']
 ['9' '81.4349309414605' 'present']
 ['0' '83.04781336603645' 'present']
 ['18' '88.81562815421712' 'present']
 ['0' '90.52432406416784' 'present']
 ['18' '92.3945628321893' 'present']
 ['14' '95.371802671716' 'present']
 ['6' '100.29462258752481' 'present']
 ['1' '113.96745872451893' 'present']
 ['7' '129.5749408400613' 'present']
 ['18' '141.67610243108356' 'present']
 ['1' '145.85003363569203' 'present']
 ['8' '151.05412287401248' 'present']
 ['17' '154.01329775811445' 'present']
 ['0' '158.34258381090092' 'marauded']
 ['14' '160.7090726103956' 'presentdestroyed']
 ['14' '161.15405019581527' 'presentdestroyed']
 ['21' '163.34606097232586' 'presentdestroyed']
 ['3' '165.24755501756374' 'presentdestroyed']
 ['6' '182.86169962559293' 'marauded']
 ['1' '184.7596740869808' 'presentdestroyed']
 ['8' '185.22577960467652' 'presentdestroyed']
 ['11' '191.09077209930734' 'present']
 ['21' '195.7764760572666' 'present']
 ['3' '198.93716572846222' 'present']
 ['0' '201.7286982745522' 'marauded']
 ['17' '201.8165568474885' 'presentdestroyed']
 ['8' '204.74392159899244' 'destroyed']
 ['0' '208.94609368812365' 'present']
 ['7' '223.43894368966417' 'present']
 ['14' '234.3402344990419' 'present']
 ['20' '245.0294029038859' 'present']
 ['3' '246.17951237245092' 'present']
 ['7' '251.84905987215768' 'marauded']
 ['9' '252.87692103992475' 'presentdestroyed']
 ['18' '273.9659201500258' 'present']
 ['0' '277.9113959193211' 'present']
 ['4' '278.31053607590957' 'present']
 ['21' '285.57937820110175' 'present']
 ['6' '288.96907766631057' 'present']
 ['0' '288.9786947441439' 'present']
 ['17' '290.9555056581875' 'marauded']
 ['1' '292.20336971652824' 'presentdestroyed']
 ['21' '299.3865937058369' 'present']
 ['3' '307.2218596912737' 'present']
 ['7' '309.85358046805993' 'present']
 ['9' '333.57691565537465' 'present']
 ['1' '337.63085470521344' 'marauded']
 ['7' '349.8803923816925' 'present']
 ['14' '353.30122263272494' 'present']]","[['F211' '57.973441205973984' 'mated']
 ['F24' '72.26586970039448' 'mated']
 ['F46' '90.088455350986' 'absent']
 ['F176' '125.8675351884967' 'mated']
 ['F42' '169.62156837091467' 'mated']
 ['F85' '199.49508122760048' 'mated']
 ['F125' '225.26973719295583' 'mated']
 ['F106' '231.00249496117993' 'absent']
 ['F105' '243.57350302870503' 'mated']
 ['F13' '246.7966781331338' 'absent']
 ['F7' '304.9945645510436' 'mated']
 ['F152' '325.3666212606172' 'mated']
 ['F38' '332.91548791046637' 'mated']]",568.0,68.81838170643175,13.644601416411684,1449.0,243.33459974689677,51.2592081610779,260.0,42.71599328789187,9.003224129628856,12.0,1.2,0.12000000000000005,85.0,3.9351851851851842,0.1821844993141287
11,0.054,4,360.00803063494624,"[['21' '4.945488471434477' 'present']
 ['21' '13.041994569058287' 'marauded']
 ['1' '19.17076563893121' 'presentdestroyed']
 ['20' '22.02156380612786' 'present']
 ['3' '41.67883085893183' 'present']
 ['21' '60.337236279735656' 'present']
 ['17' '83.46217216290249' 'present']
 ['3' '88.1182778022556' 'marauded']
 ['21' '94.0266928178044' 'presentdestroyed']
 ['1' '94.62181204285432' 'presentdestroyed']
 ['9' '97.50143637496106' 'present']
 ['9' '99.55225454528735' 'present']
 ['20' '104.89837700126924' 'present']
 ['18' '111.74462897764003' 'present']
 ['8' '121.53078079095211' 'present']
 ['20' '127.2060518859781' 'present']
 ['17' '134.56132523304208' 'present']
 ['9' '135.4820620396144' 'present']
 ['1' '151.32468329417273' 'present']
 ['14' '159.95718260777483' 'present']
 ['0' '160.14840104216492' 'marauded']
 ['21' '163.39235726862216' 'presentdestroyed']
 ['18' '166.68025030526462' 'destroyed']
 ['6' '167.7030196539056' 'present']
 ['17' '171.93952713437696' 'present']
 ['1' '176.19326278695357' 'present']
 ['18' '187.73958686607955' 'present']
 ['9' '197.7799953674387' 'marauded']
 ['10' '210.14842996315087' 'present']
 ['18' '214.6817593268982' 'present']
 ['14' '234.08836827803572' 'present']
 ['18' '251.42776364804214' 'present']
 ['7' '254.2621716696316' 'present']
 ['6' '260.5340987559426' 'present']
 ['3' '263.29507038468677' 'marauded']
 ['1' '275.49557011154695' 'present']
 ['17' '275.935086344988' 'present']
 ['6' '279.32895965141864' 'present']
 ['21' '285.62567449739805' 'marauded']
 ['8' '287.0386733180563' 'presentdestroyed']
 ['7' '297.02928740455445' 'present']
 ['17' '301.6227436616685' 'present']
 ['21' '329.9165601193537' 'present']
 ['8' '343.5116851389998' 'present']
 ['9' '352.7550470728153' 'marauded']
 ['18' '355.41749645144193' 'presentdestroyed']
 ['4' '356.9299396635647' 'presentdestroyed']]","[['F80' '112.51069983653422' 'mated']
 ['F182' '116.5208805614682' 'absent']
 ['F149' '198.36171979547396' 'absentdestroyed']
 ['F134' '246.96510255417326' 'mated']
 ['F39' '295.23410024743185' 'mated']
 ['F197' '317.18714083414744' 'mated']]",567.0,70.45573515332003,14.34234645099543,1433.0,242.00389562942354,51.926308461434935,256.0,41.92369803755439,8.860510083222819,14.0,1.4000000000000001,0.14000000000000007,94.0,4.351851851851854,0.2014746227709187
12,0.0,9,360.178935028025,"[['8' '11.977174780597599' 'present']
 ['21' '12.99569827276199' 'present']
 ['8' '13.777648368147887' 'present']
 ['9' '22.252567241904476' 'present']
 ['14' '63.061546767542495' 'present']
 ['7' '74.74621752727221' 'present']
 ['6' '75.94013344743871' 'present']
 ['0' '79.64437083360677' 'present']
 ['10' '81.88796446036316' 'present']
 ['14' '84.87749889214618' 'present']
 ['17' '101.74686645230297' 'present']
 ['8' '104.29981328276322' 'marauded']
 ['6' '108.98554943660034' 'presentdestroyed']
 ['7' '134.59783005416784' 'present']
 ['3' '136.18112718530946' 'marauded']
 ['20' '150.27762297613657' 'present']
 ['21' '153.9274764249044' 'marauded']
 ['4' '154.30723905368652' 'presentdestroyed']
 ['21' '165.38082209937625' 'present']
 ['4' '172.60602862708612' 'present']
 ['3' '179.0498195495674' 'present']
 ['1' '188.18791468681087' 'present']
 ['9' '192.90515079785035' 'present']
 ['3' '217.41888596136477' 'present']
 ['11' '225.4202484149946' 'present']
 ['20' '244.9831066075896' 'present']
 ['4' '251.00023233736826' 'present']
 ['3' '256.52755572451514' 'present']
 ['9' '268.89811897222893' 'marauded']
 ['14' '274.60971478795517' 'destroyed']
 ['11' '277.8474124405571' 'present']
 ['18' '279.7788712125841' 'present']
 ['20' '281.5130318007659' 'marauded']
 ['14' '293.92842677315235' 'marauded']
 ['17' '301.47644736537217' 'marauded']
 ['10' '306.42824496685995' 'destroyed']
 ['3' '312.02966206229695' 'present']
 ['1' '327.84086630831433' 'marauded']
 ['8' '328.0736415637825' 'presentdestroyed']
 ['7' '329.45970990093895' 'presentdestroyed']
 ['0' '342.39568663749657' 'present']
 ['3' '357.35892209293814' 'marauded']]","[['F58' '60.28646440280942' 'absent']
 ['F22' '122.19362900053605' 'mated']
 ['F37' '128.68657546058895' 'mated']
 ['F94' '152.24226154030836' 'mated']
 ['F95' '168.08092337059279' 'mated']
 ['F91' '185.04360961479657' 'mated']
 ['F160' '233.8692541784349' 'mated']
 ['F9' '234.7849519561272' 'mated']
 ['F105' '243.55035488055688' 'absent']
 ['F13' '246.81982628128196' 'mated']
 ['F86' '268.71160968546286' 'mated']
 ['F113' '274.8059902982992' 'destroyed']
 ['F113' '274.8522865945955' 'destroyed']
 ['F55' '298.9747496096369' 'destroyed']]",565.0,70.30629569273238,15.270183816019761,1389.0,238.82404045723192,51.991438301542715,306.0,50.88384898768206,10.738054925802789,0.0,0.0,0.0,0.0,0.0,0.0
13,0.0,11,360.29677615844344,"[['0' '14.241527879357148' 'marauded']
 ['14' '22.446317023977592' 'present']
 ['7' '35.33123851775674' 'present']
 ['9' '36.21015154660732' 'present']
 ['4' '36.47824993396697' 'present']
 ['18' '48.93811938141621' 'present']
 ['9' '50.333503588753786' 'present']
 ['6' '58.64395180639808' 'present']
 ['8' '61.77863856821097' 'present']
 ['11' '66.58961491402557' 'present']
 ['9' '79.18373954946371' 'marauded']
 ['7' '108.77070779287587' 'present']
 ['0' '108.93252890852474' 'present']
 ['10' '114.77211254497207' 'present']
 ['14' '121.59327287807164' 'present']
 ['4' '131.41327052656428' 'marauded']
 ['17' '137.24050729564016' 'presentdestroyed']
 ['3' '149.27331583702548' 'present']
 ['20' '150.64448328496022' 'present']
 ['8' '156.3970249377375' 'present']
 ['6' '159.11790358311293' 'present']
 ['20' '178.41973610161412' 'present']
 ['17' '192.99659076501987' 'present']
 ['4' '198.6029603056116' 'present']
 ['3' '203.11208926554772' 'present']
 ['0' '205.11300303479325' 'present']
 ['11' '210.78007380630748' 'present']
 ['11' '211.5213341328475' 'present']
 ['20' '211.97317464248206' 'present']
 ['8' '212.0518364407549' 'present']
 ['7' '228.19087825983274' 'present']
 ['7' '228.49349453671985' 'present']
 ['14' '233.66890485830154' 'present']
 ['11' '247.17099082874253' 'present']
 ['10' '249.30814203319093' 'present']
 ['11' '255.93337293491086' 'present']
 ['0' '260.5510236293347' 'present']
 ['4' '274.6615654939959' 'present']
 ['0' '278.81526714713465' 'present']
 ['9' '278.95252892148096' 'present']
 ['11' '285.64470771762365' 'present']
 ['9' '290.72617964521896' 'present']
 ['18' '290.96473505148396' 'present']
 ['17' '292.2772373774641' 'present']
 ['17' '295.3020196722356' 'present']
 ['4' '297.24789218193433' 'present']
 ['3' '297.37155103231146' 'present']
 ['0' '313.0047883075814' 'present']
 ['18' '313.7208451488539' 'present']
 ['4' '317.19885839563295' 'present']
 ['8' '341.37442973157164' 'marauded']
 ['8' '346.12051967111887' 'presentdestroyed']
 ['6' '347.79854327249274' 'presentdestroyed']
 ['14' '351.6366462740168' 'marauded']
 ['14' '358.86499253818397' 'present']]","[['F130' '13.32219048068782' 'absent']
 ['F63' '44.84682774642615' 'mated']
 ['F4' '80.52676683974768' 'destroyed']
 ['F92' '140.2527980541662' 'mated']
 ['F34' '151.0870449792399' 'absent']
 ['F132' '173.37411599269808' 'absent']
 ['F48' '173.52573331362143' 'mated']
 ['F191' '174.26263922682207' 'absent']
 ['F85' '199.47193307945233' 'absent']
 ['F49' '206.25269255027337' 'mated']
 ['F64' '227.14999063147468' 'mated']
 ['F106' '231.0256431093281' 'mated']
 ['F188' '240.54170268851115' 'mated']
 ['F31' '251.97351539317353' 'mated']
 ['F122' '258.5657264413911' 'mated']
 ['F25' '273.9635562928874' 'mated']
 ['F87' '284.80061837650453' 'mated']
 ['F55' '298.99789775778504' 'absent']]",569.0,71.53641387873465,14.685388620859257,1509.0,258.0151624814977,56.25206083935838,187.0,30.55657557122022,6.566771151912389,0.0,0.0,0.0,0.0,0.0,0.0
14,0.054,10,359.83229928171363,"[['10' '13.316898185614184' 'marauded']
 ['17' '16.469915116862495' 'presentdestroyed']
 ['6' '25.12733935692301' 'present']
 ['11' '27.302604466682876' 'present']
 ['18' '33.26497312060443' 'present']
 ['21' '54.0173145584784' 'present']
 ['11' '63.35197129996601' 'present']
 ['9' '66.57761890018443' 'present']
 ['20' '81.54097154693162' 'present']
 ['6' '84.23667122328551' 'present']
 ['9' '98.39535437084679' 'present']
 ['3' '99.18690143904809' 'present']
 ['18' '109.37147311235016' 'marauded']
 ['21' '141.96934404461564' 'present']
 ['3' '142.29408831833652' 'present']
 ['3' '146.92199312976513' 'present']
 ['3' '148.21662721819752' 'present']
 ['21' '150.0809020756287' 'marauded']
 ['6' '160.67199336202972' 'present']
 ['3' '162.0731605439793' 'present']
 ['8' '163.7154243509038' 'present']
 ['3' '165.9791840360846' 'marauded']
 ['0' '176.25324652146432' 'present']
 ['21' '195.68533902154664' 'present']
 ['20' '197.92339703849296' 'present']
 ['17' '201.39814899389614' 'present']
 ['18' '202.55709162996126' 'present']
 ['17' '206.24341931393926' 'present']
 ['18' '223.31490347971456' 'present']
 ['3' '229.6781110834176' 'present']
 ['8' '248.38702772834154' 'marauded']
 ['8' '249.88125270016758' 'presentdestroyed']
 ['9' '254.36950377872273' 'presentdestroyed']
 ['21' '260.59046209239267' 'marauded']
 ['7' '261.3612614915207' 'destroyed']
 ['4' '268.9577600485935' 'present']
 ['9' '279.8568686990474' 'present']
 ['1' '288.81416916929817' 'present']
 ['4' '292.4941118069889' 'present']
 ['9' '296.5495254857503' 'marauded']
 ['0' '300.25782665811863' 'presentdestroyed']
 ['7' '300.78488852080795' 'presentdestroyed']
 ['4' '302.4635565869876' 'presentdestroyed']
 ['7' '315.2052784089677' 'present']
 ['18' '331.009854267462' 'marauded']]","[['F199' '46.914583887550855' 'mated']
 ['F16' '114.04658536316856' 'destroyed']
 ['F10' '123.71432743092063' 'mated']
 ['F170' '132.76859535739985' 'mated']
 ['F210' '134.50971440332012' 'mated']
 ['F177' '177.8945223947838' 'mated']
 ['F209' '186.71028279810773' 'mated']
 ['F167' '225.0969229704768' 'mated']
 ['F105' '243.52720673240873' 'absent']
 ['F32' '272.9884199360363' 'mated']
 ['F180' '276.69465789355235' 'mated']
 ['F20' '324.886852833351' 'mated']]",564.0,65.39128012941713,13.275829582912342,1393.0,240.82222919183297,52.98654767121255,298.0,48.718353466641354,10.334030712968298,15.0,1.5000000000000002,0.15000000000000008,80.0,3.703703703703703,0.17146776406035646
15,0.0,9,360.4899087730504,"[['1' '35.82461060848154' 'present']
 ['18' '37.66524009221868' 'marauded']
 ['17' '38.12492605209545' 'presentdestroyed']
 ['10' '39.04884982710709' 'presentdestroyed']
 ['21' '41.632122526935156' 'presentdestroyed']
 ['14' '45.59274696996861' 'present']
 ['1' '46.769934764869575' 'marauded']
 ['18' '50.40886968789179' 'presentdestroyed']
 ['0' '53.90743071407197' 'presentdestroyed']
 ['0' '55.45165510149432' 'present']
 ['10' '58.59918956709358' 'present']
 ['18' '60.945419073876074' 'present']
 ['9' '63.51611125221188' 'present']
 ['8' '67.30948568233092' 'present']
 ['1' '81.53379350880427' 'present']
 ['6' '90.19876564476048' 'present']
 ['6' '110.60695182325257' 'marauded']
 ['17' '111.57868592270954' 'presentdestroyed']
 ['18' '112.32384532629231' 'presentdestroyed']
 ['9' '114.75010947500972' 'presentdestroyed']
 ['11' '123.2239498094856' 'present']
 ['3' '129.96337672578642' 'marauded']
 ['9' '133.35617150463764' 'destroyed']
 ['18' '141.62980613478726' 'present']
 ['9' '159.4902509421896' 'present']
 ['7' '174.5117183115442' 'marauded']
 ['14' '182.69962108562228' 'marauded']
 ['14' '182.97840972541837' 'presentdestroyed']
 ['7' '183.95707359446902' 'presentdestroyed']
 ['0' '198.71113821498662' 'present']
 ['0' '202.8408401893416' 'present']
 ['21' '211.41160205227285' 'present']
 ['7' '216.30583071497583' 'present']
 ['4' '221.61883519915705' 'marauded']
 ['10' '222.49540001819688' 'presentdestroyed']
 ['20' '263.78106898845687' 'present']
 ['1' '267.5436225452349' 'present']
 ['10' '269.32235774804485' 'present']
 ['14' '282.11849246834413' 'present']
 ['0' '287.45442035029134' 'present']
 ['9' '293.0163052265339' 'marauded']
 ['21' '294.27552555874905' 'presentdestroyed']
 ['7' '302.0110680166802' 'present']
 ['10' '322.8673805272454' 'present']
 ['10' '332.28841696439724' 'present']
 ['9' '333.9327824787151' 'marauded']
 ['17' '337.2218257872724' 'presentdestroyed']
 ['6' '342.62526285276647' 'marauded']
 ['11' '349.7588916767506' 'presentdestroyed']
 ['21' '355.9154359991198' 'present']]","[['F130' '13.345338628835968' 'mated']
 ['F145' '64.29230596062925' 'absent']
 ['F4' '80.54991498789583' 'mated']
 ['F93' '98.56051847864258' 'mated']
 ['F116' '123.17598859529485' 'mated']
 ['F53' '145.9643163098416' 'mated']
 ['F126' '147.27298325932736' 'absent']
 ['F109' '154.02388109548045' 'absent']
 ['F159' '163.57968382451608' 'mated']
 ['F213' '186.8325399053404' 'destroyed']
 ['F17' '191.4662940247922' 'mated']
 ['F124' '212.11156867135992' 'mated']
 ['F143' '258.2235215528014' 'mated']]",564.0,71.41657948742049,14.798094265814452,1369.0,228.05337679572168,48.27583736513741,370.0,60.77623338609889,12.60097058992606,0.0,0.0,0.0,0.0,0.0,0.0
16,0.0,6,360.274026922026,"[['6' '0.896717373458815' 'present']
 ['20' '23.891317914529516' 'marauded']
 ['11' '25.438631014487015' 'presentdestroyed']
 ['11' '26.879800262789782' 'presentdestroyed']
 ['9' '37.56561974054017' 'present']
 ['9' '37.79906153151835' 'present']
 ['3' '37.80284228045176' 'present']
 ['1' '39.198435779386166' 'present']
 ['3' '42.170732988871215' 'present']
 ['18' '48.429033616175474' 'present']
 ['3' '53.13000608272459' 'present']
 ['11' '87.51804670394274' 'present']
 ['10' '89.04186875933115' 'present']
 ['3' '101.46891968421897' 'present']
 ['0' '107.52215301027273' 'present']
 ['17' '108.92920587757385' 'present']
 ['10' '113.37376626435568' 'marauded']
 ['10' '135.0059039446398' 'present']
 ['11' '142.21339790686264' 'present']
 ['7' '143.71120111568604' 'present']
 ['10' '158.33031488759374' 'present']
 ['18' '163.88080824146812' 'present']
 ['11' '172.340280051383' 'present']
 ['0' '176.67881901368685' 'present']
 ['3' '191.15904696080725' 'marauded']
 ['11' '191.86720874626388' 'presentdestroyed']
 ['3' '193.93522089661235' 'presentdestroyed']
 ['18' '209.0180620143219' 'present']
 ['11' '213.14087135405657' 'present']
 ['17' '225.27230552854726' 'present']
 ['10' '233.08390272393' 'present']
 ['9' '257.1730646693383' 'present']
 ['6' '262.1635154727188' 'present']
 ['3' '270.72275067086827' 'present']
 ['17' '275.9813826412843' 'present']
 ['1' '293.7788773928022' 'marauded']
 ['10' '303.5866053529156' 'present']
 ['3' '304.9057389684484' 'present']
 ['21' '308.3021196628166' 'present']
 ['0' '310.67159926845534' 'present']
 ['18' '321.1284543155309' 'present']
 ['9' '334.5890567519734' 'present']
 ['20' '336.7246844705538' 'marauded']
 ['4' '340.9723260075537' 'presentdestroyed']
 ['10' '350.68447109369066' 'present']
 ['14' '351.78294257031314' 'present']
 ['17' '353.8739542754226' 'present']]","[['F110' '18.39272928028367' 'mated']
 ['F171' '81.40179883893867' 'mated']
 ['F201' '113.55513813097065' 'destroyed']
 ['F61' '118.45726870249732' 'destroyed']
 ['F27' '177.98537390839886' 'absent']
 ['F12' '199.48919143786136' 'mated']
 ['F112' '217.14753620140533' 'mated']
 ['F129' '234.8081094082379' 'mated']
 ['F90' '269.8781058795402' 'absent']
 ['F172' '282.20340446531907' 'mated']
 ['F148' '313.1376955592065' 'absent']]",561.0,73.51698463215658,15.471103306834,1502.0,255.8153857111588,55.41484164572503,177.0,30.736678789747796,6.80394027538665,0.0,0.0,0.0,0.0,0.0,0.0
17,0.054,11,360.2429996721793,"[['4' '0.023148148148148147' 'present']
 ['3' '8.789177288308247' 'present']
 ['8' '12.350633535181693' 'present']
 ['11' '27.348900762979174' 'present']
 ['0' '27.50587500561595' 'present']
 ['14' '28.762407111602684' 'marauded']
 ['20' '35.40360162854583' 'destroyed']
 ['6' '39.62403777696027' 'marauded']
 ['10' '40.56165877129641' 'presentdestroyed']
 ['21' '42.03170924781782' 'destroyed']
 ['20' '42.963697862345754' 'presentdestroyed']
 ['18' '47.731717774723045' 'present']
 ['8' '62.415172492864706' 'present']
 ['7' '64.47202545472979' 'present']
 ['7' '65.1364058195462' 'present']
 ['4' '65.8252670993517' 'present']
 ['10' '66.99228504133377' 'present']
 ['20' '70.44361574438314' 'present']
 ['7' '90.6125230086324' 'present']
 ['3' '91.41485725854635' 'present']
 ['10' '97.48230440168075' 'present']
 ['7' '99.48972936797114' 'present']
 ['11' '100.42604228337495' 'present']
 ['0' '100.45220867657906' 'present']
 ['11' '104.08214269229109' 'present']
 ['10' '107.3332304073972' 'present']
 ['10' '122.37323671214585' 'present']
 ['21' '122.51025848120757' 'marauded']
 ['20' '130.69047341587807' 'present']
 ['6' '132.62522183331063' 'present']
 ['11' '143.52275826811558' 'marauded']
 ['7' '156.37042540996794' 'present']
 ['9' '158.853967762876' 'present']
 ['20' '164.65306506287487' 'marauded']
 ['6' '169.68408625856895' 'presentdestroyed']
 ['10' '170.9541674097322' 'presentdestroyed']
 ['0' '173.24773976314063' 'marauded']
 ['14' '174.67673326925473' 'presentdestroyed']
 ['6' '182.81540332929663' 'present']
 ['10' '201.3520359848134' 'present']
 ['11' '207.39259931372283' 'present']
 ['21' '208.7137171069612' 'present']
 ['11' '212.6437824095348' 'marauded']
 ['14' '214.1030834969073' 'destroyed']
 ['10' '217.5813169146191' 'presentdestroyed']
 ['3' '222.38101010531597' 'present']
 ['9' '228.75089832101128' 'marauded']
 ['14' '234.55510985239815' 'presentdestroyed']
 ['18' '239.02590217611393' 'present']
 ['18' '244.5475191487835' 'marauded']
 ['20' '246.15510982232243' 'presentdestroyed']
 ['3' '246.9461227184644' 'destroyed']
 ['0' '248.56227978766847' 'presentdestroyed']
 ['7' '255.50121363243355' 'present']
 ['7' '256.1532007918437' 'present']
 ['10' '279.6867611259167' 'present']
 ['0' '293.0245093828577' 'present']
 ['1' '298.7192725843448' 'present']
 ['20' '300.18316232323446' 'present']
 ['14' '305.9214839047881' 'present']
 ['21' '306.1853578547324' 'marauded']
 ['11' '307.3460851609271' 'presentdestroyed']
 ['14' '320.866254963319' 'marauded']
 ['6' '325.71077993029394' 'destroyed']
 ['3' '332.3278769714065' 'present']
 ['20' '337.43495067120443' 'present']]","[['F120' '98.72554721352961' 'mated']
 ['F208' '106.37580863918251' 'mated']
 ['F99' '116.25081143169243' 'mated']
 ['F182' '116.54402870961636' 'absent']
 ['F21' '145.9270988410224' 'destroyed']
 ['F51' '164.55339650771873' 'absent']
 ['F70' '185.27768254828726' 'mated']
 ['F104' '193.6941466816798' 'mated']
 ['F203' '208.40287842382477' 'mated']
 ['F2' '218.98439295662337' 'destroyed']
 ['F135' '221.09318131116086' 'mated']
 ['F72' '231.48965087919055' 'absentdestroyed']
 ['F127' '239.50922446417525' 'mated']
 ['F117' '258.8395872380181' 'mated']
 ['F65' '259.45119175176563' 'mated']
 ['F161' '317.12883998811634' 'absent']
 ['F76' '319.09492591924766' 'mated']]",546.0,71.99458966241434,16.005028765568795,1288.0,217.5110606495986,46.36611450932628,384.0,67.01725132287402,14.54603741896617,7.0,0.7,0.07,63.0,2.916666666666666,0.13503086419753088
18,0.054,7,360.27692800195575,"[['10' '1.0687013527149263' 'marauded']
 ['9' '4.172753263697413' 'presentdestroyed']
 ['1' '20.045429520694398' 'present']
 ['17' '28.310158651280613' 'present']
 ['14' '34.26273888782208' 'present']
 ['1' '41.869158763549876' 'present']
 ['20' '51.55590096083531' 'present']
 ['4' '57.4111471970245' 'present']
 ['3' '71.02641826668479' 'present']
 ['4' '72.22425497099067' 'present']
 ['14' '77.68007689562393' 'marauded']
 ['10' '81.79024487130233' 'destroyed']
 ['1' '83.34319378777599' 'presentdestroyed']
 ['0' '88.5859873661685' 'present']
 ['0' '98.1891746720914' 'present']
 ['20' '110.41547407032915' 'present']
 ['3' '118.6119799799543' 'present']
 ['11' '126.74279200341444' 'present']
 ['6' '128.4770018572112' 'present']
 ['14' '129.2610067097401' 'present']
 ['4' '136.50285116902697' 'present']
 ['11' '139.55436865994864' 'present']
 ['11' '141.86396344929335' 'present']
 ['1' '145.20050824225368' 'present']
 ['4' '146.92410849707943' 'present']
 ['17' '154.65429857416976' 'present']
 ['17' '155.85435209880708' 'present']
 ['9' '165.49502238618507' 'present']
 ['6' '170.44640072355685' 'marauded']
 ['20' '179.81178311342063' 'present']
 ['7' '195.58075800654217' 'present']
 ['1' '196.9822072348093' 'present']
 ['6' '198.15800645770238' 'present']
 ['8' '203.40253416952177' 'present']
 ['9' '215.29943249345075' 'present']
 ['1' '215.58760553714703' 'marauded']
 ['10' '223.01492724273405' 'present']
 ['14' '226.0887463884991' 'present']
 ['8' '253.98933456312233' 'marauded']
 ['0' '255.438339559148' 'presentdestroyed']
 ['7' '259.7808402021922' 'presentdestroyed']
 ['20' '261.19462424958795' 'present']
 ['14' '268.85421004070804' 'present']
 ['21' '275.4101499456143' 'present']
 ['10' '287.556218811701' 'present']
 ['9' '291.86483794625457' 'present']
 ['17' '292.9195082275285' 'present']
 ['0' '294.6131723188542' 'present']
 ['7' '295.2126144018034' 'present']
 ['11' '303.38860995559344' 'present']
 ['4' '318.2565072975805' 'present']
 ['17' '319.80913162250357' 'present']
 ['7' '320.52761389781045' 'present']
 ['21' '321.053512531642' 'present']
 ['7' '322.09954619605156' 'present']
 ['6' '326.5674447234509' 'present']
 ['9' '333.18152823858463' 'present']
 ['10' '353.7411125872377' 'present']
 ['21' '359.30608862347526' 'present']]","[['F83' '13.465849542449881' 'mated']
 ['F207' '110.89883630865229' 'mated']
 ['F201' '113.5319899828225' 'absent']
 ['F47' '132.0713820084578' 'mated']
 ['F132' '173.35096784454993' 'destroyed']
 ['F149' '198.40801609177026' 'mated']
 ['F133' '214.83018984162788' 'mated']
 ['F214' '237.5763780489093' 'mated']
 ['F98' '273.8440471672671' 'mated']]",563.0,70.03529683945608,14.091755188331943,1535.0,253.94974049127086,53.684537187749456,169.0,30.601562150276884,6.853557059330966,16.0,1.6000000000000003,0.1600000000000001,84.0,3.888888888888888,0.18004115226337425
19,0.0,16,360.24848078163245,"[['11' '0.646830870610499' 'present']
 ['11' '5.772168518958155' 'marauded']
 ['4' '12.45536414651355' 'presentdestroyed']
 ['8' '12.595911327864949' 'presentdestroyed']
 ['14' '32.73086357331805' 'marauded']
 ['10' '38.6215026590725' 'presentdestroyed']
 ['21' '64.60194680960059' 'present']
 ['10' '66.54921814300242' 'present']
 ['8' '71.77608633260934' 'marauded']
 ['10' '75.20898924606581' 'presentdestroyed']
 ['6' '79.40060775708794' 'present']
 ['6' '84.28296751958182' 'present']
 ['0' '104.76092795071939' 'present']
 ['0' '105.48586146029221' 'present']
 ['0' '130.02862431051665' 'present']
 ['3' '156.35552455117084' 'present']
 ['4' '157.74335270331864' 'marauded']
 ['20' '166.95577105612665' 'present']
 ['1' '183.91730486725768' 'present']
 ['0' '191.6754779089979' 'present']
 ['1' '195.62264348862178' 'present']
 ['20' '200.2276410763026' 'present']
 ['14' '220.16558059699608' 'marauded']
 ['10' '221.22078005823667' 'presentdestroyed']
 ['14' '230.60801131131498' 'present']
 ['6' '234.51047731049303' 'marauded']
 ['11' '236.92845019381602' 'presentdestroyed']
 ['0' '259.1382190823238' 'present']
 ['21' '259.3138903025453' 'present']
 ['11' '261.5621709946326' 'present']
 ['20' '263.30219331129064' 'present']
 ['0' '265.0520361766779' 'present']
 ['9' '266.79547056025484' 'marauded']
 ['21' '267.18551705006877' 'presentdestroyed']
 ['0' '278.86156344343095' 'present']
 ['17' '279.4723895313736' 'present']
 ['4' '289.29138074300886' 'present']
 ['21' '291.21447755664025' 'present']
 ['3' '307.26815598757' 'present']
 ['3' '307.665901697206' 'present']
 ['3' '308.38416570266304' 'present']
 ['1' '309.67624645198646' 'present']
 ['7' '318.71826916003977' 'present']
 ['6' '323.9794745323656' 'present']
 ['4' '324.04675972354045' 'present']
 ['8' '326.02835645046594' 'present']
 ['9' '334.7811408975091' 'present']
 ['9' '334.9704220046254' 'marauded']
 ['1' '343.47322002456826' 'present']
 ['8' '348.40281842893705' 'present']
 ['9' '349.5426015063247' 'present']
 ['17' '356.91366980047655' 'present']
 ['3' '357.31262579664184' 'present']
 ['14' '357.9146403688861' 'present']]","[['F43' '18.61188141958487' 'mated']
 ['F195' '58.08197891998892' 'mated']
 ['F173' '69.16835885404967' 'mated']
 ['F73' '82.61426023856205' 'mated']
 ['F74' '118.07011783660539' 'mated']
 ['F139' '183.99513062956333' 'mated']
 ['F11' '190.46148566452777' 'mated']
 ['F181' '190.66379442648793' 'mated']
 ['F114' '203.04386947270638' 'mated']
 ['F66' '203.71485494029378' 'absent']
 ['F198' '231.69103124708923' 'mated']
 ['F107' '246.0661708951851' 'mated']
 ['F19' '261.80850639907527' 'absent']
 ['F14' '262.19781876514105' 'mated']
 ['F28' '263.1506500853763' 'mated']
 ['F1' '270.1626929803722' 'absentdestroyed']
 ['F113' '274.82913844644736' 'absent']
 ['F186' '296.2059188816572' 'mated']
 ['F40' '328.35480013635924' 'mated']
 ['F205' '358.42196850029774' 'mated']]",569.0,67.80824424736443,14.370740296005874,1402.0,243.63687527383829,53.303462190230526,279.0,48.67131672669948,10.555979290977087,0.0,0.0,0.0,0.0,0.0,0.0
20,0.054,5,359.82487621949525,"[['21' '11.211346861187787' 'marauded']
 ['18' '11.306629993640282' 'presentdestroyed']
 ['21' '30.541593889183122' 'present']
 ['3' '45.76309224400028' 'present']
 ['17' '49.806381702009716' 'present']
 ['0' '53.95372701036826' 'marauded']
 ['14' '62.349399054379994' 'marauded']
 ['21' '71.93734897748222' 'present']
 ['10' '75.520903751127' 'present']
 ['4' '94.58445279923325' 'present']
 ['9' '94.68429169827192' 'marauded']
 ['11' '97.95089529231302' 'destroyed']
 ['11' '106.59221161624315' 'present']
 ['9' '106.66756065656155' 'present']
 ['14' '130.99070083355682' 'present']
 ['7' '131.3348607268008' 'present']
 ['11' '135.18947946821874' 'present']
 ['14' '145.35806867568604' 'present']
 ['11' '149.55180492859972' 'present']
 ['4' '154.35353534998282' 'present']
 ['8' '160.9529109700071' 'present']
 ['9' '168.22407240963847' 'marauded']
 ['11' '185.99732401117697' 'marauded']
 ['18' '197.58005903048772' 'present']
 ['8' '209.18906965940215' 'present']
 ['7' '209.38576659872737' 'present']
 ['7' '231.99015577258476' 'marauded']
 ['14' '235.02249243071907' 'presentdestroyed']
 ['10' '237.6173058936524' 'presentdestroyed']
 ['6' '246.46038897153502' 'present']
 ['3' '247.96305063092277' 'marauded']
 ['6' '249.29835291673788' 'destroyed']
 ['0' '252.00007482234022' 'presentdestroyed']
 ['6' '254.85767998352492' 'destroyed']
 ['6' '264.3643314739023' 'marauded']
 ['10' '265.6005421831479' 'presentdestroyed']
 ['4' '270.2512541636942' 'presentdestroyed']
 ['4' '287.512642014739' 'present']
 ['14' '296.5673120508465' 'present']
 ['21' '300.4768040484029' 'present']
 ['14' '313.73691715865766' 'present']
 ['21' '330.5990256909364' 'present']
 ['17' '334.1196679751434' 'present']]","[['F43' '18.58873327143672' 'destroyed']
 ['F168' '138.08575233801582' 'mated']
 ['F202' '141.9732786174227' 'mated']
 ['F131' '163.3178781140485' 'mated']
 ['F140' '235.91845635540176' 'destroyed']
 ['F136' '242.77957003818432' 'mated']
 ['F3' '255.76599037648506' '']
 ['F158' '279.51632778574776' 'mated']]",566.0,69.2415321704887,13.57534207343867,1319.0,230.98978831606817,51.080311632710604,322.0,54.79458427199483,11.633560568133541,12.0,1.2,0.12000000000000005,82.0,3.7962962962962954,0.17575445816186536
21,0.054,10,360.00982791041923,"[['9' '1.4823885900591953' 'present']
 ['20' '11.020183567340725' 'present']
 ['10' '15.928635031132078' 'present']
 ['11' '29.471793892115176' 'present']
 ['14' '42.818341956825655' 'marauded']
 ['3' '55.524243321873804' 'present']
 ['20' '70.28891254334957' 'present']
 ['4' '75.98368635284895' 'present']
 ['1' '85.03708896732634' 'present']
 ['11' '85.04978877146894' 'present']
 ['11' '87.30628770401314' 'present']
 ['18' '88.10354133303734' 'present']
 ['20' '89.01917166321252' 'present']
 ['4' '96.3097587939466' 'marauded']
 ['10' '107.49236206360018' 'present']
 ['4' '110.12096908740895' 'marauded']
 ['6' '116.31968158764168' 'presentdestroyed']
 ['7' '148.97305848874117' 'present']
 ['20' '158.4470909005971' 'present']
 ['8' '166.44164509366746' 'marauded']
 ['8' '171.2573133190509' 'destroyed']
 ['3' '181.46489767897728' 'present']
 ['17' '195.84902881389058' 'present']
 ['3' '200.31860514194034' 'marauded']
 ['0' '200.51461535863967' 'presentdestroyed']
 ['20' '200.96827009409208' 'presentdestroyed']
 ['8' '210.1558366804615' 'present']
 ['1' '212.41158051452737' 'present']
 ['7' '220.64750788102242' 'present']
 ['11' '225.70662588580356' 'marauded']
 ['9' '226.94239606542888' 'presentdestroyed']
 ['11' '230.73002713805866' 'presentdestroyed']
 ['6' '234.8316091785458' 'present']
 ['6' '237.93403678120512' 'present']
 ['18' '239.74988981630412' 'marauded']
 ['8' '250.46068758136607' 'marauded']
 ['17' '255.30006027523953' 'presentdestroyed']
 ['1' '275.44927381525065' 'present']
 ['3' '275.99832965055424' 'present']
 ['18' '292.24278257284976' 'present']
 ['3' '293.3793054466029' 'present']
 ['14' '296.5210157545502' 'present']
 ['11' '297.2332333091339' 'present']
 ['18' '298.3841578603611' 'present']
 ['6' '308.12489148590174' 'present']
 ['7' '319.32138682623923' 'present']
 ['18' '322.84758589585994' 'present']
 ['8' '334.27692351237215' 'present']
 ['10' '334.94870915377754' 'marauded']
 ['18' '343.39536932533645' 'marauded']
 ['10' '345.44750950484774' 'presentdestroyed']
 ['20' '346.39784199555567' 'presentdestroyed']]","[['F100' '8.39494276024794' 'mated']
 ['F185' '69.36415599430862' 'mated']
 ['F50' '72.42275636998279' 'mated']
 ['F208' '106.35266049103436' 'absent']
 ['F207' '110.87568816050414' 'destroyed']
 ['F131' '163.29472996590036' 'absent']
 ['F51' '164.57654465586688' 'mated']
 ['F132' '173.32781969640178' 'absentdestroyed']
 ['F191' '174.28578737497023' 'mated']
 ['F59' '177.06432044902536' 'mated']
 ['F81' '189.40294605067646' 'mated']
 ['F75' '215.80894185252265' 'mated']
 ['F62' '281.20171632078745' 'mated']
 ['F55' '299.0210459059332' 'mated']]",574.0,73.60517665184472,15.528095965332286,1317.0,220.273109775733,46.43884160964939,364.0,60.95056496750506,13.060095907103296,13.0,1.3,0.13000000000000006,87.0,4.027777777777777,0.1864711934156376
22,0.0,13,359.98798707322123,"[['9' '0.3754519534758907' 'present']
 ['1' '8.859276761990511' 'present']
 ['4' '14.579955910616054' 'present']
 ['1' '18.22913967294754' 'present']
 ['11' '24.33201649864731' 'marauded']
 ['7' '30.96169300893225' 'presentdestroyed']
 ['7' '32.83120715240549' 'present']
 ['21' '36.073314894575965' 'present']
 ['6' '48.48814703530121' 'present']
 ['3' '52.07585223905851' 'present']
 ['10' '56.906149554373286' 'present']
 ['14' '59.16431075297337' 'present']
 ['7' '59.35587833958991' 'present']
 ['8' '63.14964823665604' 'present']
 ['8' '66.4563276454637' 'present']
 ['8' '67.12449679507911' 'present']
 ['6' '67.31976139041276' 'present']
 ['8' '71.72979003631303' 'present']
 ['9' '78.42991651104201' 'present']
 ['14' '87.59581490045771' 'present']
 ['10' '93.29828791310092' 'present']
 ['6' '100.62810563133544' 'present']
 ['20' '116.48169272618256' 'present']
 ['21' '121.17510866487757' 'marauded']
 ['4' '129.695600765296' 'present']
 ['11' '130.5307293641937' 'present']
 ['7' '131.2885644305045' 'present']
 ['14' '136.4867843984624' 'marauded']
 ['9' '136.5471440378304' 'destroyed']
 ['1' '140.92927249760658' 'presentdestroyed']
 ['1' '157.05337423545322' 'present']
 ['0' '162.55935533973368' 'present']
 ['7' '170.24589717550347' 'marauded']
 ['4' '173.86965456380753' 'presentdestroyed']
 ['1' '178.77374358314947' 'present']
 ['14' '178.95209060733336' 'present']
 ['0' '226.609730995739' 'present']
 ['3' '227.05246145280947' 'present']
 ['17' '239.99372035859673' 'present']
 ['4' '252.4633075983835' 'present']
 ['7' '253.668512269941' 'present']
 ['6' '254.60213110903626' 'present']
 ['0' '255.9696811178624' 'present']
 ['11' '257.43504793138726' 'present']
 ['9' '270.4177211394356' 'present']
 ['10' '270.63651197462696' 'present']
 ['14' '271.4928320791245' 'present']
 ['8' '274.7434851697861' 'present']
 ['1' '278.62714276327455' 'present']
 ['20' '282.6409573918301' 'marauded']
 ['10' '287.6025151079973' 'destroyed']
 ['18' '287.96655084753814' 'presentdestroyed']
 ['4' '291.8934845233633' 'present']
 ['11' '297.1869370128376' 'present']
 ['6' '311.78767994310107' 'marauded']
 ['9' '325.30923986697576' 'present']
 ['17' '331.6415296788863' 'marauded']
 ['17' '351.70322563942227' 'present']
 ['18' '354.3402662950913' 'present']
 ['1' '356.32918592058604' 'present']]","[['F83' '13.442701394301732' 'absent']
 ['F77' '44.23533358472272' 'mated']
 ['F175' '73.10826930835863' 'mated']
 ['F162' '83.94608127099231' 'mated']
 ['F89' '90.30420690656632' 'mated']
 ['F44' '111.77126790835392' 'mated']
 ['F16' '114.09288165946487' 'mated']
 ['F61' '118.43412055434916' 'absent']
 ['F116' '123.1528404471467' 'destroyed']
 ['F102' '125.14182474208879' 'destroyed']
 ['F155' '169.8514579403278' 'mated']
 ['F179' '176.9300200518742' 'destroyed']
 ['F204' '185.81990465741384' 'mated']
 ['F138' '216.0796294127039' 'mated']
 ['F187' '221.78148056099508' 'mated']
 ['F6' '225.99893935997986' 'mated']
 ['F190' '247.63590722901137' 'mated']
 ['F163' '279.3057027409827' 'absent']
 ['F79' '280.4268076075065' 'mated']]",575.0,70.93635562426684,14.479794233997191,1465.0,246.5612358756461,52.562853275638226,251.0,42.69872461184028,8.96527322167757,0.0,0.0,0.0,0.0,0.0,0.0
23,0.0,9,360.48542410670996,"[['18' '13.3688995544882' 'present']
 ['18' '25.60919378534388' 'marauded']
 ['20' '27.86656049767427' 'presentdestroyed']
 ['10' '77.39790775050557' 'present']
 ['21' '82.00397205937587' 'present']
 ['20' '88.45639478663877' 'present']
 ['9' '93.22471398430457' 'present']
 ['9' '94.33552187540025' 'marauded']
 ['17' '94.5312591134989' 'destroyed']
 ['10' '97.26903980917761' 'presentdestroyed']
 ['14' '106.36408753171227' 'present']
 ['8' '108.69194360675189' 'present']
 ['20' '113.20974292943237' 'marauded']
 ['8' '122.65938465156796' 'present']
 ['21' '123.08075944538083' 'present']
 ['9' '123.11403467693023' 'present']
 ['4' '126.12295475953024' 'marauded']
 ['4' '127.34106769802354' 'presentdestroyed']
 ['7' '130.12676522935783' 'presentdestroyed']
 ['1' '146.90274697504861' 'present']
 ['0' '149.00352802438712' 'present']
 ['18' '150.0003254734393' 'present']
 ['0' '154.97317327950174' 'present']
 ['17' '161.04585098031885' 'present']
 ['7' '169.94348343146387' 'present']
 ['1' '200.95493976828095' 'present']
 ['20' '205.42925908994525' 'present']
 ['14' '209.85272374110946' 'present']
 ['20' '213.51024747733618' 'present']
 ['9' '215.34572878974706' 'marauded']
 ['21' '215.37207938958446' 'destroyed']
 ['20' '218.98379620397307' 'presentdestroyed']
 ['3' '222.33471380901966' 'presentdestroyed']
 ['4' '225.2618393787571' 'marauded']
 ['21' '233.0364011966076' 'present']
 ['6' '245.2979389818865' 'present']
 ['20' '247.57937967769294' 'present']
 ['1' '252.3424235198238' 'present']
 ['7' '260.4720316237829' 'present']
 ['18' '265.833480554431' 'present']
 ['20' '271.8485923932739' 'marauded']
 ['9' '278.90623262518466' 'presentdestroyed']
 ['6' '279.0610118812773' 'presentdestroyed']
 ['6' '292.9654691237537' 'present']
 ['4' '317.15256209933665' 'present']
 ['6' '318.9349246934497' 'present']
 ['9' '334.14035766208593' 'present']
 ['8' '345.7003922180335' 'marauded']]","[['F144' '20.58261991973387' 'absent']
 ['F57' '70.26828567182132' 'mated']
 ['F68' '84.18864366434501' 'mated']
 ['F168' '138.03945604171952' 'absent']
 ['F96' '147.356964376561' 'mated']
 ['F123' '177.61581570836245' 'mated']
 ['F213' '186.85568805348856' 'mated']
 ['F0' '209.99790676045967' 'mated']
 ['F156' '215.0286433844551' 'mated']
 ['F8' '242.62027354056494' 'mated']
 ['F32' '272.9189754915918' 'destroyed']
 ['F32' '272.9652717878881' 'absentdestroyed']
 ['F56' '296.88213393223646' 'mated']]",559.0,68.34165961547859,13.544648702026093,1396.0,242.3901557759693,52.559351597515764,286.0,49.31533036080383,10.665448006127516,0.0,0.0,0.0,0.0,0.0,0.0
