id,probability_maraud,successful_mating,next_foraging_time,mar_attempts,mate_attempts,foraging_events,foraging_hrs,foraging_sqhrs,staying_events,staying_hrs,staying_sqhrs,repairing_events,repairing_hrs,repairing_sqhrs,marauding_events,marauding_hrs,marauding_sqhrs,traveling_events,traveling_hrs,traveling_sqhrs
0,0.054,6,360.3758893536236,"[['5' '0.6889618106042492' 'present']
 ['8' '3.1870866625065664' 'present']
 ['1' '6.350527241853648' 'marauded']
 ['8' '8.18240991364591' 'presentdestroyed']
 ['8' '21.111495118081734' 'present']
 ['14' '26.37717408263811' 'present']
 ['11' '34.91741179831435' 'marauded']
 ['5' '45.45502498416209' 'present']
 ['14' '56.29189685726419' 'present']
 ['15' '65.50313221183409' 'present']
 ['17' '67.72062384444651' 'present']
 ['17' '70.80234295421351' 'marauded']
 ['10' '77.19804342693482' 'destroyed']
 ['17' '77.88884192414999' 'presentdestroyed']
 ['10' '78.03247436621761' 'destroyed']
 ['16' '82.15960344632225' 'present']
 ['14' '90.51068659819772' 'present']
 ['23' '91.90757819737196' 'present']
 ['23' '103.54757718973185' 'present']
 ['6' '106.434323545934' 'present']
 ['16' '109.77620060670166' 'present']
 ['8' '119.61272043111968' 'marauded']
 ['1' '130.371113412653' 'marauded']
 ['6' '145.3795904085422' 'present']
 ['13' '157.4261380534698' 'marauded']
 ['3' '159.0214905518637' 'presentdestroyed']
 ['15' '168.21222542044296' 'present']
 ['3' '178.86627401053582' 'marauded']
 ['1' '179.60637922702696' 'presentdestroyed']
 ['14' '181.23258115330933' 'presentdestroyed']
 ['10' '195.57696743409397' 'marauded']
 ['15' '203.5697131814476' 'present']
 ['10' '206.4543460239315' 'present']
 ['23' '215.4465494995952' 'present']
 ['6' '219.58977555670813' 'marauded']
 ['10' '219.72597976897126' 'presentdestroyed']
 ['6' '229.97076240207517' 'present']
 ['17' '236.512535419133' 'marauded']
 ['14' '237.60849504188818' 'presentdestroyed']
 ['11' '242.06241821142964' 'destroyed']
 ['14' '251.40113929027547' 'present']
 ['14' '252.75558327550803' 'present']
 ['14' '279.24068474516173' 'present']
 ['5' '281.80872934831166' 'present']
 ['1' '291.4393307972382' 'present']
 ['15' '294.3185243648131' 'present']
 ['3' '297.3699269400751' 'present']
 ['1' '300.6682794053615' 'present']
 ['23' '311.4183365384563' 'marauded']
 ['6' '315.2385458866723' 'presentdestroyed']
 ['3' '318.23626662270425' 'presentdestroyed']
 ['13' '329.20312033057536' 'present']
 ['8' '347.1401417544232' 'present']
 ['16' '348.2372600825227' 'present']
 ['6' '349.2786506172935' 'marauded']]","[['F59' '71.96740511142474' 'destroyed']
 ['F188' '83.52944792744562' 'mated']
 ['F78' '93.74871212943644' 'mated']
 ['F156' '100.93222639792415' 'mated']
 ['F162' '134.71449797398873' 'destroyed']
 ['F111' '150.53449611605458' 'mated']
 ['F166' '159.05625499851277' 'destroyed']
 ['F152' '209.77785166341184' 'mated']
 ['F143' '232.22988478934178' 'mated']
 ['F105' '316.1885767555515' 'absentdestroyed']]",561.0,67.37451458209001,13.015665007739043,1254.0,214.2175412728691,46.296705187482594,430.0,73.1935974778303,15.92611452415502,15.0,1.5000000000000002,0.15000000000000008,83.0,3.8425925925925917,0.1778978052126198
1,0.054,11,360.6542295957564,"[['6' '6.302982505105571' 'present']
 ['17' '11.733907349423518' 'present']
 ['13' '13.978698318447513' 'present']
 ['23' '20.03097701508106' 'marauded']
 ['6' '27.828757493907123' 'present']
 ['6' '28.655799383082464' 'marauded']
 ['11' '39.78779001798245' 'present']
 ['10' '45.204604512164266' 'present']
 ['15' '47.70898255436539' 'present']
 ['23' '55.654548052119054' 'present']
 ['14' '57.97644431385508' 'present']
 ['3' '71.79341462648509' 'present']
 ['6' '92.02045504591642' 'present']
 ['13' '92.28744720376298' 'marauded']
 ['23' '95.34471093081017' 'presentdestroyed']
 ['14' '95.894536831151' 'destroyed']
 ['5' '102.49174578854839' 'present']
 ['23' '112.0906396148577' 'present']
 ['23' '124.71843728151744' 'present']
 ['15' '132.60648089881957' 'present']
 ['16' '140.51238509908163' 'present']
 ['8' '143.73852427911112' 'marauded']
 ['8' '152.27452993643112' 'present']
 ['17' '155.8314594550362' 'present']
 ['3' '160.67593060168656' 'present']
 ['3' '176.18975281444054' 'present']
 ['10' '180.72669625374735' 'present']
 ['15' '183.40407302734423' 'present']
 ['16' '191.27917141029653' 'present']
 ['11' '219.4514037169875' 'present']
 ['5' '229.3576174466674' 'marauded']
 ['15' '239.44486320558656' 'present']
 ['10' '256.25281882920973' 'marauded']
 ['10' '308.5557097733938' 'present']
 ['17' '308.90152048816367' 'present']
 ['23' '312.3971678180572' 'present']
 ['6' '318.17942606905945' 'present']
 ['23' '336.00562933403705' 'marauded']
 ['16' '336.8636550558075' 'presentdestroyed']
 ['5' '344.10954209171734' 'marauded']
 ['17' '347.46722564259164' 'destroyed']
 ['16' '348.283556378819' 'destroyed']
 ['11' '353.36893112104514' 'present']]","[['F18' '67.20685638763861' 'absent']
 ['F16' '95.88476986695768' 'absentdestroyed']
 ['F2' '105.41026716350035' 'mated']
 ['F126' '127.81927103413855' 'mated']
 ['F173' '151.68970102412408' 'mated']
 ['F159' '167.97028871296214' 'absent']
 ['F108' '181.05413975666482' 'mated']
 ['F189' '186.56825245668074' 'mated']
 ['F86' '205.5592552607728' 'mated']
 ['F99' '208.68285127815818' 'mated']
 ['F30' '212.6603305318408' 'mated']
 ['F199' '234.39936233244566' 'destroyed']
 ['F84' '237.81795650690566' 'absent']
 ['F140' '276.9903381932203' 'mated']
 ['F180' '282.49620737254304' 'mated']
 ['F142' '292.11177836633266' 'mated']]",567.0,71.3307997020782,15.165122407181295,1396.0,234.93383701642986,49.84736278644515,301.0,49.08595428093167,10.099064826318342,10.0,0.9999999999999999,0.10000000000000003,80.0,3.703703703703703,0.17146776406035646
2,0.0,7,360.31368328962446,"[['16' '8.124768026308223' 'marauded']
 ['17' '16.69171352976787' 'present']
 ['8' '18.830279751539315' 'present']
 ['17' '32.116163126813106' 'present']
 ['1' '39.92225225488108' 'present']
 ['23' '43.17870459475592' 'present']
 ['11' '52.45766999836644' 'present']
 ['1' '62.53081533667337' 'present']
 ['10' '66.38299580387938' 'marauded']
 ['5' '70.64760728139231' 'presentdestroyed']
 ['0' '79.56050000247615' 'present']
 ['23' '82.77804978988395' 'present']
 ['5' '88.23798659623228' 'present']
 ['10' '95.35434431648642' 'present']
 ['16' '97.13454222462634' 'present']
 ['17' '104.59699858724034' 'present']
 ['17' '108.16558940848743' 'present']
 ['0' '111.26154962827847' 'present']
 ['15' '113.58353307315117' 'marauded']
 ['1' '114.25859697891055' 'destroyed']
 ['15' '118.84716315654731' 'presentdestroyed']
 ['6' '124.7236361489953' 'present']
 ['23' '126.5368252398325' 'marauded']
 ['8' '126.95379064800278' 'presentdestroyed']
 ['13' '140.86744138647472' 'marauded']
 ['5' '140.94390455791338' 'presentdestroyed']
 ['6' '158.11751342244818' 'present']
 ['17' '162.22965479978734' 'marauded']
 ['14' '162.26580357991554' 'destroyed']
 ['13' '181.76682621880235' 'marauded']
 ['6' '199.24552016292162' 'present']
 ['0' '205.12138347572113' 'present']
 ['17' '213.16872074943188' 'present']
 ['11' '221.79579313358678' 'present']
 ['3' '231.15589051482462' 'present']
 ['5' '234.3173319269011' 'present']
 ['3' '239.80448950380108' 'present']
 ['8' '240.61620546167575' 'present']
 ['23' '243.9033382925855' 'present']
 ['0' '253.6479579850658' 'marauded']
 ['17' '272.9481991406645' 'present']
 ['0' '274.6471348335786' 'present']
 ['15' '281.9266467656193' 'present']
 ['6' '282.14235744137005' 'marauded']
 ['1' '282.82908680768855' 'presentdestroyed']
 ['0' '284.5155755549706' 'destroyed']
 ['13' '290.3854782190016' 'present']
 ['17' '291.02476293417664' 'present']
 ['15' '292.77969252891364' 'marauded']
 ['3' '302.67842771763816' 'present']
 ['6' '306.0457611989896' 'present']
 ['17' '310.20200898254626' 'marauded']
 ['8' '317.42697413150063' 'present']
 ['0' '320.4959924109367' 'present']
 ['11' '327.9204194005642' 'present']
 ['0' '327.9261897455543' 'present']
 ['14' '330.89169447705655' 'marauded']
 ['17' '339.5366988204596' 'marauded']
 ['3' '346.14210646912727' 'destroyed']
 ['16' '353.7258956378228' 'present']]","[['F18' '67.27630083208307' 'destroyed']
 ['F23' '100.52609278313606' 'mated']
 ['F190' '135.3087324307397' 'mated']
 ['F193' '149.49354841287635' 'mated']
 ['F39' '150.69050185427972' 'absent']
 ['F123' '166.1238055824249' 'destroyed']
 ['F159' '167.9008442685177' 'destroyed']
 ['F168' '190.14210037948618' 'mated']
 ['F68' '256.10731765650274' 'destroyed']
 ['F150' '271.6603958035097' 'absent']
 ['F112' '272.8533580344012' 'mated']
 ['F43' '330.07910499974156' 'mated']
 ['F191' '352.8611627067933' 'mated']]",542.0,68.55983053931321,14.27640408694522,1274.0,212.19436710918006,45.1557285093675,449.0,79.32930846012094,17.438886623026757,0.0,0.0,0.0,0.0,0.0,0.0
3,0.054,13,360.5210407289356,"[['1' '10.087728782345442' 'present']
 ['15' '12.26380679026309' 'marauded']
 ['17' '17.087189495929838' 'presentdestroyed']
 ['6' '23.280954262458067' 'present']
 ['17' '31.18803459279632' 'present']
 ['10' '50.103012901640305' 'present']
 ['15' '53.172735469556415' 'present']
 ['23' '58.82850392954424' 'marauded']
 ['1' '59.669120238605146' 'presentdestroyed']
 ['16' '62.37773455493988' 'presentdestroyed']
 ['13' '66.59585373620631' 'present']
 ['13' '66.64215003250261' 'present']
 ['16' '74.09388537045369' 'present']
 ['8' '74.37417716378057' 'present']
 ['5' '82.3345269506126' 'marauded']
 ['11' '83.15416235228497' 'presentdestroyed']
 ['6' '99.59583784644434' 'present']
 ['8' '100.23531337123976' 'marauded']
 ['15' '101.95498116995076' 'presentdestroyed']
 ['1' '113.50831392955789' 'present']
 ['0' '119.47792468048547' 'marauded']
 ['14' '137.62918505616736' 'present']
 ['17' '146.51937821676924' 'present']
 ['15' '156.81339140641387' 'present']
 ['1' '162.3726919410862' 'present']
 ['15' '166.6438340474791' 'present']
 ['8' '167.77234049475166' 'marauded']
 ['14' '170.14382901417954' 'destroyed']
 ['8' '170.4410934333501' 'presentdestroyed']
 ['11' '181.46047090439748' 'present']
 ['8' '183.63958954581315' 'marauded']
 ['13' '185.96632335735652' 'presentdestroyed']
 ['17' '186.08399226036292' 'presentdestroyed']
 ['0' '195.15516839448526' 'marauded']
 ['16' '203.27131899089477' 'present']
 ['14' '207.602294448563' 'present']
 ['15' '236.2460477523216' 'present']
 ['23' '243.9496345888818' 'marauded']
 ['17' '259.6642319693421' 'present']
 ['1' '263.66625588994896' 'present']
 ['8' '265.71001171030963' 'present']
 ['17' '282.1324155218792' 'present']
 ['6' '282.2886537376664' 'present']
 ['10' '282.33775181606035' 'marauded']
 ['8' '294.61279848653754' 'present']
 ['13' '315.56007934714813' 'present']
 ['17' '335.9931583322166' 'present']
 ['5' '337.37058988623323' 'present']
 ['17' '348.2826428567292' 'marauded']
 ['8' '350.9348446765471' 'destroyed']
 ['16' '352.54006296699606' 'presentdestroyed']
 ['10' '357.78299068577337' 'present']]","[['F181' '41.20252846888771' 'mated']
 ['F146' '41.997088846254385' 'absent']
 ['F134' '52.22114544972086' 'mated']
 ['F121' '95.80730392031589' 'mated']
 ['F55' '125.91450200697463' 'destroyed']
 ['F215' '147.29339640047792' 'mated']
 ['F166' '159.07940314666092' 'mated']
 ['F77' '193.46058878330052' 'mated']
 ['F131' '207.15182459481105' 'mated']
 ['F205' '207.33678996874173' 'mated']
 ['F200' '207.96637378092967' 'mated']
 ['F202' '217.33640998534332' 'mated']
 ['F115' '238.43046851137458' 'mated']
 ['F29' '243.22687897357983' 'absent']
 ['F175' '250.95930505114683' 'destroyed']
 ['F56' '255.33673787374408' 'mated']
 ['F44' '262.6091368591355' 'mated']]",558.0,66.83490055718232,13.545213920761988,1240.0,221.84182418761313,49.5133697625104,392.0,67.45493297050258,14.694512258439854,10.0,0.9999999999999999,0.10000000000000003,62.0,2.87037037037037,0.13288751714677643
4,0.0,11,360.0001540393755,"[['5' '24.014846220650803' 'present']
 ['6' '24.10087551159325' 'present']
 ['0' '26.658103400792324' 'present']
 ['10' '35.34378788997256' 'present']
 ['17' '45.78197623756095' 'present']
 ['3' '47.683837541647215' 'present']
 ['8' '54.74208600458057' 'present']
 ['1' '60.888764145751296' 'present']
 ['13' '70.78424850412225' 'present']
 ['5' '71.61698203861384' 'present']
 ['0' '80.36294459692982' 'present']
 ['1' '81.46447634156472' 'present']
 ['11' '92.73219946989062' 'present']
 ['13' '107.39520966342887' 'marauded']
 ['17' '112.4458819365443' 'presentdestroyed']
 ['6' '116.84580421848901' 'present']
 ['0' '128.46462355819395' 'present']
 ['13' '128.84547493882772' 'present']
 ['14' '132.5186772281718' 'present']
 ['16' '140.46608880278532' 'present']
 ['10' '151.78226937213432' 'marauded']
 ['1' '154.60682198874343' 'presentdestroyed']
 ['23' '163.21217421038602' 'present']
 ['10' '174.66444514882252' 'present']
 ['11' '179.6722219427566' 'marauded']
 ['5' '181.89334893031275' 'presentdestroyed']
 ['15' '185.26935194307205' 'presentdestroyed']
 ['17' '218.65669503904476' 'present']
 ['13' '220.05267429416674' 'present']
 ['10' '225.88255347536003' 'present']
 ['15' '227.33432680629312' 'present']
 ['15' '231.51170863923377' 'marauded']
 ['3' '240.3184718530711' 'marauded']
 ['3' '243.86128337886652' 'presentdestroyed']
 ['15' '244.89451912259918' 'presentdestroyed']
 ['16' '252.37924154715796' 'present']
 ['0' '276.58373845241925' 'marauded']
 ['13' '282.0326863834865' 'presentdestroyed']
 ['13' '286.0898286765041' 'present']
 ['11' '295.237421128355' 'present']
 ['15' '298.5137923674219' 'marauded']
 ['1' '301.8498812364481' 'presentdestroyed']
 ['15' '309.6753633522117' 'present']
 ['5' '311.1848376577142' 'present']
 ['15' '314.9919739336232' 'present']
 ['15' '329.3787650550636' 'present']
 ['23' '329.78795179960565' 'present']
 ['14' '343.8189268568468' 'present']
 ['14' '346.7924755246162' 'present']
 ['13' '355.14547665258965' 'marauded']]","[['F49' '25.376027802623824' 'mated']
 ['F41' '36.124773217162094' 'mated']
 ['F211' '60.94469684983603' 'mated']
 ['F206' '66.50025818305951' 'absent']
 ['F18' '67.29944898023122' 'mated']
 ['F76' '101.1302545339749' 'mated']
 ['F24' '109.22670892366617' 'destroyed']
 ['F132' '115.42596091916893' 'mated']
 ['F186' '140.33928994982108' 'mated']
 ['F166' '159.03310685036462' '']
 ['F159' '167.92399241666584' 'absent']
 ['F117' '200.1050487976001' 'mated']
 ['F73' '220.4705466141537' 'mated']
 ['F195' '263.69971968103687' 'mated']
 ['F83' '279.78596262067884' 'destroyed']
 ['F171' '316.03757668997105' 'mated']]",562.0,68.17515468919673,13.816971032072072,1454.0,245.33844030553507,51.795582523933895,274.0,46.498819161808875,9.947402004536569,0.0,0.0,0.0,0.0,0.0,0.0
5,0.054,11,360.2010839314328,"[['13' '2.577848693579077' 'marauded']
 ['3' '7.476045190866864' 'presentdestroyed']
 ['6' '12.234379027023186' 'marauded']
 ['17' '26.708589128608597' 'present']
 ['17' '31.425182309572065' 'present']
 ['6' '33.65714914020783' 'present']
 ['13' '34.08043998139778' 'present']
 ['13' '37.89260608465302' 'present']
 ['6' '46.877050037641105' 'present']
 ['16' '50.19216246568314' 'marauded']
 ['3' '55.65056563308524' 'destroyed']
 ['0' '68.73901075578348' 'present']
 ['8' '72.87955466838297' 'marauded']
 ['23' '73.79691279510081' 'presentdestroyed']
 ['17' '75.89180021298587' 'destroyed']
 ['6' '85.21087928448213' 'present']
 ['3' '132.7201852916319' 'present']
 ['23' '141.97659319071798' 'marauded']
 ['8' '151.403844475723' 'present']
 ['10' '155.55748589601956' 'present']
 ['6' '158.1638097187445' 'present']
 ['0' '168.29302891101352' 'present']
 ['10' '172.4457353410679' 'present']
 ['13' '175.91400359104264' 'present']
 ['23' '180.66290724135547' 'present']
 ['0' '186.2421679331985' 'present']
 ['11' '192.41872036407972' 'marauded']
 ['14' '221.6209716699311' 'present']
 ['15' '235.10804701206854' 'marauded']
 ['8' '235.62575561364892' 'presentdestroyed']
 ['23' '235.6785539074153' 'presentdestroyed']
 ['1' '249.76248272908617' 'marauded']
 ['13' '255.47023298671854' 'destroyed']
 ['10' '263.37498722544444' 'present']
 ['13' '264.29121182423563' 'present']
 ['0' '267.1563287426959' 'marauded']
 ['10' '272.15713368040906' 'presentdestroyed']
 ['10' '295.3095431557069' 'present']
 ['15' '304.1470954386847' 'present']
 ['14' '323.6964600982872' 'present']
 ['6' '324.90517140896526' 'marauded']
 ['1' '326.5173974617019' 'presentdestroyed']
 ['14' '341.1314340404327' 'present']
 ['14' '344.43005517603535' 'present']
 ['16' '356.096625468629' 'present']
 ['8' '356.53952395717283' 'present']]","[['F138' '36.30460491969992' 'mated']
 ['F215' '147.27024825232976' 'destroyed']
 ['F125' '154.06069017145626' 'absent']
 ['F58' '172.99590247888432' 'mated']
 ['F13' '174.64445371808188' 'mated']
 ['F104' '184.42485065227234' 'mated']
 ['F174' '186.31177374760188' 'mated']
 ['F77' '193.43744063515237' 'destroyed']
 ['F38' '196.3398957653596' 'destroyed']
 ['F101' '200.13529723990246' 'mated']
 ['F27' '215.06904433412734' 'mated']
 ['F160' '241.339174578262' 'destroyed']
 ['F36' '243.7797026636485' 'mated']
 ['F4' '251.1503194993254' 'destroyed']
 ['F100' '253.35437032212604' 'destroyed']
 ['F37' '255.92860378038313' 'destroyed']
 ['F75' '264.27324394382856' 'mated']
 ['F1' '290.2639923571737' 'mated']
 ['F209' '302.15081359293515' 'mated']]",564.0,67.60031352894555,13.37455197231908,1362.0,226.09161942367126,48.168338460433596,360.0,61.24643796891679,13.127157952327348,14.0,1.4000000000000001,0.14000000000000007,82.0,3.7962962962962954,0.17575445816186536
6,0.054,7,360.18670240384864,"[['23' '13.213319002193902' 'present']
 ['0' '16.354411403487152' 'present']
 ['11' '22.91830582692504' 'present']
 ['5' '37.713298649436034' 'present']
 ['13' '38.69463179747816' 'present']
 ['14' '52.626365335647215' 'marauded']
 ['13' '54.294135924860804' 'presentdestroyed']
 ['16' '61.69464378303895' 'present']
 ['8' '63.50493249927102' 'marauded']
 ['10' '78.94797379534711' 'present']
 ['1' '81.51077263786102' 'present']
 ['8' '106.50189251380976' 'present']
 ['23' '108.97814700021993' 'present']
 ['5' '119.83052297834924' 'present']
 ['5' '120.38131413227715' 'present']
 ['11' '134.7950178538084' 'present']
 ['15' '142.73791663059603' 'present']
 ['5' '159.13809028925235' 'present']
 ['15' '160.01771629977438' 'present']
 ['8' '166.29009921892515' 'present']
 ['23' '173.90697136421753' 'present']
 ['8' '174.6651681110979' 'present']
 ['17' '175.4917231369797' 'present']
 ['1' '177.12895916170388' 'present']
 ['16' '190.769626649548' 'present']
 ['5' '218.1401232963129' 'present']
 ['17' '218.61039874274846' 'present']
 ['1' '224.66877852938765' 'present']
 ['10' '228.29114379629755' 'present']
 ['17' '233.5843319223101' 'present']
 ['8' '248.34670163651373' 'present']
 ['8' '249.65472624906957' 'present']
 ['0' '253.00778440546836' 'present']
 ['16' '264.50478321259385' 'present']
 ['1' '269.50728941235764' 'present']
 ['14' '316.6299955626945' 'present']
 ['0' '328.5842136153072' 'present']
 ['8' '336.8991098125576' 'present']
 ['3' '342.5588114544949' 'present']
 ['15' '348.75632732917813' 'present']
 ['5' '353.44768035982037' 'present']
 ['16' '355.2843865735351' 'present']]","[['F146' '42.043385142550676' 'mated']
 ['F11' '68.40208089548356' 'absentdestroyed']
 ['F8' '111.3589787786033' 'mated']
 ['F39' '150.71365000242787' 'mated']
 ['F159' '167.947140564814' 'absent']
 ['F92' '182.33781838757895' 'mated']
 ['F148' '188.7422749101215' 'mated']
 ['F96' '225.72122635409' 'absent']
 ['F143' '232.18358849304548' 'absent']
 ['F119' '232.69750309564296' 'absent']
 ['F106' '235.0735152787674' 'mated']
 ['F118' '297.8556543493373' 'mated']]",573.0,70.19625779588513,14.502398199053513,1601.0,271.20137308304965,58.069368754871206,73.0,12.26933464461754,2.6479669843078995,20.0,2.0000000000000004,0.20000000000000012,94.0,4.351851851851854,0.2014746227709187
7,0.0,10,360.3064690055145,"[['15' '4.5277382571028335' 'marauded']
 ['16' '10.134648292420112' 'presentdestroyed']
 ['14' '11.45713744720849' 'presentdestroyed']
 ['16' '12.337994808051967' 'present']
 ['11' '18.235445289706693' 'present']
 ['16' '34.20243880891352' 'present']
 ['15' '36.708335213725576' 'present']
 ['6' '43.118680674078945' 'present']
 ['0' '51.42925762194465' 'present']
 ['16' '64.08602745219004' 'present']
 ['10' '64.59410368857844' 'present']
 ['3' '70.03417701035015' 'present']
 ['15' '82.6403763488323' 'present']
 ['13' '87.16554208684178' 'present']
 ['3' '92.166945407357' 'present']
 ['10' '114.84396178995962' 'present']
 ['15' '134.292802896477' 'present']
 ['10' '146.9495289479375' 'present']
 ['16' '156.77622867846438' 'present']
 ['5' '165.46754288103244' 'present']
 ['15' '177.40952512274418' 'present']
 ['14' '189.0141140039809' 'present']
 ['1' '199.6029405902371' 'present']
 ['0' '213.99131341753775' 'present']
 ['6' '223.6805359490348' 'present']
 ['17' '256.0727203261749' 'present']
 ['0' '270.870235513946' 'present']
 ['17' '276.9646101650156' 'present']
 ['11' '280.18482692295214' 'marauded']
 ['8' '281.68962417983914' 'destroyed']
 ['6' '282.4232965987071' 'presentdestroyed']
 ['6' '284.20575468467996' 'presentdestroyed']
 ['3' '295.1372267932594' 'present']
 ['6' '300.1850805848179' 'marauded']
 ['11' '303.80270004057496' 'presentdestroyed']
 ['23' '305.6676321728752' 'presentdestroyed']
 ['16' '324.6399848955245' 'present']
 ['0' '343.5388567228456' 'present']]","[['F40' '45.97837311190926' 'mated']
 ['F155' '57.464662391240786' 'mated']
 ['F206' '66.47711003491136' 'absent']
 ['F206' '66.52340633120767' 'absent']
 ['F18' '67.23000453578676' 'absent']
 ['F90' '81.05747542066491' 'absent']
 ['F82' '81.95058284642006' 'mated']
 ['F22' '119.05329018964636' 'mated']
 ['F98' '128.02741269298156' 'mated']
 ['F137' '134.3983356671838' 'mated']
 ['F51' '169.6156886737' 'mated']
 ['F21' '200.6352776202894' 'mated']
 ['F160' '241.40861902270646' 'mated']
 ['F95' '255.48378023386746' 'mated']]",572.0,70.60805014161228,14.570413462362605,1597.0,271.14431644975093,57.76672976055198,103.0,18.33382750932868,4.060883232594674,0.0,0.0,0.0,0.0,0.0,0.0
8,0.054,5,360.24391245213116,"[['1' '7.572548328866671' 'present']
 ['16' '14.254265364569015' 'present']
 ['15' '22.705422756530886' 'marauded']
 ['23' '33.99290861881052' 'present']
 ['3' '40.64758525621636' 'marauded']
 ['15' '70.57241637525678' 'present']
 ['23' '96.99458467878246' 'present']
 ['13' '106.22702751544067' 'present']
 ['5' '109.38290854983693' 'present']
 ['14' '117.0948705084538' 'present']
 ['16' '119.7525529639358' 'marauded']
 ['17' '142.9991740328744' 'present']
 ['0' '147.24018273332487' 'present']
 ['1' '154.27466665925598' 'present']
 ['3' '156.27816274046143' 'marauded']
 ['16' '158.9613779629547' 'presentdestroyed']
 ['14' '159.552012714481' 'presentdestroyed']
 ['13' '160.19988733725293' 'presentdestroyed']
 ['13' '201.02953696664343' 'present']
 ['16' '201.4799026339343' 'present']
 ['6' '212.13733896359244' 'present']
 ['23' '214.6468339671246' 'marauded']
 ['11' '216.5560879468926' 'presentdestroyed']
 ['16' '216.82720469382187' 'destroyed']
 ['0' '244.72799707368526' 'present']
 ['0' '245.03868469184866' 'present']
 ['10' '260.6781311697679' 'present']
 ['17' '268.17251723811216' 'present']
 ['0' '269.3807520238384' 'present']
 ['16' '277.4665902411871' 'present']
 ['6' '283.96338698310325' 'present']
 ['5' '287.0265506674181' 'present']
 ['17' '287.36984323207923' 'present']
 ['3' '295.8340066584011' 'present']
 ['6' '297.04790791204846' 'present']
 ['6' '303.2852449202438' 'present']
 ['23' '328.54114125007084' 'present']
 ['1' '330.37593509875535' 'present']
 ['3' '331.71419355465366' 'present']
 ['0' '346.79509887406573' 'present']
 ['15' '355.8441162507385' 'present']]","[['F49' '25.329731506327526' 'destroyed']
 ['F146' '42.02023699440253' 'destroyed']
 ['F24' '109.24985707181432' 'absent']
 ['F126' '127.77297473784225' 'absent']
 ['F174' '186.26547745130557' 'absent']
 ['F165' '187.44083546837948' 'mated']
 ['F167' '214.52875840982927' 'mated']
 ['F204' '231.38336294295624' 'mated']
 ['F175' '250.98245319929498' 'mated']
 ['F183' '274.6932529879146' 'absent']
 ['F32' '292.3716859565936' 'mated']]",568.0,73.06669110246168,15.344988314481478,1453.0,250.57480648556592,54.31029710223033,181.0,30.399390139378273,6.306527669958823,16.0,1.6000000000000003,0.1600000000000001,95.0,4.398148148148151,0.20361796982167316
9,0.0,9,360.20663472106105,"[['0' '6.250566513543016' 'present']
 ['1' '7.362140435231164' 'present']
 ['3' '19.427140435373893' 'present']
 ['10' '26.2524056376887' 'present']
 ['23' '28.369907039933338' 'present']
 ['3' '40.40951302947263' 'present']
 ['0' '63.31231875375879' 'present']
 ['3' '70.08047330664645' 'present']
 ['17' '98.59178368375034' 'present']
 ['15' '100.90155168794884' 'marauded']
 ['6' '107.89949410097675' 'destroyed']
 ['8' '110.48662444776406' 'present']
 ['17' '114.14895335137541' 'present']
 ['8' '115.91593166216799' 'present']
 ['10' '120.03342908025566' 'present']
 ['10' '128.13436043872971' 'present']
 ['1' '136.56688371674662' 'present']
 ['1' '154.32156723387783' 'marauded']
 ['14' '157.88897466883972' 'destroyed']
 ['11' '167.62457475875595' 'present']
 ['0' '177.3325308099865' 'present']
 ['11' '179.5259256464603' 'marauded']
 ['17' '186.03769596406661' 'presentdestroyed']
 ['10' '213.6670116730766' 'present']
 ['11' '225.96158090200677' 'marauded']
 ['5' '231.66699822359695' 'presentdestroyed']
 ['6' '231.6911667701696' 'presentdestroyed']
 ['13' '235.99621324639165' 'present']
 ['13' '239.9284845902587' 'marauded']
 ['15' '241.08815163588537' 'presentdestroyed']
 ['17' '244.26405120059235' 'destroyed']
 ['23' '263.50650878783944' 'marauded']
 ['8' '265.6637154140133' 'destroyed']
 ['15' '271.4305658442178' 'present']
 ['10' '271.7114310332137' 'present']
 ['1' '274.94421596973484' 'present']
 ['0' '275.1794039163115' 'present']
 ['5' '275.45543437453466' 'present']
 ['16' '280.32165477306154' 'present']
 ['13' '287.39661879087106' 'present']
 ['3' '293.311658354095' 'present']
 ['17' '308.50480495548163' 'present']
 ['3' '314.363110130039' 'marauded']
 ['10' '326.7537333166936' 'present']
 ['8' '340.8125843823157' 'marauded']
 ['15' '351.75475680550414' 'present']]","[['F161' '11.099807592672242' 'mated']
 ['F65' '37.3925897410088' 'mated']
 ['F146' '41.97394069810624' 'absent']
 ['F59' '71.99055325957289' 'mated']
 ['F67' '87.60416438355632' 'mated']
 ['F74' '106.81218420809127' 'absentdestroyed']
 ['F55' '125.93765015512278' 'mated']
 ['F172' '149.3302662669245' 'mated']
 ['F174' '186.28862559945372' 'destroyed']
 ['F33' '196.80818422208176' 'mated']
 ['F42' '206.14275940810813' 'mated']
 ['F187' '206.34273787340214' 'mated']
 ['F204' '231.3602147948081' 'destroyed']
 ['F160' '241.36232272641016' 'destroyed']
 ['F29' '243.18058267728352' 'destroyed']
 ['F15' '254.48540419208143' 'absent']
 ['F5' '264.4670614044275' 'absentdestroyed']
 ['F52' '317.9115566404228' 'destroyed']]",566.0,73.03885224258491,15.430589503305391,1406.0,238.48688251355256,51.09371453735009,277.0,48.6959995312375,10.736604879358968,0.0,0.0,0.0,0.0,0.0,0.0
10,0.054,7,360.28129299933875,"[['8' '17.809541266477567' 'present']
 ['6' '21.127283088578015' 'present']
 ['11' '21.473988090820882' 'present']
 ['15' '22.064272449219253' 'present']
 ['6' '24.054579215296954' 'present']
 ['3' '43.22275127880034' 'present']
 ['16' '56.3016131019445' 'present']
 ['14' '58.022740610151374' 'present']
 ['14' '61.60089775825736' 'present']
 ['17' '65.76243066324544' 'present']
 ['8' '93.3258047076711' 'present']
 ['8' '109.89333535595023' 'present']
 ['3' '110.73743984697968' 'present']
 ['14' '117.92840125437242' 'present']
 ['3' '118.85233097036965' 'present']
 ['6' '124.67733985269899' 'present']
 ['23' '129.22965631026094' 'present']
 ['0' '139.01560782341085' 'marauded']
 ['11' '147.91950715773078' 'present']
 ['5' '159.7942219114732' 'present']
 ['15' '185.84946597054272' 'present']
 ['14' '186.08500723913218' 'marauded']
 ['11' '190.29517543764297' 'destroyed']
 ['1' '206.16106318761564' 'present']
 ['8' '207.44202229437892' 'present']
 ['15' '223.8957016822469' 'present']
 ['14' '231.7368720635879' 'present']
 ['5' '232.9841481555292' 'present']
 ['1' '240.80996570758745' 'present']
 ['16' '245.78443664487008' 'present']
 ['5' '246.21032177152549' 'present']
 ['0' '246.8795027210525' 'present']
 ['5' '258.4267459249549' 'present']
 ['6' '273.2627700603663' 'marauded']
 ['0' '273.59853547180535' 'presentdestroyed']
 ['13' '280.68271986046153' 'present']
 ['3' '294.3732426311252' 'present']
 ['3' '310.36859317988666' 'marauded']
 ['23' '340.48719801432134' 'marauded']
 ['8' '345.677968225931' 'presentdestroyed']
 ['6' '359.00579871427277' 'marauded']]","[['F157' '32.256157623064475' 'mated']
 ['F35' '146.7697667830103' 'mated']
 ['F177' '162.6044898534845' 'mated']
 ['F136' '170.32031368526464' 'mated']
 ['F203' '174.73586089153622' 'mated']
 ['F37' '255.97490007667943' 'mated']
 ['F44' '262.5628405628392' 'absent']
 ['F207' '286.7420818683739' 'mated']
 ['F107' '310.97590618006313' 'absentdestroyed']]",568.0,72.21460433694779,15.356384497458944,1489.0,252.0529273186411,53.87166305580866,180.0,30.934562250442728,6.3600944171787255,13.0,1.3,0.13000000000000006,77.0,3.564814814814814,0.16503772290809313
11,0.054,4,360.35823355806247,"[['14' '8.945385743361603' 'present']
 ['14' '12.25555486237586' 'present']
 ['8' '17.440939244711988' 'present']
 ['6' '18.54812170998143' 'present']
 ['6' '25.976811776383077' 'present']
 ['17' '32.53721452013736' 'present']
 ['5' '35.71632466573618' 'present']
 ['8' '36.125806910253594' 'present']
 ['3' '40.04426750489652' 'marauded']
 ['14' '43.976958853339376' 'destroyed']
 ['6' '48.484556863341645' 'present']
 ['8' '60.953485555846136' 'marauded']
 ['6' '61.37784156126846' 'presentdestroyed']
 ['0' '66.34174865849285' 'presentdestroyed']
 ['5' '80.9656801156149' 'present']
 ['5' '84.61312694603194' 'marauded']
 ['17' '85.84293741859275' 'presentdestroyed']
 ['23' '86.54211447733407' 'presentdestroyed']
 ['15' '86.59583169913759' 'presentdestroyed']
 ['14' '88.46442332099456' 'presentdestroyed']
 ['13' '102.97523876752373' 'present']
 ['23' '103.06225985692546' 'present']
 ['0' '107.84135285948915' 'present']
 ['14' '108.732280200725' 'marauded']
 ['23' '126.165475307341' 'present']
 ['10' '128.64728702796597' 'present']
 ['15' '129.92092650617144' 'present']
 ['17' '139.47760203967394' 'present']
 ['5' '159.18438658554865' 'marauded']
 ['14' '166.54890604179104' 'presentdestroyed']
 ['23' '174.4380297724275' 'present']
 ['6' '182.03467717506888' 'present']
 ['17' '201.07127118387726' 'present']
 ['10' '201.7385098292855' 'marauded']
 ['0' '215.24612487017865' 'present']
 ['17' '222.64685972649178' 'present']
 ['10' '224.45744449824178' 'present']
 ['1' '229.15410922124482' 'marauded']
 ['10' '232.75531971910152' 'presentdestroyed']
 ['23' '244.36012686991688' 'present']
 ['5' '245.08919901894137' 'present']
 ['8' '256.03842498452184' 'marauded']
 ['3' '262.219082205629' 'presentdestroyed']
 ['0' '272.9057035873563' 'marauded']
 ['17' '277.0109064613119' 'presentdestroyed']
 ['10' '289.97672021151703' 'present']
 ['0' '302.56270972638634' 'present']
 ['15' '309.00467433658366' 'present']
 ['15' '331.80347592094967' 'present']
 ['0' '335.97667288479465' 'present']
 ['10' '337.10779821084276' 'present']
 ['16' '359.4920561847211' 'marauded']]","[['F161' '11.076659444524093' 'absent']
 ['F181' '41.17938032073956' 'destroyed']
 ['F18' '67.25315268393491' 'destroyed']
 ['F60' '90.82731970018902' 'destroyed']
 ['F10' '122.0992740383792' 'mated']
 ['F47' '194.74595705374185' 'mated']
 ['F196' '217.5869651776361' 'mated']
 ['F71' '248.5553203594942' 'mated']
 ['F37' '255.90545563223498' 'absent']]",547.0,75.04535354707731,16.680529627894206,1328.0,225.40586649381225,48.793903514343484,324.0,55.325780567388016,12.091781715673314,15.0,1.5000000000000002,0.15000000000000008,63.0,2.916666666666666,0.13503086419753088
12,0.0,5,360.2386768322972,"[['23' '0.901445473719531' 'present']
 ['15' '10.442838485531153' 'present']
 ['5' '28.37805724206144' 'present']
 ['16' '44.90712760120131' 'present']
 ['5' '58.719808466057614' 'present']
 ['15' '75.39555275602169' 'present']
 ['15' '75.60865550393406' 'marauded']
 ['3' '75.82837040345689' 'presentdestroyed']
 ['17' '82.86719285125093' 'presentdestroyed']
 ['8' '87.63053488291494' 'present']
 ['10' '88.12522839372087' 'present']
 ['23' '89.58113397156217' 'present']
 ['0' '105.38510817634553' 'marauded']
 ['11' '108.62075514333777' 'presentdestroyed']
 ['17' '114.1026570550791' 'present']
 ['5' '125.26681096533304' 'present']
 ['13' '128.10698282203694' 'present']
 ['17' '129.77126806142024' 'present']
 ['0' '142.59352853423584' 'present']
 ['10' '150.3455806556406' 'present']
 ['3' '151.50879657680542' 'present']
 ['14' '159.893948442778' 'present']
 ['0' '169.88734326647844' 'present']
 ['17' '171.79106771026204' 'present']
 ['10' '183.74694461904647' 'marauded']
 ['13' '192.78770940125014' 'present']
 ['16' '198.63003762630956' 'marauded']
 ['16' '200.5219040530454' 'presentdestroyed']
 ['10' '211.61079644989832' 'present']
 ['15' '222.69844557265745' 'present']
 ['3' '226.3179693206361' 'present']
 ['1' '238.2141347004483' 'present']
 ['6' '241.3313468706853' 'present']
 ['16' '254.78106786488593' 'marauded']
 ['5' '257.9714947503201' 'presentdestroyed']
 ['5' '258.4730422212512' 'destroyed']
 ['16' '264.9764394850188' 'present']
 ['17' '272.17779139903286' 'present']
 ['15' '273.03879054201946' 'present']
 ['23' '275.20825368427836' 'present']
 ['17' '280.7372236639792' 'marauded']
 ['17' '310.0861300910972' 'present']
 ['5' '313.8125922099339' 'present']
 ['16' '337.7789764904627' 'present']
 ['17' '341.1107433321177' 'present']
 ['0' '342.7414802762372' 'present']
 ['14' '344.38375887973905' 'present']
 ['5' '345.67465578071057' 'present']
 ['6' '347.9995366321239' 'present']
 ['13' '350.5417469216967' 'present']
 ['0' '357.0235292595669' 'present']]","[['F157' '32.209861326768184' 'absent']
 ['F206' '66.56970262750397' 'mated']
 ['F94' '81.3459547940043' 'destroyed']
 ['F16' '95.90791801510584' 'mated']
 ['F74' '106.83533235623942' 'absentdestroyed']
 ['F179' '114.82632273883299' 'mated']
 ['F55' '125.89135385882648' 'absent']
 ['F126' '127.7961228859904' 'absent']
 ['F81' '140.4451254894413' 'absent']
 ['F116' '197.75288955437938' 'mated']
 ['F86' '205.53610711262465' 'destroyed']
 ['F93' '236.62298890623953' 'mated']
 ['F195' '263.6765715328887' 'absent']
 ['F180' '282.4730592243949' 'destroyed']
 ['F72' '285.10767407741366' 'destroyed']]",561.0,68.50580628050032,13.262982038477835,1488.0,254.929127361711,55.00631453749735,218.0,36.81340265253498,8.04184679074298,0.0,0.0,0.0,0.0,0.0,0.0
13,0.054,8,360.06024600588165,"[['8' '14.107502267873883' 'present']
 ['10' '18.068610565877243' 'present']
 ['11' '20.86356471644723' 'marauded']
 ['10' '22.640599606046116' 'presentdestroyed']
 ['11' '23.105292051534498' 'presentdestroyed']
 ['1' '56.9628010124973' 'present']
 ['16' '72.2845559341037' 'present']
 ['17' '73.43035515940733' 'marauded']
 ['23' '76.44981628413261' 'presentdestroyed']
 ['17' '85.1991802887379' 'present']
 ['23' '93.77654574129109' 'marauded']
 ['10' '104.86393150484622' 'present']
 ['16' '107.13428795880162' 'present']
 ['8' '126.86512413252635' 'present']
 ['3' '128.85355321956632' 'marauded']
 ['8' '135.2474417470193' 'presentdestroyed']
 ['1' '136.61318001304292' 'present']
 ['16' '143.48257167056528' 'present']
 ['10' '148.35982505806825' 'marauded']
 ['5' '158.5441501850256' 'present']
 ['14' '161.57714018936585' 'present']
 ['17' '161.7394992915501' 'present']
 ['6' '163.82155729331856' 'present']
 ['5' '165.72536261433848' 'marauded']
 ['17' '169.90795349832553' 'presentdestroyed']
 ['1' '170.92823345955728' 'presentdestroyed']
 ['1' '176.42300197900025' 'present']
 ['10' '178.9039831330769' 'present']
 ['23' '180.61661094505916' 'present']
 ['5' '181.93964522660906' 'present']
 ['8' '186.83632289574226' 'present']
 ['11' '188.13050931265525' 'present']
 ['5' '223.60295185878462' 'marauded']
 ['6' '226.68234343281597' 'presentdestroyed']
 ['10' '240.3125247265512' 'present']
 ['8' '262.69955399556324' 'present']
 ['11' '270.7880169200166' 'marauded']
 ['5' '284.00605849918304' 'present']
 ['23' '292.0940834920863' 'present']
 ['16' '297.05985263590577' 'present']
 ['8' '298.0510322598571' 'present']
 ['1' '299.7863588440694' 'marauded']
 ['6' '301.22730088614765' 'destroyed']
 ['1' '303.2742739004086' 'presentdestroyed']
 ['8' '305.0445481818087' 'destroyed']
 ['10' '319.0603717040142' 'marauded']
 ['3' '324.82362311062315' 'destroyed']
 ['10' '327.08882482686425' 'present']
 ['10' '327.13512112316056' 'present']
 ['1' '328.4984072108458' 'present']
 ['5' '340.5268928873434' 'marauded']]","[['F157' '32.23300947491633' 'absent']
 ['F48' '63.37211727401811' 'mated']
 ['F64' '87.2814337107971' 'mated']
 ['F190' '135.28558428259154' 'destroyed']
 ['F62' '223.04240160594748' 'mated']
 ['F163' '237.66629530531196' 'mated']
 ['F210' '252.93317360411834' 'mated']
 ['F100' '253.3775184702742' 'mated']
 ['F95' '255.4606320857193' 'absent']
 ['F129' '284.033344404331' 'mated']
 ['F72' '285.1308222255618' 'absent']
 ['F6' '334.726834282274' 'mated']]",560.0,68.20178346134436,13.974228643111037,1298.0,219.83615059533943,47.48920339300621,384.0,67.25134886903288,14.740352954034668,13.0,1.3,0.13000000000000006,76.0,3.5185185185185177,0.16289437585733868
14,0.054,7,360.3920498150239,"[['11' '1.4555014268373985' 'present']
 ['13' '5.765014705090945' 'present']
 ['11' '14.29257821264173' 'present']
 ['17' '19.620192766201008' 'present']
 ['6' '27.782461197610825' 'present']
 ['5' '28.42435353835774' 'marauded']
 ['17' '32.58351081643365' 'destroyed']
 ['3' '33.68285004224312' 'destroyed']
 ['17' '45.10979166347326' 'present']
 ['0' '50.44949507410408' 'present']
 ['1' '55.91324994610277' 'present']
 ['1' '56.537626574336244' 'present']
 ['15' '61.66393936120616' 'present']
 ['8' '64.11254140013814' 'marauded']
 ['15' '64.39262822079861' 'presentdestroyed']
 ['6' '73.21456088169741' 'present']
 ['15' '77.65327949824683' 'marauded']
 ['23' '81.5518523217657' 'presentdestroyed']
 ['13' '88.61815693083685' 'present']
 ['11' '98.07401759246211' 'present']
 ['8' '104.62027621394307' 'present']
 ['13' '115.33154841995287' 'present']
 ['5' '120.42761042857346' 'present']
 ['13' '121.34748703923711' 'marauded']
 ['10' '122.35264972450665' 'presentdestroyed']
 ['13' '124.90431533887526' 'presentdestroyed']
 ['17' '132.41886573604333' 'present']
 ['16' '142.49661636256826' 'marauded']
 ['16' '146.25797340197693' 'presentdestroyed']
 ['23' '147.38509347799857' 'destroyed']
 ['0' '172.0659761023444' 'marauded']
 ['23' '175.91154508728462' 'presentdestroyed']
 ['13' '178.10405549004147' 'presentdestroyed']
 ['0' '187.27911525454334' 'present']
 ['5' '208.8255440754441' 'marauded']
 ['15' '213.10853099266464' 'presentdestroyed']
 ['16' '215.58613483816433' 'presentdestroyed']
 ['11' '217.50613671367387' 'present']
 ['10' '228.33744009259385' 'present']
 ['0' '228.3551210391255' 'present']
 ['15' '232.25480908862284' 'present']
 ['6' '232.67958935437545' 'present']
 ['15' '234.29118800670727' 'present']
 ['6' '236.23299537622785' 'present']
 ['23' '238.2661240081019' 'marauded']
 ['16' '238.82112796427387' 'presentdestroyed']
 ['3' '254.92972490871122' 'marauded']
 ['8' '257.3014820052482' 'presentdestroyed']
 ['6' '264.45998094613543' 'present']
 ['6' '267.7347959728941' 'marauded']
 ['15' '269.28088330591544' 'presentdestroyed']
 ['11' '282.16561628327355' 'present']
 ['6' '291.4290224459208' 'present']
 ['1' '301.8035849401518' 'present']
 ['17' '304.4952596851691' 'marauded']
 ['1' '323.48823644691646' 'present']
 ['17' '335.69490918616845' 'present']
 ['10' '337.15409450713906' 'present']
 ['17' '345.77662500187336' 'present']
 ['5' '349.8924202705224' 'marauded']
 ['17' '350.2704739535781' 'presentdestroyed']]","[['F110' '62.14210715121333' 'mated']
 ['F48' '63.348969125869964' 'absent']
 ['F17' '129.2777047579935' 'mated']
 ['F184' '134.71534925014885' 'mated']
 ['F151' '162.0767745785017' 'mated']
 ['F103' '165.51303150123186' 'mated']
 ['F89' '197.2218496457824' 'mated']
 ['F34' '231.98594067104352' 'mated']
 ['F112' '272.83020988625304' 'destroyed']
 ['F191' '352.83801455864517' 'destroyed']]",562.0,71.83729008321974,15.291070992119584,1251.0,210.15330323531091,44.70182901075349,443.0,73.45271636873112,15.436101702889937,12.0,1.2,0.12000000000000005,74.0,3.425925925925925,0.1586076817558298
15,0.054,15,359.8545688076009,"[['1' '0.5124992073115162' 'present']
 ['11' '9.24011059575795' 'present']
 ['1' '28.127977521698842' 'present']
 ['10' '29.056769223057863' 'present']
 ['8' '51.88633049525708' 'present']
 ['13' '69.87120385953871' 'present']
 ['17' '71.08908688792462' 'present']
 ['16' '83.82239166910945' 'present']
 ['8' '88.07210909632737' 'marauded']
 ['14' '102.39776050459464' 'present']
 ['17' '106.23743361388173' 'present']
 ['14' '108.50913570765296' 'present']
 ['16' '124.25179039822694' 'present']
 ['17' '127.70470601395824' 'present']
 ['14' '132.56497352446812' 'present']
 ['13' '137.2704230521243' 'present']
 ['6' '139.96407972468026' 'present']
 ['8' '141.96119887724805' 'present']
 ['10' '147.7176721780539' 'present']
 ['10' '160.08304315087517' 'present']
 ['13' '175.4346697480881' 'present']
 ['8' '183.87420922937534' 'present']
 ['0' '188.19773470111215' 'marauded']
 ['23' '214.123875968709' 'marauded']
 ['1' '222.03225999360845' 'present']
 ['1' '225.09233758851624' 'present']
 ['17' '237.04720762555218' 'present']
 ['13' '247.97861124009523' 'present']
 ['13' '257.55672046176835' 'marauded']
 ['0' '258.5016395641854' 'presentdestroyed']
 ['10' '268.1066183793425' 'present']
 ['17' '268.12622094181586' 'present']
 ['8' '273.2582245667332' 'marauded']
 ['17' '279.55605579209424' 'presentdestroyed']
 ['23' '279.64316012650426' 'destroyed']
 ['1' '294.57950900040095' 'present']
 ['11' '323.4521544878377' 'present']
 ['8' '337.88396222138726' 'present']
 ['3' '343.44259187282285' 'present']
 ['8' '347.0938454581269' 'present']
 ['5' '355.3771218702662' 'present']
 ['8' '359.5135784902066' 'present']]","[['F49' '25.306583358179378' 'absent']
 ['F178' '58.47644454874552' 'mated']
 ['F11' '68.42522904363172' 'mated']
 ['F90' '81.08062356881307' 'mated']
 ['F74' '106.85848050438757' 'mated']
 ['F87' '134.59577149328302' 'mated']
 ['F125' '154.0838383196044' 'mated']
 ['F122' '154.40951118580048' 'mated']
 ['F31' '169.65659491607838' 'mated']
 ['F124' '211.22873328590134' 'mated']
 ['F73' '220.44739846600555' 'destroyed']
 ['F185' '228.5336911416025' 'mated']
 ['F154' '230.38932358891265' 'mated']
 ['F84' '237.8411046550538' 'mated']
 ['F160' '241.3854708745583' 'absent']
 ['F127' '244.44822448880743' 'mated']
 ['F37' '255.88230748408682' 'absent']
 ['F68' '256.1304658046509' 'mated']
 ['F158' '306.668335784437' 'mated']]",563.0,69.13185232227595,13.748597752725454,1544.0,253.97520830055737,53.549038589418416,176.0,30.649134066262643,6.672936830508625,20.0,2.0000000000000004,0.20000000000000012,92.0,4.25925925925926,0.19718792866940982
16,0.054,10,360.3476703516794,"[['14' '2.3640272232343538' 'present']
 ['8' '38.77235859127833' 'present']
 ['23' '51.616561316044006' 'present']
 ['10' '64.44780739228214' 'marauded']
 ['14' '76.46028130233469' 'present']
 ['6' '79.66113174361396' 'present']
 ['8' '88.9271574405884' 'marauded']
 ['8' '89.81806115869922' 'presentdestroyed']
 ['15' '110.49004293864584' 'marauded']
 ['13' '110.7176089149034' 'presentdestroyed']
 ['14' '139.8281214780883' 'present']
 ['17' '147.39662705406533' 'present']
 ['10' '147.56739355312212' 'present']
 ['8' '151.9087039581427' 'present']
 ['15' '154.34629109334907' 'present']
 ['5' '159.09179399295604' 'present']
 ['14' '167.9776960146721' 'present']
 ['10' '168.31720153255554' 'present']
 ['8' '168.43340113000008' 'present']
 ['1' '172.19867147709195' 'present']
 ['13' '173.41246895975766' 'marauded']
 ['13' '180.77050346198655' 'present']
 ['15' '182.419599834974' 'marauded']
 ['17' '226.23190142643048' 'present']
 ['5' '234.8353180299918' 'present']
 ['17' '246.79192064681942' 'present']
 ['15' '247.44588512979223' 'present']
 ['11' '251.82753179802083' 'present']
 ['13' '255.2548647296842' 'marauded']
 ['0' '257.6817450441645' 'presentdestroyed']
 ['13' '267.99397890011153' 'present']
 ['6' '268.1109795938721' 'marauded']
 ['14' '276.72462423971206' 'present']
 ['8' '277.9001150035824' 'present']
 ['23' '278.87425859628695' 'present']
 ['10' '281.3901504853262' 'marauded']
 ['13' '282.7098860941663' 'destroyed']
 ['0' '287.83492999576185' 'destroyed']
 ['5' '292.80287522439994' 'present']
 ['17' '297.9161960530999' 'present']
 ['1' '307.7016152838196' 'marauded']
 ['0' '309.1224601079143' 'presentdestroyed']
 ['5' '309.2296341210574' 'presentdestroyed']
 ['3' '313.3898269706878' 'presentdestroyed']
 ['0' '318.94314676708325' 'present']
 ['3' '319.0015116120367' 'present']
 ['15' '330.14853707441256' 'present']
 ['3' '337.59433412706704' 'present']
 ['17' '338.0194684348794' 'present']
 ['17' '347.7858374118026' 'present']]","[['F60' '90.80417155204087' 'destroyed']
 ['F182' '95.1123902844973' 'absentdestroyed']
 ['F194' '99.81546965222465' 'mated']
 ['F109' '102.4612035886048' 'absent']
 ['F25' '119.35237240983815' 'mated']
 ['F198' '147.9315941745171' 'mated']
 ['F147' '147.93474374312459' 'mated']
 ['F45' '161.07691122473847' 'mated']
 ['F197' '167.52419921733218' 'mated']
 ['F148' '188.71912676197334' 'absentdestroyed']
 ['F54' '196.3509683842266' 'mated']
 ['F9' '231.99911396739193' 'mated']
 ['F29' '243.20373082543168' 'absent']
 ['F44' '262.58598871098735' '']
 ['F150' '271.63724765536153' 'destroyed']
 ['F102' '323.4013327126057' 'mated']
 ['F26' '337.6535822368167' 'mated']]",570.0,69.69880484506837,14.057161416162577,1356.0,230.76381615262133,49.26474138896305,328.0,54.70853051584376,11.735593294740653,10.0,0.9999999999999999,0.10000000000000003,84.0,3.888888888888888,0.18004115226337425
17,0.054,12,360.1174874194451,"[['8' '2.8952541670834924' 'present']
 ['13' '5.718718408794649' 'present']
 ['16' '16.027447983982064' 'present']
 ['0' '33.064413924475076' 'present']
 ['16' '45.00738427806106' 'present']
 ['10' '45.35816127054977' 'present']
 ['14' '45.78481588647084' 'marauded']
 ['15' '55.89529128236658' 'marauded']
 ['0' '88.82106174957796' 'marauded']
 ['8' '98.98975255735067' 'present']
 ['0' '101.14602345537362' 'present']
 ['13' '111.56686482001271' 'present']
 ['10' '118.60078627760542' 'present']
 ['3' '119.30435952487962' 'present']
 ['5' '121.52160128804627' 'present']
 ['10' '124.51111441869911' 'present']
 ['6' '127.09610890717467' 'present']
 ['3' '130.05960918024522' 'present']
 ['8' '172.28225510510848' 'present']
 ['13' '187.82517316336205' 'present']
 ['6' '201.68131324874193' 'marauded']
 ['1' '206.11476689131933' 'presentdestroyed']
 ['13' '241.60558502854505' 'present']
 ['23' '251.51807829215846' 'present']
 ['1' '271.4903386342158' 'present']
 ['6' '272.38898355973583' 'present']
 ['14' '281.3825007629616' 'present']
 ['8' '284.9271625838745' 'present']
 ['11' '289.5680854779058' 'present']
 ['15' '295.823175348801' 'present']
 ['8' '298.3557024035741' 'present']
 ['11' '310.8621406652724' 'present']
 ['6' '317.84198388421254' 'present']
 ['11' '318.71513251189816' 'present']
 ['14' '326.6706611588304' 'marauded']
 ['0' '329.4862188967893' 'presentdestroyed']
 ['0' '336.1602306273037' 'present']
 ['8' '352.0773757110022' 'present']
 ['6' '352.4159243900396' 'marauded']]","[['F70' '21.00362959823155' 'mated']
 ['F211' '60.89840055353974' 'destroyed']
 ['F206' '66.54655447935582' 'absent']
 ['F176' '71.54540197736365' 'mated']
 ['F85' '74.20370024944795' 'mated']
 ['F88' '78.18169036266066' 'mated']
 ['F94' '81.32280664585615' 'absent']
 ['F214' '88.23976948560828' 'mated']
 ['F169' '107.65353306333395' 'mated']
 ['F162' '134.73764612213688' 'mated']
 ['F81' '140.46827363758945' 'mated']
 ['F97' '155.4534294291816' 'mated']
 ['F80' '196.98645558232388' 'mated']
 ['F36' '243.75655451550034' 'absent']
 ['F130' '308.55293972892605' 'mated']
 ['F52' '317.93470478857097' 'mated']]",562.0,69.6968304365868,14.264789557450081,1468.0,247.45381856124033,53.02492983703221,221.0,36.62497477757027,7.850148167275721,12.0,1.2,0.12000000000000005,109.0,5.046296296296305,0.2336248285322354
18,0.0,13,360.28752045279685,"[['11' '1.8653971560644542' 'marauded']
 ['16' '2.79400985578044' 'presentdestroyed']
 ['13' '4.361883274880277' 'presentdestroyed']
 ['0' '6.360515714342417' 'presentdestroyed']
 ['5' '9.919177032636455' 'present']
 ['8' '14.99754049218076' 'present']
 ['0' '23.805053576620104' 'marauded']
 ['3' '26.999665704261734' 'destroyed']
 ['8' '32.43461158000707' 'present']
 ['16' '42.14533984453261' 'present']
 ['6' '48.84960683532145' 'present']
 ['10' '71.87934551782998' 'present']
 ['17' '74.0297637867016' 'present']
 ['15' '78.34763708976337' 'marauded']
 ['1' '78.7214848930144' 'presentdestroyed']
 ['3' '81.57776006104304' 'presentdestroyed']
 ['0' '82.91358911907855' 'presentdestroyed']
 ['5' '88.43162290661472' 'marauded']
 ['1' '105.6657604508368' 'marauded']
 ['11' '107.14603350531647' 'presentdestroyed']
 ['6' '107.48282232067953' 'presentdestroyed']
 ['3' '109.8162212678614' 'presentdestroyed']
 ['23' '110.95363615246801' 'presentdestroyed']
 ['0' '111.51991066406457' 'presentdestroyed']
 ['6' '113.85436019818681' 'marauded']
 ['14' '130.13702711583213' 'present']
 ['16' '142.45032006627196' 'present']
 ['23' '150.478081952012' 'marauded']
 ['1' '161.55625897702586' 'present']
 ['15' '164.48702095792098' 'present']
 ['3' '178.0504389555274' 'present']
 ['13' '179.60173458583282' 'present']
 ['5' '180.27072668363917' 'present']
 ['23' '185.77996708203983' 'marauded']
 ['16' '193.52122067036197' 'present']
 ['8' '200.82292076048208' 'present']
 ['5' '202.35354846228415' 'present']
 ['16' '210.72559818673867' 'marauded']
 ['1' '228.74322460834992' 'present']
 ['17' '230.8800478801213' 'present']
 ['17' '246.05195680828376' 'present']
 ['13' '259.8017176373628' 'marauded']
 ['0' '259.817014623004' 'destroyed']
 ['6' '283.4789793189616' 'marauded']
 ['8' '285.3091531395923' 'destroyed']
 ['6' '288.32833391038736' 'destroyed']
 ['15' '289.66598757541584' 'presentdestroyed']
 ['23' '292.2857465264468' 'marauded']
 ['15' '295.8694716450973' 'destroyed']
 ['16' '305.28971776066345' 'present']
 ['15' '307.1528727363861' 'present']
 ['11' '314.6403928488436' 'marauded']
 ['16' '317.3979807731018' 'presentdestroyed']
 ['15' '343.96539914236683' 'present']
 ['16' '345.0919433090436' 'present']
 ['16' '356.94038422051983' 'marauded']]","[['F79' '68.66057265972988' 'mated']
 ['F141' '71.33493534099058' 'mated']
 ['F60' '90.85046784833717' 'destroyed']
 ['F182' '95.13553843264545' 'destroyed']
 ['F7' '122.89105039378194' 'mated']
 ['F69' '136.45923382927649' 'mated']
 ['F19' '140.2856941370199' 'mated']
 ['F159' '167.9934368611103' 'mated']
 ['F139' '180.7587412388139' 'mated']
 ['F38' '196.36304391350777' 'mated']
 ['F50' '232.87729525053334' 'mated']
 ['F149' '240.87697586715694' 'mated']
 ['F3' '242.24853689961364' 'mated']
 ['F66' '269.8066284290527' 'mated']
 ['F107' '310.9990543282113' 'mated']]",571.0,71.17516695920897,15.156103004969331,1193.0,206.61180925199147,44.54506473890058,475.0,82.21842861248268,17.81495976580617,0.0,0.0,0.0,0.0,0.0,0.0
19,0.0,13,360.2334389648223,"[['10' '6.088734734677623' 'present']
 ['6' '9.535516774890022' 'present']
 ['6' '17.99299408231697' 'present']
 ['17' '30.89335418205863' 'marauded']
 ['13' '36.507348215371834' 'destroyed']
 ['13' '40.25202594001769' 'present']
 ['13' '41.84800756547976' 'present']
 ['5' '57.44524130397067' 'present']
 ['23' '57.98878411063778' 'present']
 ['10' '76.49450475166856' 'present']
 ['0' '79.97586450490789' 'marauded']
 ['17' '80.92971526378288' 'presentdestroyed']
 ['17' '86.06753171026475' 'presentdestroyed']
 ['5' '102.2081433735833' 'present']
 ['14' '115.05376175339454' 'present']
 ['13' '115.96905292708713' 'present']
 ['1' '117.60136361594452' 'present']
 ['13' '140.65262870084877' 'present']
 ['3' '143.5812989429876' 'present']
 ['13' '146.3486759582007' 'present']
 ['5' '154.07017062341484' 'present']
 ['15' '155.67530182221014' 'present']
 ['6' '165.47864985292603' 'present']
 ['14' '167.03277169124476' 'present']
 ['11' '178.80572503166297' 'marauded']
 ['23' '190.51111512849613' 'present']
 ['14' '190.5253034684893' 'present']
 ['0' '191.16622666720542' 'present']
 ['11' '196.40974328249123' 'present']
 ['10' '197.5486477673977' 'present']
 ['14' '203.09606718191142' 'present']
 ['15' '230.53848160388938' 'marauded']
 ['13' '236.63964878107748' 'destroyed']
 ['8' '239.920990883614' 'present']
 ['16' '241.91284046266813' 'present']
 ['14' '262.09711049857447' 'marauded']
 ['1' '263.71255218624526' 'presentdestroyed']
 ['13' '270.6717755940329' 'present']
 ['5' '286.16823129511783' 'present']
 ['11' '287.2462053440705' 'marauded']
 ['3' '296.993144221593' 'present']
 ['17' '299.2329117744852' 'present']
 ['23' '309.85455864043735' 'present']
 ['0' '319.6404911505436' 'present']
 ['16' '322.42522473385765' 'present']
 ['16' '336.6130923920236' 'present']
 ['16' '342.25909323934076' 'present']]","[['F212' '28.581351346402496' 'mated']
 ['F178' '58.453296400597374' 'absent']
 ['F182' '95.1586865807936' 'mated']
 ['F109' '102.48435173675296' 'mated']
 ['F53' '129.5521890673569' 'mated']
 ['F114' '132.3973711005939' 'mated']
 ['F46' '142.2422075530197' 'mated']
 ['F135' '161.31499691586131' 'mated']
 ['F123' '166.14695373057305' 'mated']
 ['F144' '205.73710453524734' 'mated']
 ['F91' '222.44684322484503' 'mated']
 ['F120' '260.3084444567441' 'mated']
 ['F28' '278.7981336024585' 'mated']
 ['F83' '279.809110768827' 'mated']]",570.0,72.47308826112936,15.374011131160671,1479.0,250.88024640862244,53.916538741733625,226.0,36.68457793833901,7.759628610777471,0.0,0.0,0.0,0.0,0.0,0.0
20,0.0,9,359.99543280170235,"[['6' '3.6660294720877746' 'present']
 ['14' '6.153049444076293' 'present']
 ['1' '11.596226916596343' 'present']
 ['23' '16.378647265219143' 'present']
 ['23' '24.68292412886725' 'present']
 ['13' '50.232032737785914' 'present']
 ['3' '75.0243813738619' 'present']
 ['17' '77.55948993278092' 'present']
 ['17' '78.93647345468901' 'present']
 ['5' '84.1297420666356' 'present']
 ['1' '86.60638585658413' 'present']
 ['3' '92.0304779203446' 'present']
 ['8' '93.86551423885689' 'present']
 ['5' '99.84864779866984' 'marauded']
 ['17' '108.92749210088046' 'present']
 ['14' '112.24388404523562' 'present']
 ['14' '121.32913998462654' 'marauded']
 ['11' '126.52408486629714' 'presentdestroyed']
 ['5' '136.4892633798833' 'present']
 ['6' '151.79502009386258' 'marauded']
 ['17' '155.12754629887792' 'destroyed']
 ['16' '164.4147246913184' 'present']
 ['8' '167.13776217561605' 'present']
 ['0' '175.02585381466542' 'present']
 ['0' '176.38040688851407' 'marauded']
 ['1' '183.61249575659232' 'present']
 ['16' '197.81200234297205' 'marauded']
 ['0' '205.07508717942483' 'presentdestroyed']
 ['8' '210.07050400863898' 'present']
 ['1' '220.23448811258112' 'marauded']
 ['23' '250.94721567583065' 'present']
 ['6' '250.95882423498256' 'present']
 ['0' '254.25749946794616' 'present']
 ['17' '267.097469394219' 'marauded']
 ['6' '275.6131053974568' 'marauded']
 ['23' '298.59401442233093' 'present']
 ['15' '305.5386528639371' 'present']
 ['8' '315.8384600956019' 'present']
 ['17' '319.32757291912526' 'present']
 ['16' '321.2430087723276' 'present']
 ['15' '353.8053519859536' 'present']
 ['16' '355.23809027723877' 'present']]","[['F61' '68.13896293262158' 'mated']
 ['F94' '81.36910294215245' 'mated']
 ['F24' '109.27300521996247' 'mated']
 ['F170' '112.21274460241584' 'mated']
 ['F135' '161.29184876771316' 'absent']
 ['F57' '184.83348406979974' 'mated']
 ['F27' '215.0458961859792' 'absent']
 ['F29' '243.25002712172798' 'mated']
 ['F213' '258.88718691121437' 'mated']
 ['F5' '264.49020955257566' 'mated']
 ['F0' '288.03294488074323' 'mated']]",577.0,68.56467718290455,13.410632537024053,1454.0,242.50065252846173,51.24042709871338,284.0,48.958966087283436,10.486099780344059,0.0,0.0,0.0,0.0,0.0,0.0
21,0.0,11,360.45101130820217,"[['8' '1.5119802719237587' 'present']
 ['14' '8.799089447065306' 'marauded']
 ['1' '10.004753661168971' 'presentdestroyed']
 ['5' '12.216055382887529' 'destroyed']
 ['1' '15.094638104504456' 'presentdestroyed']
 ['6' '37.278178761179234' 'present']
 ['14' '39.06320761133887' 'marauded']
 ['14' '46.16032980002629' 'presentdestroyed']
 ['0' '47.681278938563494' 'marauded']
 ['0' '48.91703451551227' 'presentdestroyed']
 ['23' '70.59615376525832' 'marauded']
 ['11' '93.00244352517697' 'present']
 ['6' '93.36920552326326' 'present']
 ['11' '106.74748732687941' 'marauded']
 ['6' '107.24443338901412' 'presentdestroyed']
 ['10' '115.14096133162975' 'present']
 ['13' '119.22132294570362' 'present']
 ['11' '119.7486761064308' 'marauded']
 ['23' '128.84396006288713' 'present']
 ['1' '134.50198983772455' 'present']
 ['6' '146.16068574515347' 'present']
 ['11' '156.38884951426428' 'present']
 ['10' '162.79298317221145' 'marauded']
 ['17' '164.37475728690086' 'presentdestroyed']
 ['5' '174.75888102422257' 'present']
 ['16' '182.43917478505864' 'present']
 ['17' '188.34299578351732' 'marauded']
 ['16' '191.20127903534905' 'presentdestroyed']
 ['14' '194.17060967303553' 'presentdestroyed']
 ['11' '197.36388704392942' 'present']
 ['1' '201.38082505265' 'present']
 ['16' '227.1221306280427' 'present']
 ['17' '231.60708587521452' 'present']
 ['11' '247.71710497033058' 'present']
 ['5' '249.7842255066388' 'present']
 ['8' '258.0491997272526' 'present']
 ['17' '258.34046846093685' 'present']
 ['8' '267.3195200885129' 'present']
 ['10' '268.25540345373275' 'present']
 ['10' '290.02301650781334' 'marauded']
 ['13' '295.12560604338137' 'presentdestroyed']
 ['14' '297.24160351691063' 'destroyed']
 ['17' '307.0129389659863' 'present']
 ['17' '308.4585086591853' 'present']
 ['14' '311.7383707915298' 'present']
 ['23' '315.60611912728695' 'present']
 ['16' '318.56502208477997' 'present']
 ['1' '322.2042381333741' 'present']
 ['23' '337.6108226366493' 'present']
 ['23' '346.99222121696454' 'present']
 ['15' '352.0933340438922' 'present']
 ['11' '355.33063936677485' 'marauded']
 ['15' '356.7731255601897' 'destroyed']]","[['F164' '26.406954901437327' 'mated']
 ['F145' '64.25984006081627' 'mated']
 ['F60' '90.87361599648533' 'mated']
 ['F152' '209.75470351526369' 'absent']
 ['F14' '211.7670606429599' 'mated']
 ['F96' '225.74437450223814' 'mated']
 ['F119' '232.7206512437911' 'mated']
 ['F199' '234.42251048059381' 'mated']
 ['F15' '254.50855234022958' 'mated']
 ['F63' '254.9068837991577' 'mated']
 ['F150' '271.68354395165784' 'mated']
 ['F105' '316.21172490369963' 'mated']]",557.0,69.79683674225657,14.477035664917933,1371.0,231.52665246379752,49.119576279735725,334.0,58.74426323829453,12.84112040490581,0.0,0.0,0.0,0.0,0.0,0.0
22,0.0,5,360.45404742137123,"[['15' '0.2545888706202057' 'present']
 ['5' '2.3678945511183813' 'present']
 ['8' '10.001919375514548' 'marauded']
 ['13' '13.932402022151216' 'presentdestroyed']
 ['17' '33.22667029193254' 'present']
 ['8' '36.60454453313396' 'present']
 ['1' '38.66368393091305' 'present']
 ['1' '45.78611012572845' 'marauded']
 ['14' '46.993724501306914' 'presentdestroyed']
 ['8' '49.828736087334796' 'presentdestroyed']
 ['23' '50.662539444842885' 'presentdestroyed']
 ['11' '51.389480586609984' 'presentdestroyed']
 ['15' '53.764361136113756' 'present']
 ['5' '62.70236104426857' 'present']
 ['14' '89.00073454966595' 'marauded']
 ['1' '100.76717633023209' 'present']
 ['11' '108.57445884704147' 'present']
 ['6' '119.0852220811863' 'present']
 ['6' '120.2358580876828' 'present']
 ['6' '150.05200965241994' 'present']
 ['15' '175.2202397950833' 'present']
 ['1' '183.33797077086976' 'present']
 ['15' '186.20427361099814' 'marauded']
 ['6' '202.8866465476222' 'marauded']
 ['0' '227.52403344614407' 'present']
 ['14' '234.61186814062245' 'marauded']
 ['11' '266.21883015857173' 'present']
 ['8' '268.0460026031911' 'present']
 ['1' '280.9322639360876' 'present']
 ['5' '296.4993206601492' 'marauded']
 ['6' '315.2848421829686' 'marauded']
 ['15' '327.92600967449266' 'marauded']
 ['8' '339.3751460184158' 'marauded']
 ['16' '340.46021492343743' 'presentdestroyed']
 ['8' '342.06629966009496' 'presentdestroyed']
 ['11' '353.32263482474883' 'present']]","[['F211' '60.92154870168788' 'absent']
 ['F188' '83.50629977929746' 'absent']
 ['F193' '149.4704002647282' 'absent']
 ['F201' '166.72008965439014' 'mated']
 ['F192' '181.82679350242896' 'mated']
 ['F77' '193.41429248700422' '']
 ['F133' '209.01472898615268' 'absentdestroyed']
 ['F128' '212.02426381339862' 'mated']
 ['F208' '223.9328879132242' 'mated']
 ['F143' '232.20673664119363' 'absent']
 ['F106' '235.05036713061924' 'destroyed']
 ['F4' '251.17346764747356' 'mated']
 ['F37' '255.95175192853128' 'absent']]",563.0,71.37574570755832,15.197419902730763,1361.0,227.41861696264002,48.78405504845276,352.0,61.28119919176766,13.59633441539341,0.0,0.0,0.0,0.0,0.0,0.0
23,0.054,7,359.80613246497666,"[['15' '3.7251722284242548' 'present']
 ['6' '4.586790407461624' 'marauded']
 ['0' '5.013423490868844' 'presentdestroyed']
 ['3' '5.571064718654877' 'presentdestroyed']
 ['16' '8.312240055155215' 'presentdestroyed']
 ['3' '21.435006804883415' 'present']
 ['3' '34.92556938172903' 'marauded']
 ['17' '37.578511652594074' 'presentdestroyed']
 ['15' '41.07985758004041' 'presentdestroyed']
 ['5' '45.408728687865796' 'present']
 ['3' '53.07704154163121' 'present']
 ['16' '55.39804776123271' 'present']
 ['14' '60.408682385699535' 'present']
 ['1' '61.01612219804202' 'present']
 ['0' '93.52399345897626' 'present']
 ['15' '112.53597431213467' 'marauded']
 ['5' '122.19825319876117' 'present']
 ['17' '126.10989024073628' 'present']
 ['1' '126.27207507522519' 'present']
 ['5' '126.68840050919962' 'present']
 ['15' '133.2531610296855' 'present']
 ['13' '136.29635807224872' 'present']
 ['10' '148.50612135436455' 'present']
 ['17' '154.57996582696813' 'present']
 ['15' '159.23324571885408' 'present']
 ['16' '165.38170179194506' 'present']
 ['16' '170.69103368672796' 'present']
 ['16' '170.73732998302427' 'present']
 ['0' '189.72861872983296' 'present']
 ['11' '199.83933623886927' 'present']
 ['6' '207.03130322573753' 'present']
 ['11' '216.24604371862077' 'present']
 ['0' '217.7842875414692' 'present']
 ['11' '227.807300516226' 'present']
 ['6' '230.3327073465146' 'present']
 ['8' '245.44563883973984' 'present']
 ['6' '260.1810069866854' 'present']
 ['13' '263.4072388519251' 'present']
 ['1' '277.2288850056659' 'present']
 ['16' '280.9503653173761' 'present']
 ['1' '289.6636556634712' 'present']
 ['5' '292.75657892810364' 'present']
 ['17' '296.5770976138627' 'present']
 ['5' '309.1833378247611' 'present']
 ['17' '309.88659572263896' 'present']
 ['5' '321.47690082148137' 'present']
 ['14' '324.2096226113811' 'present']
 ['6' '333.6926723519259' 'present']
 ['0' '335.71206630236264' 'present']
 ['15' '355.48389059446663' 'marauded']]","[['F49' '25.352879654475675' 'absent']
 ['F20' '42.68442076641983' 'mated']
 ['F74' '106.78903605994311' 'absent']
 ['F153' '141.3295387575144' 'mated']
 ['F113' '206.14050177605478' 'mated']
 ['F133' '209.03787713430083' 'mated']
 ['F12' '218.00213506686805' 'mated']
 ['F91' '222.42369507669687' 'absent']
 ['F183' '274.71640113606276' 'mated']
 ['F72' '285.15397037370997' 'mated']]",556.0,68.72868128156875,14.803777533695712,1567.0,264.00651365338945,56.42744718681098,129.0,22.269890369853357,4.714128012142263,17.0,1.7000000000000004,0.1700000000000001,73.0,3.379629629629629,0.15646433470507534
