id,probability_maraud,successful_mating,next_foraging_time,mar_attempts,mate_attempts,foraging_events,foraging_hrs,foraging_sqhrs,staying_events,staying_hrs,staying_sqhrs,repairing_events,repairing_hrs,repairing_sqhrs,marauding_events,marauding_hrs,marauding_sqhrs,traveling_events,traveling_hrs,traveling_sqhrs
0,0.054,12,360.4035699522734,"[['23' '1.7303968279802755' 'present']
 ['9' '17.318802434445463' 'present']
 ['15' '20.68058127816768' 'present']
 ['19' '21.254331910297495' 'present']
 ['12' '24.95135434233346' 'present']
 ['2' '33.28445030861561' 'present']
 ['14' '43.02702520222758' 'present']
 ['7' '45.13008222136446' 'present']
 ['22' '45.364044537982046' 'marauded']
 ['20' '73.2587877523048' 'present']
 ['7' '89.88824440829757' 'present']
 ['7' '99.90357394660671' 'present']
 ['9' '101.52000347628086' 'present']
 ['15' '119.11303504460436' 'marauded']
 ['22' '122.85906306739854' 'presentdestroyed']
 ['22' '123.68922949215364' 'presentdestroyed']
 ['23' '125.26532239717595' 'presentdestroyed']
 ['8' '126.18867042181523' 'present']
 ['5' '126.63915128130888' 'present']
 ['22' '130.35028510973245' 'present']
 ['22' '131.19731527595357' 'present']
 ['23' '136.94762930933842' 'present']
 ['19' '142.32825112747136' 'present']
 ['20' '144.63442186487202' 'marauded']
 ['2' '152.1315761120054' 'present']
 ['7' '157.95531504772717' 'present']
 ['23' '158.78383666341193' 'present']
 ['2' '160.39773773765552' 'present']
 ['21' '168.4288159735371' 'present']
 ['10' '169.76284131896563' 'present']
 ['14' '174.34444696913036' 'present']
 ['10' '180.2435814106596' 'present']
 ['10' '194.52667437909795' 'present']
 ['3' '196.8461872513728' 'present']
 ['2' '198.15614308080774' 'present']
 ['17' '199.8726306014356' 'present']
 ['15' '202.13436965503936' 'present']
 ['12' '204.02138902869166' 'marauded']
 ['17' '206.69703414521226' 'destroyed']
 ['20' '207.64013069320853' 'destroyed']
 ['22' '213.02600653774584' 'present']
 ['12' '213.45320595030202' 'marauded']
 ['3' '245.10188393804142' 'marauded']
 ['9' '263.70772659687356' 'marauded']
 ['23' '280.2350025575196' 'present']
 ['14' '281.4649299956346' 'present']
 ['7' '285.1990427545476' 'present']
 ['17' '285.719556677668' 'present']
 ['15' '294.3410343696069' 'present']
 ['15' '302.280748440555' 'present']
 ['21' '305.5550558232496' 'present']
 ['21' '308.55000710742934' 'present']
 ['7' '317.34948585313765' 'present']
 ['19' '325.3499910191868' 'present']
 ['23' '331.4612073613838' 'marauded']
 ['8' '356.93675823957915' 'marauded']
 ['9' '358.483449651709' 'presentdestroyed']
 ['21' '359.3726962419059' 'presentdestroyed']]","[['F80' '20.612618699527243' 'mated']
 ['F68' '47.095748130172346' 'destroyed']
 ['F108' '68.37575491979274' 'mated']
 ['F158' '80.52929910149192' 'mated']
 ['F27' '90.54242738912546' 'mated']
 ['F204' '124.99298664343456' 'absentdestroyed']
 ['F136' '130.80047544108646' 'mated']
 ['F208' '163.42959165702166' 'mated']
 ['F192' '172.09639171235992' 'mated']
 ['F94' '188.24355765973021' 'mated']
 ['F100' '192.33523775981962' 'mated']
 ['F157' '193.49866527574235' 'mated']
 ['F154' '220.38996663342272' '']
 ['F77' '265.74289085564885' 'destroyed']
 ['F56' '273.7150730672891' 'mated']
 ['F63' '274.38471143618744' 'mated']]",554.0,68.33188476274314,13.865019856620517,1387.0,236.06595381379725,51.255070132869584,292.0,51.16632316621708,11.373371168705761,15.0,1.5000000000000002,0.15000000000000008,70.0,3.24074074074074,0.150034293552812
1,0.054,8,360.359058088319,"[['17' '5.355261552861721' 'present']
 ['9' '11.436005344437177' 'present']
 ['14' '16.580727795775086' 'present']
 ['8' '22.22382155114089' 'present']
 ['15' '28.36684753930747' 'marauded']
 ['0' '30.258761327442453' 'presentdestroyed']
 ['7' '32.8215231697725' 'presentdestroyed']
 ['19' '34.22691893932079' 'destroyed']
 ['2' '35.566807222252365' 'presentdestroyed']
 ['0' '53.45476621206994' 'marauded']
 ['3' '53.88828423419781' 'presentdestroyed']
 ['22' '58.354012875665205' 'presentdestroyed']
 ['8' '65.11167589406051' 'present']
 ['2' '66.8559898224634' 'present']
 ['21' '68.90264734161796' 'marauded']
 ['19' '75.88936904945295' 'presentdestroyed']
 ['12' '76.8142538437816' 'presentdestroyed']
 ['20' '79.17593782604922' 'present']
 ['20' '82.76020868834095' 'present']
 ['2' '90.44858848651009' 'present']
 ['9' '93.99736913055996' 'present']
 ['5' '101.26227179491542' 'present']
 ['14' '105.12527601912717' 'present']
 ['3' '105.22275935809002' 'present']
 ['22' '119.37282612341876' 'present']
 ['10' '123.74753927174828' 'present']
 ['14' '129.64113896445363' 'present']
 ['20' '140.64414249727542' 'present']
 ['2' '144.51782070272188' 'present']
 ['3' '146.5192545857984' 'marauded']
 ['14' '148.1935850860609' 'presentdestroyed']
 ['15' '164.97114891352413' 'present']
 ['0' '169.81847354165518' 'present']
 ['20' '173.32994028719187' 'present']
 ['23' '176.28979395194344' 'present']
 ['23' '184.21683018505277' 'present']
 ['12' '197.79995560025753' 'present']
 ['12' '203.9176144140971' 'present']
 ['21' '206.4494977461459' 'present']
 ['8' '208.48178691214125' 'present']
 ['12' '215.42309837530328' 'present']
 ['20' '216.9369016765502' 'present']
 ['20' '217.20047018773298' 'marauded']
 ['9' '219.28649183530914' 'presentdestroyed']
 ['14' '237.38374742513477' 'marauded']
 ['7' '248.8269163081623' 'present']
 ['12' '250.5811061179184' 'present']
 ['14' '262.78725014099257' 'present']
 ['17' '263.66207628413895' 'marauded']
 ['12' '273.2893958637023' 'present']
 ['8' '296.0766928258222' 'marauded']
 ['9' '296.7156273830739' 'destroyed']
 ['8' '299.4238577072333' 'destroyed']
 ['12' '306.94956186686017' 'present']
 ['2' '308.08221221578873' 'marauded']
 ['2' '331.8673934467763' 'present']
 ['12' '339.30955879918986' 'present']
 ['17' '347.04356491093864' 'present']
 ['23' '350.234563482888' 'present']
 ['20' '359.4980498652367' 'marauded']]","[['F174' '57.09076132065069' 'destroyed']
 ['F81' '104.57701006743915' 'absent']
 ['F212' '140.6308720470349' 'mated']
 ['F41' '142.98182500539025' 'mated']
 ['F148' '155.797473253001' 'mated']
 ['F206' '198.97046046882824' 'mated']
 ['F25' '253.81671271019167' 'mated']
 ['F37' '283.693056780489' 'mated']
 ['F75' '285.1849953309565' 'mated']
 ['F19' '294.96507213640035' 'mated']]",581.0,70.74096493787113,14.87687348823461,1357.0,228.6159514705309,48.627021387047506,331.0,55.87435468811922,11.621560412593027,14.0,1.4000000000000001,0.14000000000000007,78.0,3.6111111111111103,0.16718106995884757
2,0.054,11,359.95523500654616,"[['8' '0.023148148148148147' 'marauded']
 ['7' '2.332617099768308' 'presentdestroyed']
 ['21' '5.753877591896357' 'presentdestroyed']
 ['10' '8.48150078531053' 'present']
 ['0' '9.895584356102088' 'present']
 ['12' '11.714381030988099' 'present']
 ['17' '14.016782007483686' 'present']
 ['22' '18.395325670509404' 'present']
 ['1' '46.73277772413241' 'marauded']
 ['15' '46.77407777763207' 'presentdestroyed']
 ['12' '46.934038589894136' 'presentdestroyed']
 ['3' '47.797720622536666' 'presentdestroyed']
 ['17' '58.70524738657167' 'present']
 ['20' '59.05443142042259' 'present']
 ['12' '64.55231874516122' 'present']
 ['21' '64.98427496563293' 'present']
 ['5' '70.42888298973752' 'present']
 ['14' '70.91699461179763' 'marauded']
 ['14' '75.28155677331905' 'presentdestroyed']
 ['20' '78.7235029759257' 'present']
 ['23' '84.7849802134591' 'present']
 ['8' '86.63843179962156' 'present']
 ['7' '101.79387639124' 'present']
 ['3' '112.95284454580474' 'present']
 ['22' '114.51616226107646' 'present']
 ['1' '119.68498295969614' 'present']
 ['23' '122.42438082792741' 'present']
 ['20' '125.24164197865105' 'present']
 ['14' '128.22960020766737' 'present']
 ['10' '138.20109990007117' 'present']
 ['7' '148.42379980257863' 'present']
 ['12' '154.91492910361032' 'present']
 ['12' '176.03799434902933' 'marauded']
 ['10' '181.2164871872954' 'presentdestroyed']
 ['12' '182.0404171932401' 'destroyed']
 ['17' '183.6509875125526' 'destroyed']
 ['19' '191.89719218294806' 'present']
 ['14' '192.3062670537165' 'present']
 ['8' '197.65861489734706' 'present']
 ['8' '200.72675157054906' 'present']
 ['3' '206.56013960872164' 'present']
 ['14' '219.15850022592062' 'marauded']
 ['9' '225.85187805230623' 'presentdestroyed']
 ['5' '235.85111114005974' 'marauded']
 ['7' '247.90460249443143' 'present']
 ['8' '252.64144910357356' 'marauded']
 ['22' '255.87479418127936' 'presentdestroyed']
 ['22' '259.1175687429587' 'presentdestroyed']
 ['22' '267.53617948481906' 'marauded']
 ['7' '270.18710691333075' 'presentdestroyed']
 ['19' '270.3261597171992' 'presentdestroyed']
 ['1' '274.4641963034742' 'present']
 ['7' '277.62734000514865' 'marauded']
 ['10' '279.9399089540463' 'presentdestroyed']
 ['8' '284.7854751006373' 'destroyed']
 ['22' '287.02729894560383' 'present']
 ['1' '287.9118017799312' 'present']
 ['5' '298.1211705325838' 'marauded']
 ['7' '319.6850233711459' 'marauded']
 ['1' '335.4970213842419' 'present']
 ['9' '338.3651962383428' 'present']
 ['0' '356.5881681151739' 'marauded']
 ['21' '357.51122933357146' 'presentdestroyed']]","[['F20' '60.473498625135946' 'absent']
 ['F159' '63.73004445319405' 'mated']
 ['F175' '111.16944733028932' 'mated']
 ['F106' '117.62039200398996' 'mated']
 ['F16' '120.05186412562267' 'mated']
 ['F1' '165.41767614518446' 'mated']
 ['F29' '171.2474029550727' 'mated']
 ['F112' '172.677881403378' 'mated']
 ['F124' '211.1243513201282' 'absent']
 ['F105' '223.00973825366376' 'destroyed']
 ['F98' '233.47361818630202' 'mated']
 ['F182' '234.12073417359625' 'mated']
 ['F77' '265.78918715194516' 'mated']
 ['F47' '309.28197392635684' 'mated']
 ['F64' '332.8707583809153' 'absent']]",557.0,73.17594427488584,16.165181080525247,1273.0,211.90540392677252,44.735834567669414,401.0,70.4142288912448,15.496922742467506,10.0,0.9999999999999999,0.10000000000000003,78.0,3.6111111111111103,0.16718106995884757
3,0.054,10,360.2383866292717,"[['8' '10.137281026450419' 'marauded']
 ['5' '15.016599648066643' 'presentdestroyed']
 ['7' '16.159906151432015' 'presentdestroyed']
 ['12' '20.56895764642059' 'marauded']
 ['2' '22.46987881504892' 'presentdestroyed']
 ['14' '25.135768313492722' 'presentdestroyed']
 ['14' '25.18206460978902' 'presentdestroyed']
 ['8' '37.562974221502' 'present']
 ['17' '37.622040277361386' 'marauded']
 ['5' '38.653827484961084' 'presentdestroyed']
 ['5' '51.27941168725797' 'present']
 ['17' '57.73906253179597' 'present']
 ['2' '60.64850972100179' 'marauded']
 ['9' '68.25951481340681' 'present']
 ['15' '77.83590518841487' 'present']
 ['5' '77.96777744812809' 'present']
 ['9' '79.41149586726772' 'marauded']
 ['7' '84.25772766173525' 'presentdestroyed']
 ['1' '85.0823876421355' 'presentdestroyed']
 ['7' '99.94987024290302' 'present']
 ['21' '100.94400243127821' 'present']
 ['17' '106.27751867161336' 'present']
 ['19' '117.42897997093512' 'present']
 ['20' '126.51286927873555' 'marauded']
 ['7' '138.58259149404745' 'present']
 ['23' '152.94043568528906' 'marauded']
 ['5' '153.48674061369826' 'presentdestroyed']
 ['22' '169.54695241213759' 'present']
 ['8' '193.0402608236885' 'present']
 ['10' '194.65573047046135' 'present']
 ['8' '201.18975544859808' 'present']
 ['9' '207.1004621019428' 'present']
 ['5' '217.124598417027' 'present']
 ['22' '224.98020701153914' 'marauded']
 ['0' '230.55590681781118' 'presentdestroyed']
 ['19' '232.5623134905347' 'present']
 ['5' '237.75210209892586' 'marauded']
 ['17' '242.1787689536598' 'presentdestroyed']
 ['17' '244.9850658388759' 'present']
 ['15' '252.63857891737948' 'present']
 ['15' '271.86211252082194' 'present']
 ['10' '272.3944947382894' 'present']
 ['5' '288.41230046998953' 'present']
 ['19' '299.99584804548533' 'present']
 ['22' '309.55581839500996' 'present']
 ['5' '310.1690638794071' 'marauded']
 ['17' '331.0352230318381' 'present']
 ['21' '335.4667330302713' 'present']
 ['15' '348.74887734842366' 'present']
 ['22' '349.6522557087501' 'present']
 ['7' '356.6288190169394' 'present']]","[['F88' '70.26475046575125' 'mated']
 ['F145' '73.19788448427771' 'absent']
 ['F65' '98.21025234479605' 'absent']
 ['F168' '111.54081789195854' 'absent']
 ['F197' '118.93570182532906' 'mated']
 ['F13' '135.06942105666167' 'mated']
 ['F172' '167.2192916764781' 'mated']
 ['F54' '200.11409359860335' 'mated']
 ['F28' '214.23489126596132' 'mated']
 ['F187' '215.02787341655824' 'mated']
 ['F105' '223.10233084625636' 'mated']
 ['F42' '237.97735803383605' 'destroyed']
 ['F51' '250.6485221398957' 'mated']
 ['F170' '261.4661567966103' 'absent']
 ['F97' '322.0107222571164' 'mated']]",554.0,71.89676161239676,15.481813186169697,1312.0,223.16288278124995,47.42103035022305,358.0,60.786339109327905,12.822060908400323,11.0,1.0999999999999999,0.11000000000000004,67.0,3.101851851851851,0.14360425240054867
4,0.0,8,360.441293298018,"[['0' '1.8608688140982677' 'present']
 ['0' '23.687051707650046' 'present']
 ['22' '31.712624584074916' 'present']
 ['23' '34.7316180041836' 'present']
 ['14' '35.60457496740041' 'present']
 ['15' '36.03546878326167' 'present']
 ['23' '46.233190310516626' 'present']
 ['3' '49.55040156552484' 'present']
 ['10' '54.23661344067576' 'present']
 ['9' '56.0868112533673' 'present']
 ['1' '64.42640659134118' 'present']
 ['0' '67.71522277783322' 'present']
 ['21' '68.85635104532166' 'present']
 ['7' '69.13943414148852' 'marauded']
 ['19' '70.28618354021239' 'presentdestroyed']
 ['14' '75.74827560639635' 'destroyed']
 ['3' '77.42243774435013' 'present']
 ['12' '81.43805486904066' 'present']
 ['17' '83.73169111639571' 'present']
 ['12' '100.36422771477639' 'present']
 ['7' '101.9809116532' 'present']
 ['17' '104.08342078097284' 'present']
 ['2' '127.31481411774523' 'present']
 ['0' '128.18720552009998' 'present']
 ['19' '139.9077611685068' 'present']
 ['21' '142.96572211133247' 'marauded']
 ['0' '144.53081464266333' 'presentdestroyed']
 ['12' '153.16157354921884' 'marauded']
 ['12' '155.1451615436169' 'presentdestroyed']
 ['21' '162.94014855446613' 'present']
 ['2' '164.45530663049544' 'present']
 ['2' '167.33243584377973' 'present']
 ['2' '174.3980574679989' 'present']
 ['5' '186.45076548488967' 'marauded']
 ['22' '187.83052748702667' 'presentdestroyed']
 ['14' '189.7623336770443' 'presentdestroyed']
 ['20' '191.74223322212197' 'presentdestroyed']
 ['10' '196.1325192197829' 'marauded']
 ['15' '208.69827689451463' 'marauded']
 ['15' '215.6417068084324' 'presentdestroyed']
 ['10' '229.31828136162804' 'present']
 ['0' '230.70748140875824' 'present']
 ['12' '235.83169435401726' 'present']
 ['21' '279.21321901156114' 'present']
 ['3' '280.07804543972543' 'present']
 ['8' '284.8317713969336' 'present']
 ['1' '288.0059632044916' 'present']
 ['5' '306.0758593345012' 'present']
 ['1' '341.8240666770863' 'present']
 ['10' '346.75387617337776' 'present']
 ['21' '348.19591403815093' 'present']
 ['14' '357.0059812416444' 'present']
 ['10' '357.25481243254103' 'present']]","[['F165' '43.168034995705874' 'mated']
 ['F12' '113.90395720871473' 'mated']
 ['F2' '115.40828728541797' 'mated']
 ['F214' '135.122755861686' 'mated']
 ['F211' '141.44157229898565' 'absent']
 ['F183' '153.53023044725416' 'destroyed']
 ['F199' '162.98218088689373' 'mated']
 ['F172' '167.19614352832994' 'absent']
 ['F48' '182.0871222737351' 'mated']
 ['F123' '183.4265538665366' 'mated']
 ['F34' '235.17016775770693' 'mated']
 ['F77' '265.7197427075007' 'absent']]",564.0,68.03683656429104,13.656901844157888,1490.0,255.47333184601308,55.857956270993654,217.0,36.5114703551653,7.741584106463364,0.0,0.0,0.0,0.0,0.0,0.0
5,0.054,8,359.9197085801382,"[['20' '0.7695882919871585' 'present']
 ['15' '2.5040299675674507' 'present']
 ['20' '6.788570471424538' 'present']
 ['19' '16.811931940229293' 'present']
 ['9' '19.404997458107168' 'present']
 ['10' '20.625213670996118' 'marauded']
 ['8' '23.119726035664513' 'presentdestroyed']
 ['7' '23.745294595670263' 'presentdestroyed']
 ['1' '26.369759937918033' 'presentdestroyed']
 ['8' '58.662898037141034' 'present']
 ['7' '64.16629967564621' 'present']
 ['20' '68.41026180004687' 'present']
 ['3' '70.17674285160129' 'present']
 ['9' '82.70878423269848' 'present']
 ['21' '84.33745951315987' 'marauded']
 ['19' '94.8741653356933' 'present']
 ['10' '95.31707161413505' 'present']
 ['14' '95.34217549390841' 'present']
 ['15' '113.7865753573023' 'present']
 ['14' '115.47422238484515' 'present']
 ['1' '142.41228541223285' 'marauded']
 ['20' '143.5904786719802' 'presentdestroyed']
 ['19' '146.89756460129024' 'destroyed']
 ['14' '161.7842544331063' 'present']
 ['10' '172.4180723257147' 'present']
 ['19' '174.96261861556863' 'present']
 ['14' '176.04001328379277' 'present']
 ['3' '176.07111812097088' 'present']
 ['20' '177.9039972067788' 'present']
 ['3' '183.65492201853928' 'present']
 ['7' '184.2587819419714' 'present']
 ['2' '188.57366189831131' 'present']
 ['17' '190.4275828065673' 'present']
 ['10' '199.8567124578442' 'present']
 ['23' '211.52622118993708' 'present']
 ['20' '223.54885598871402' 'present']
 ['19' '225.9531812127206' 'present']
 ['1' '228.19079944316337' 'present']
 ['14' '231.7334612672754' 'present']
 ['10' '243.58631499194917' 'present']
 ['7' '244.91084075896146' 'present']
 ['12' '246.34841976517322' 'marauded']
 ['21' '254.6117277241865' 'present']
 ['14' '254.86334447452433' 'present']
 ['14' '256.47586786673173' 'present']
 ['2' '264.4933890051521' 'present']
 ['7' '267.03320750974564' 'present']
 ['19' '275.6040707679999' 'marauded']
 ['0' '278.83854922962394' 'presentdestroyed']
 ['20' '282.08589065347866' 'presentdestroyed']
 ['23' '295.41974379054227' 'present']
 ['3' '295.72106763811104' 'present']
 ['20' '300.95948608243725' 'present']
 ['12' '306.28902703825054' 'present']
 ['21' '324.8092100045038' 'marauded']
 ['14' '327.95978924969734' 'presentdestroyed']
 ['8' '329.5392257898321' 'presentdestroyed']
 ['2' '336.67082621935464' 'present']
 ['20' '353.1083023863952' 'present']
 ['2' '356.42687983682674' 'present']]","[['F3' '112.17304904827323' 'mated']
 ['F183' '153.507082299106' 'absent']
 ['F126' '153.64129869007343' 'mated']
 ['F60' '188.8819532173695' 'mated']
 ['F121' '197.14895513984058' 'mated']
 ['F35' '203.024658239354' 'mated']
 ['F103' '240.16266073536627' 'mated']
 ['F72' '243.9999604485022' 'absent']
 ['F153' '266.26323047499716' 'mated']
 ['F205' '296.24393909398543' 'mated']
 ['F46' '307.05101929690096' 'absent']]",565.0,73.36676995541109,15.319119361131005,1426.0,245.11177541750297,53.43360289376819,207.0,36.618439315752624,7.964942795727896,14.0,1.4000000000000001,0.14000000000000007,77.0,3.564814814814814,0.16503772290809313
6,0.0,5,360.28770572029464,"[['0' '0.8613919388400739' 'present']
 ['12' '9.206193866969498' 'present']
 ['9' '18.160185276285212' 'present']
 ['22' '25.289221261199057' 'present']
 ['22' '33.05900467052812' 'present']
 ['7' '33.22558088899915' 'present']
 ['23' '36.16646300208066' 'present']
 ['22' '37.42251108674276' 'present']
 ['9' '43.87068666057673' 'marauded']
 ['19' '47.23591808106917' 'presentdestroyed']
 ['19' '48.22008022751713' 'presentdestroyed']
 ['8' '56.14493873939391' 'present']
 ['7' '60.73342774735256' 'present']
 ['10' '66.96154516406163' 'present']
 ['5' '71.02895870244951' 'present']
 ['12' '86.16392990242643' 'marauded']
 ['14' '86.39251181758188' 'presentdestroyed']
 ['22' '88.213522766097' 'presentdestroyed']
 ['1' '94.69132963032506' 'present']
 ['23' '95.74090519489961' 'present']
 ['10' '98.32546673972868' 'present']
 ['8' '99.11175551269085' 'present']
 ['9' '99.24758020605643' 'marauded']
 ['15' '99.52098370088157' 'presentdestroyed']
 ['22' '103.95558239126666' 'presentdestroyed']
 ['14' '105.17157231542348' 'presentdestroyed']
 ['0' '110.3563394559165' 'present']
 ['10' '111.02838468577549' 'marauded']
 ['15' '114.55573790118399' 'presentdestroyed']
 ['2' '116.93577957121809' 'presentdestroyed']
 ['1' '121.3862577293076' 'present']
 ['10' '121.55052056653061' 'present']
 ['21' '147.58072665457522' 'present']
 ['12' '158.38403038587822' 'present']
 ['1' '162.90260489428798' 'marauded']
 ['7' '162.91966584215157' 'destroyed']
 ['21' '163.34949140493015' 'presentdestroyed']
 ['0' '164.91197629884948' 'presentdestroyed']
 ['5' '177.18551947747073' 'present']
 ['8' '184.78460541949767' 'present']
 ['15' '189.09626282602989' 'present']
 ['20' '191.15850308756117' 'present']
 ['15' '191.4695706556336' 'present']
 ['5' '192.49191038164295' 'present']
 ['12' '195.47044034192808' 'marauded']
 ['8' '196.5594245208392' 'presentdestroyed']
 ['1' '202.14331503358477' 'destroyed']
 ['2' '206.45615011404092' 'present']
 ['8' '206.52866257377636' 'present']
 ['14' '212.24583136702904' 'present']
 ['20' '214.50960152431668' 'present']
 ['15' '215.79987248036346' 'present']
 ['3' '217.35814959663438' 'marauded']
 ['3' '219.14615595884328' 'destroyed']
 ['10' '223.92189927464747' 'presentdestroyed']
 ['0' '229.86364684544532' 'present']
 ['14' '243.2626389823361' 'present']
 ['12' '244.8156563641731' 'present']
 ['8' '249.11518424064843' 'present']
 ['10' '261.16973736770495' 'present']
 ['7' '264.6183279055131' 'present']
 ['12' '267.20473400412845' 'present']
 ['9' '268.10934504672844' 'marauded']
 ['20' '270.5162445073919' 'destroyed']
 ['19' '279.572000217896' 'marauded']
 ['23' '285.77758952277213' 'presentdestroyed']
 ['22' '306.5455110241064' 'present']
 ['17' '310.09020608129623' 'present']
 ['21' '312.6322749041194' 'present']
 ['5' '315.54293654208374' 'present']
 ['10' '331.79140330176017' 'present']
 ['14' '339.8514786819156' 'present']
 ['7' '341.68134114220953' 'present']
 ['17' '349.49717715860294' 'marauded']
 ['15' '351.1704105207616' 'destroyed']
 ['8' '351.53914284998825' 'presentdestroyed']]","[['F179' '1.1622268284977466' 'absent']
 ['F74' '90.24604127424546' 'destroyed']
 ['F117' '113.58339772094058' 'destroyed']
 ['F211' '141.4647204471338' 'mated']
 ['F134' '149.29188492986842' 'mated']
 ['F183' '153.5533785954023' 'mated']
 ['F195' '153.85622208233505' 'mated']
 ['F6' '222.87341349338794' 'destroyed']
 ['F72' '244.02310859665036' 'mated']
 ['F130' '290.11524957952315' 'absent']]",560.0,70.84040571087603,14.295987440578815,1372.0,228.36770944521052,48.59615019440671,365.0,60.895602756657375,12.699099414146716,0.0,0.0,0.0,0.0,0.0,0.0
7,0.054,10,360.2026121941232,"[['10' '12.778525634927147' 'present']
 ['5' '15.215727386964458' 'present']
 ['21' '16.433253413713725' 'present']
 ['19' '21.19078582234993' 'present']
 ['19' '26.632532194027508' 'present']
 ['23' '32.3748900942381' 'present']
 ['10' '37.84635150893176' 'marauded']
 ['23' '54.667963825592786' 'present']
 ['8' '71.79859326765235' 'marauded']
 ['14' '92.96181647766242' 'present']
 ['3' '97.30144226715689' 'present']
 ['17' '104.12971707726915' 'present']
 ['15' '105.17388796754156' 'present']
 ['1' '106.92421330947579' 'present']
 ['12' '107.74916749714798' 'present']
 ['20' '111.04775545475304' 'present']
 ['5' '113.29197372062805' 'present']
 ['1' '116.31418490931395' 'marauded']
 ['15' '123.67617177203417' 'presentdestroyed']
 ['22' '131.15101897965727' 'present']
 ['2' '142.7536536117578' 'present']
 ['22' '150.4318762026511' 'present']
 ['5' '167.44886857831' 'present']
 ['5' '167.51210750766387' 'marauded']
 ['15' '172.11300206053699' 'presentdestroyed']
 ['10' '191.10939319844658' 'present']
 ['9' '193.8062546580653' 'marauded']
 ['0' '196.97883659418738' 'presentdestroyed']
 ['12' '204.70179818599917' 'present']
 ['1' '204.82276480382052' 'marauded']
 ['3' '208.08223830730014' 'destroyed']
 ['14' '214.65395100138045' 'present']
 ['10' '215.83868557553689' 'marauded']
 ['21' '219.8492164947105' 'destroyed']
 ['9' '225.80558175600993' 'present']
 ['14' '228.48984121495698' 'present']
 ['1' '231.44451481505922' 'present']
 ['10' '240.9819160486207' 'present']
 ['23' '244.29561508265041' 'present']
 ['22' '247.28806332202586' 'present']
 ['15' '252.18063791826134' 'marauded']
 ['14' '256.70282732169795' 'presentdestroyed']
 ['12' '264.8012096337721' 'present']
 ['19' '274.51601294417134' 'present']
 ['0' '275.77340244297875' 'present']
 ['15' '276.82473923745073' 'present']
 ['21' '282.6126457665882' 'present']
 ['9' '282.7285588790892' 'present']
 ['23' '282.9210149739853' 'present']
 ['8' '287.83401882438176' 'present']
 ['17' '300.45782389262985' 'marauded']
 ['17' '310.5815409320315' 'present']
 ['0' '311.01451075331755' 'present']
 ['14' '323.611076992682' 'present']
 ['23' '330.7662320833119' 'marauded']
 ['8' '341.92286933330047' 'present']
 ['1' '349.724786367922' 'present']]","[['F67' '26.526184086384596' 'mated']
 ['F140' '68.36170967450857' 'absent']
 ['F155' '69.74419021126452' 'mated']
 ['F168' '111.56396604010669' 'mated']
 ['F149' '126.26254043211905' 'mated']
 ['F45' '128.6964833914523' 'mated']
 ['F176' '132.70380074147903' 'mated']
 ['F213' '145.98303080528987' 'mated']
 ['F139' '289.7018563446036' 'mated']
 ['F52' '314.90227308977467' 'mated']
 ['F101' '325.75776396318327' 'mated']]",557.0,70.93682357471266,14.793352144098748,1295.0,222.59368175278,48.03966950272661,350.0,61.188005115961964,13.471845197853584,13.0,1.3,0.13000000000000006,89.0,4.12037037037037,0.19075788751714648
8,0.054,12,359.9880461794913,"[['21' '1.023878911721105' 'present']
 ['12' '4.516129736604209' 'present']
 ['17' '5.737083877062397' 'present']
 ['7' '10.727082464649703' 'present']
 ['2' '12.73558511852975' 'present']
 ['7' '17.47593674124419' 'present']
 ['20' '24.935610243457738' 'present']
 ['2' '27.847469124068514' 'marauded']
 ['10' '28.848529878852872' 'presentdestroyed']
 ['14' '37.73641357596724' 'present']
 ['20' '40.60828743299331' 'marauded']
 ['7' '55.96786439354067' 'present']
 ['14' '56.06379266158797' 'present']
 ['2' '61.308440885039175' 'present']
 ['2' '68.23897781225799' 'present']
 ['14' '92.62572893209908' 'present']
 ['20' '94.95881255793077' 'present']
 ['7' '101.84017268753631' 'present']
 ['12' '101.93798252452693' 'present']
 ['21' '116.75916622357869' 'present']
 ['21' '121.14832764403857' 'present']
 ['19' '127.04880337532403' 'present']
 ['2' '136.55794154513828' 'present']
 ['5' '155.46960220503462' 'present']
 ['2' '158.133942918359' 'marauded']
 ['23' '164.33173867552952' 'presentdestroyed']
 ['23' '173.93328110111088' 'marauded']
 ['21' '178.65038337832004' 'destroyed']
 ['22' '180.2770240989809' 'presentdestroyed']
 ['23' '186.80660141748777' 'present']
 ['12' '203.8713181178008' 'present']
 ['22' '214.10891905667646' 'present']
 ['1' '230.0270144196649' 'present']
 ['15' '261.2731242656133' 'present']
 ['17' '261.4093237771231' 'present']
 ['10' '261.894398014015' 'present']
 ['17' '269.3866698926209' 'present']
 ['14' '273.74976540238737' 'present']
 ['5' '274.76088405344865' 'present']
 ['1' '280.578531607234' 'present']
 ['10' '288.5140663114562' 'present']
 ['5' '288.69618374696176' 'present']
 ['14' '291.653048697964' 'present']
 ['9' '296.6693310867776' 'present']
 ['5' '315.97024615149803' 'marauded']
 ['3' '329.78300605543234' 'marauded']
 ['9' '334.4241346940892' 'destroyed']
 ['21' '342.6344688980848' 'marauded']
 ['3' '356.3580569263475' 'present']]","[['F88' '70.2416023176031' 'absent']
 ['F85' '81.9641804998876' 'mated']
 ['F69' '84.07075464073843' 'mated']
 ['F91' '88.9504359293507' 'mated']
 ['F196' '93.60663991026215' 'mated']
 ['F201' '127.67607530880551' 'mated']
 ['F212' '140.60772389888675' 'absent']
 ['F104' '144.4398516751822' 'mated']
 ['F144' '162.09079089491664' 'absentdestroyed']
 ['F118' '171.26716047147409' 'mated']
 ['F143' '190.81128665546842' 'mated']
 ['F26' '195.64740057836997' 'mated']
 ['F6' '222.8502653452398' 'absent']
 ['F99' '241.13307548873567' 'mated']
 ['F180' '245.0413337415361' 'absent']
 ['F92' '257.81625167131017' 'mated']
 ['F71' '282.9749210202451' 'mated']]",568.0,70.9365272498234,15.001357622952078,1416.0,241.35127591132968,51.93753538772107,236.0,42.60557659784012,9.63762551430071,16.0,1.6000000000000003,0.1600000000000001,79.0,3.6574074074074066,0.16932441700960202
9,0.054,7,360.57831515922146,"[['8' '13.758807224379925' 'present']
 ['21' '35.53456150299478' 'marauded']
 ['7' '51.661085980107366' 'present']
 ['12' '58.88150497215612' 'present']
 ['1' '64.08229590870961' 'present']
 ['1' '66.50535180799422' 'present']
 ['23' '76.9987974284006' 'present']
 ['22' '104.12242304708792' 'present']
 ['10' '104.53751170988076' 'present']
 ['15' '107.68142542131768' 'marauded']
 ['1' '109.9271401171756' 'presentdestroyed']
 ['7' '111.94481821669812' 'destroyed']
 ['14' '120.0288303009686' 'marauded']
 ['14' '120.90636187388755' 'presentdestroyed']
 ['3' '122.23731882324216' 'presentdestroyed']
 ['10' '128.3854067573277' 'present']
 ['15' '129.8269346175204' 'marauded']
 ['19' '132.01761663459368' 'presentdestroyed']
 ['14' '133.4310961514879' 'presentdestroyed']
 ['8' '144.8411322904284' 'present']
 ['3' '152.47040781601063' 'present']
 ['10' '155.2586814962412' 'marauded']
 ['17' '155.84609887838465' 'presentdestroyed']
 ['2' '159.4950477209189' 'destroyed']
 ['3' '167.6938187500442' 'marauded']
 ['10' '178.8476531821913' 'present']
 ['21' '183.98197213829906' 'present']
 ['3' '185.1231916603246' 'marauded']
 ['8' '191.01669750956154' 'presentdestroyed']
 ['23' '195.67396895853446' 'present']
 ['0' '199.2563788760145' 'marauded']
 ['5' '229.16439821965315' 'present']
 ['21' '233.2190446631636' 'present']
 ['20' '235.23570760642568' 'present']
 ['12' '245.17255689675403' 'present']
 ['1' '246.07201232022098' 'present']
 ['19' '248.26130724481993' 'present']
 ['1' '262.0557351706954' 'present']
 ['17' '273.99046973408986' 'present']
 ['23' '282.9673112702816' 'present']
 ['2' '285.9822616273554' 'present']
 ['15' '286.1477907440853' 'present']
 ['15' '294.66829684942627' 'present']
 ['19' '297.6952741218744' 'present']
 ['1' '305.06422193143806' 'marauded']
 ['2' '308.32781821542284' 'presentdestroyed']
 ['0' '320.90890112817414' 'marauded']
 ['0' '324.8041996299638' 'presentdestroyed']
 ['5' '333.7699291249097' 'present']
 ['17' '339.75410221729396' 'present']
 ['19' '344.4713366060818' 'present']
 ['14' '344.96519763794606' 'present']
 ['19' '353.2842119106377' 'present']
 ['5' '353.2987650332234' 'present']
 ['0' '354.8665432716419' 'present']
 ['17' '355.7419648886803' 'present']]","[['F30' '24.3469147454171' 'mated']
 ['F109' '25.599213563699774' 'mated']
 ['F68' '47.11889627832049' 'mated']
 ['F20' '60.49664677328409' 'absent']
 ['F140' '68.38485782265673' 'mated']
 ['F168' '111.51766974381039' 'destroyed']
 ['F117' '113.60654586908873' 'destroyed']
 ['F15' '202.34851701927167' 'destroyed']
 ['F0' '203.26613013881817' 'destroyed']
 ['F4' '220.77769502585514' 'mated']
 ['F6' '222.8965616415361' 'mated']
 ['F209' '313.9690992089377' 'mated']]",562.0,71.15828687329203,15.22650621709563,1308.0,223.52915905061428,47.75601252140151,357.0,61.160080160659255,13.257861948661755,12.0,1.2,0.12000000000000005,66.0,3.055555555555555,0.14146090534979422
10,0.054,7,360.07759163571285,"[['9' '0.17548037618709916' 'present']
 ['23' '4.989497073431887' 'present']
 ['1' '7.179174652952339' 'present']
 ['21' '21.43534574881935' 'present']
 ['19' '34.27321523561708' 'present']
 ['21' '40.81520554106461' 'marauded']
 ['19' '41.28069578112693' 'presentdestroyed']
 ['14' '45.798609931849136' 'presentdestroyed']
 ['22' '58.82331162448461' 'present']
 ['3' '68.0054170019888' 'marauded']
 ['7' '70.66987868335434' 'presentdestroyed']
 ['17' '72.21356368408064' 'presentdestroyed']
 ['8' '87.02743567437426' 'present']
 ['1' '113.38066692454522' 'marauded']
 ['9' '118.50185578252997' 'presentdestroyed']
 ['19' '125.26121619151778' 'present']
 ['0' '126.52602360201328' 'present']
 ['19' '127.55717744847301' 'present']
 ['14' '127.6829441746446' 'present']
 ['0' '129.37645888091095' 'marauded']
 ['12' '132.07892603388365' 'presentdestroyed']
 ['14' '132.14604144937027' 'presentdestroyed']
 ['1' '140.89940902270283' 'present']
 ['14' '145.47260342667218' 'marauded']
 ['7' '150.34772428220822' 'presentdestroyed']
 ['3' '162.7628777482438' 'present']
 ['2' '164.25520660538254' 'present']
 ['8' '171.32916404046475' 'present']
 ['3' '175.94608906508074' 'present']
 ['0' '176.37095873590252' 'present']
 ['19' '178.3991127658917' 'present']
 ['19' '189.65773939404517' 'present']
 ['3' '196.89248354766912' 'present']
 ['2' '199.647301286312' 'present']
 ['15' '200.11573901754042' 'present']
 ['22' '204.5335931227063' 'present']
 ['1' '206.8618638028064' 'present']
 ['8' '218.80151348206874' 'present']
 ['14' '223.67867193317957' 'present']
 ['3' '245.05558764174512' 'present']
 ['1' '251.4180740554147' 'marauded']
 ['14' '256.00234836389956' 'presentdestroyed']
 ['12' '256.52020413148506' 'presentdestroyed']
 ['5' '268.08013672793555' 'present']
 ['22' '268.119998504347' 'present']
 ['3' '276.11509753009597' 'present']
 ['8' '280.1661412804876' 'present']
 ['15' '287.5729736201217' 'present']
 ['22' '288.44079448012394' 'present']
 ['9' '292.680729637978' 'present']
 ['9' '296.6230347904813' 'present']
 ['15' '301.09698984324484' 'present']
 ['20' '301.31657681424474' 'present']
 ['15' '305.724874568103' 'present']
 ['0' '307.60522264426294' 'marauded']
 ['23' '309.16861958975795' 'presentdestroyed']
 ['2' '309.89987454771506' 'presentdestroyed']
 ['0' '311.1460137473727' 'destroyed']
 ['17' '352.20974459018635' 'present']]","[['F24' '51.978816218362184' 'mated']
 ['F40' '93.86785525676154' 'mated']
 ['F22' '101.9349839682837' 'mated']
 ['F81' '104.62330636373545' 'mated']
 ['F168' '111.47137344751408' 'absent']
 ['F2' '115.38513913726982' 'destroyed']
 ['F23' '138.03563595924453' 'absent']
 ['F58' '169.3947113008792' 'mated']
 ['F160' '204.2091770806397' 'absent']
 ['F154' '220.41311478157087' 'mated']
 ['F42' '238.0005061819842' 'absent']
 ['F170' '261.48930494475843' 'absent']
 ['F169' '289.4426521329284' 'mated']
 ['F64' '332.89390652906343' 'absent']]",575.0,66.72614346927482,12.69768917797178,1429.0,244.85539123827988,53.14619204326243,251.0,43.01126451909315,9.309689280116023,14.0,1.4000000000000001,0.14000000000000007,90.0,4.166666666666667,0.19290123456790093
11,0.0,8,360.0013957094877,"[['20' '3.1124440290241924' 'present']
 ['8' '6.723934628936104' 'present']
 ['10' '10.032200133638474' 'marauded']
 ['8' '12.278717865113531' 'destroyed']
 ['7' '14.57086243862478' 'presentdestroyed']
 ['23' '18.41899070435395' 'marauded']
 ['10' '19.592468519166346' 'presentdestroyed']
 ['23' '22.11174408652144' 'presentdestroyed']
 ['12' '24.28070456849926' 'destroyed']
 ['3' '78.34540117319389' 'present']
 ['0' '79.43267954560388' 'marauded']
 ['23' '79.8645981459921' 'destroyed']
 ['19' '81.22922030288868' 'presentdestroyed']
 ['0' '84.60746319700556' 'presentdestroyed']
 ['22' '94.3426581814157' 'marauded']
 ['1' '103.57912189900404' 'present']
 ['15' '106.61686305815576' 'present']
 ['17' '107.52871399907207' 'present']
 ['1' '107.91560618084272' 'present']
 ['22' '108.23861489524506' 'present']
 ['15' '109.86814270158247' 'present']
 ['14' '113.41941151503994' 'marauded']
 ['3' '119.46887645862209' 'presentdestroyed']
 ['9' '128.0060405104716' 'present']
 ['19' '130.24473980849282' 'present']
 ['12' '133.97755795517637' 'present']
 ['23' '137.50855015702206' 'present']
 ['2' '137.89436489804143' 'present']
 ['7' '150.39402057850452' 'present']
 ['9' '150.85812546395596' 'marauded']
 ['9' '154.25508023322925' 'presentdestroyed']
 ['1' '156.29051629265402' 'presentdestroyed']
 ['7' '160.82464493285232' 'marauded']
 ['7' '164.17233793077736' 'destroyed']
 ['15' '168.81108771523537' 'present']
 ['20' '171.12943417379435' 'present']
 ['14' '171.41335212812768' 'present']
 ['2' '194.85302993315003' 'present']
 ['14' '197.47881639601707' 'present']
 ['5' '199.49445194775674' 'present']
 ['15' '203.15831659650965' 'present']
 ['22' '206.14369224046865' 'marauded']
 ['1' '208.23486749844844' 'presentdestroyed']
 ['14' '228.22928681504496' 'present']
 ['0' '236.12778811623318' 'present']
 ['3' '255.66293376624836' 'present']
 ['9' '260.0571043684634' 'present']
 ['10' '264.2161073196287' 'marauded']
 ['7' '264.3303384952967' 'presentdestroyed']
 ['9' '264.63375821806653' 'presentdestroyed']
 ['17' '272.5349278455272' 'present']
 ['2' '277.50835021619736' 'marauded']
 ['17' '278.1930197116873' 'presentdestroyed']
 ['1' '278.9586228319665' 'presentdestroyed']
 ['12' '282.2760024561307' 'presentdestroyed']
 ['5' '285.3174702650416' 'present']
 ['1' '286.3417155940226' 'present']
 ['9' '286.6885273267597' 'present']
 ['7' '287.1535516617023' 'present']
 ['20' '295.6154242348406' 'present']
 ['3' '302.2842278759048' 'present']
 ['2' '307.7692267313529' 'present']
 ['5' '309.41437293522137' 'present']
 ['22' '325.06503950557925' 'present']
 ['20' '331.1678006246588' 'present']
 ['3' '334.619269423131' 'present']
 ['5' '338.89184224431415' 'present']
 ['10' '349.0931647515739' 'present']
 ['21' '351.2708544107951' 'present']
 ['19' '356.31319625047144' 'present']]","[['F174' '57.11390946879884' 'absent']
 ['F145' '73.22103263242586' 'mated']
 ['F184' '74.14035691639879' 'mated']
 ['F203' '100.20920269589422' 'destroyed']
 ['F141' '127.92275509687212' 'mated']
 ['F23' '138.08193225554083' 'mated']
 ['F31' '146.8694678614321' 'mated']
 ['F195' '153.80992578603875' 'destroyed']
 ['F15' '202.37166516741982' 'mated']
 ['F207' '217.35750479853436' 'mated']
 ['F156' '293.29495507949764' 'mated']]",571.0,69.34437659836767,13.774800538228105,1354.0,229.57957881639962,49.13768222070564,360.0,61.12309985106564,12.939038745092288,0.0,0.0,0.0,0.0,0.0,0.0
12,0.054,10,360.1511420707213,"[['2' '12.565003559034585' 'present']
 ['0' '15.596376968645625' 'present']
 ['14' '16.050411228195102' 'present']
 ['0' '18.37950104421538' 'present']
 ['15' '22.190349755588297' 'present']
 ['22' '25.335517557495354' 'present']
 ['20' '26.658423433887137' 'present']
 ['19' '27.82658983146746' 'present']
 ['14' '30.54782639074219' 'marauded']
 ['0' '35.65101367917628' 'presentdestroyed']
 ['22' '48.29125361041506' 'present']
 ['20' '54.86903948983901' 'present']
 ['2' '55.654009421253186' 'present']
 ['14' '69.0527678404701' 'present']
 ['17' '69.3916286303478' 'present']
 ['19' '75.06986724303546' 'present']
 ['15' '97.9509136007078' 'present']
 ['1' '110.47353489014392' 'present']
 ['3' '113.7219946608645' 'marauded']
 ['7' '113.7506551053391' 'destroyed']
 ['23' '136.99392560563473' 'marauded']
 ['0' '144.31689602197594' 'present']
 ['14' '148.02754488244327' 'present']
 ['1' '160.97585693222828' 'present']
 ['20' '170.46870622728252' 'present']
 ['3' '180.71779547600815' 'present']
 ['14' '198.62793115569312' 'present']
 ['8' '201.13851046407726' 'present']
 ['14' '226.71217581351715' 'present']
 ['22' '231.5585959393872' 'present']
 ['10' '244.1166163273546' 'present']
 ['22' '247.33435961832217' 'present']
 ['21' '256.55594951117854' 'present']
 ['7' '269.73799047615563' 'present']
 ['10' '279.161487538118' 'present']
 ['3' '284.05183166879425' 'marauded']
 ['15' '295.53696702933576' 'marauded']
 ['17' '302.3074881718452' 'presentdestroyed']
 ['5' '309.46066923151767' 'present']
 ['22' '310.33213216016156' 'present']
 ['8' '313.2697022952121' 'marauded']
 ['1' '343.73319877149095' 'present']
 ['17' '346.0424621960144' 'marauded']]","[['F174' '57.13705761694698' 'mated']
 ['F155' '69.67474576682007' 'absent']
 ['F155' '69.72104206311637' 'absent']
 ['F7' '82.68655198250423' 'mated']
 ['F114' '95.96307019027178' 'mated']
 ['F83' '98.7168433959451' 'mated']
 ['F106' '117.59724385584181' 'destroyed']
 ['F43' '145.7388077142956' 'mated']
 ['F49' '163.73115439388437' 'mated']
 ['F146' '167.380255591754' 'mated']
 ['F17' '175.3397756790446' 'mated']
 ['F135' '240.3712258956015' 'mated']
 ['F93' '266.66873700309526' 'mated']]",569.0,71.29539942188056,15.120578023714133,1439.0,240.7272874294839,52.03288647490239,252.0,42.872020435962305,9.437627156986343,14.0,1.4000000000000001,0.14000000000000007,82.0,3.7962962962962954,0.17575445816186536
13,0.0,12,360.3544876744977,"[['1' '0.8175109130344131' 'present']
 ['15' '3.8815075634266716' 'present']
 ['17' '10.832097947506986' 'present']
 ['0' '16.544974565558686' 'present']
 ['10' '20.0902819094413' 'present']
 ['2' '23.622787510358577' 'marauded']
 ['7' '29.384446551722956' 'presentdestroyed']
 ['22' '34.62549492988902' 'present']
 ['5' '38.44948547456336' 'present']
 ['21' '39.93411247367687' 'present']
 ['15' '41.19086831058009' 'marauded']
 ['20' '48.17031223216287' 'presentdestroyed']
 ['7' '61.282317665756054' 'present']
 ['12' '62.94941812910721' 'marauded']
 ['10' '67.00784146035794' 'presentdestroyed']
 ['14' '69.34926447062558' 'presentdestroyed']
 ['17' '78.25050370664577' 'present']
 ['22' '83.04674169510393' 'marauded']
 ['9' '91.94494247982622' 'present']
 ['8' '95.86556988336204' 'present']
 ['10' '98.37176303602499' 'present']
 ['5' '99.46151134638147' 'present']
 ['5' '110.4319055251214' 'present']
 ['8' '119.16716425145351' 'present']
 ['9' '128.5822052856552' 'marauded']
 ['10' '141.89404775170968' 'marauded']
 ['1' '161.5806689308605' 'present']
 ['0' '164.9582725951458' 'present']
 ['14' '167.80050324033112' 'present']
 ['14' '181.0299373861887' 'marauded']
 ['10' '184.45997089678116' 'presentdestroyed']
 ['20' '188.94556510354752' 'marauded']
 ['12' '192.00933475495185' 'destroyed']
 ['17' '193.49707140805234' 'presentdestroyed']
 ['21' '199.49188173770145' 'present']
 ['23' '201.5664476471996' 'present']
 ['10' '214.39626102664084' 'present']
 ['12' '230.62288993126063' 'present']
 ['19' '238.86469982112948' 'present']
 ['17' '243.3619275585548' 'present']
 ['14' '247.18064613247478' 'present']
 ['15' '255.57614881619162' 'present']
 ['15' '260.07241611089336' 'present']
 ['12' '260.7002159396984' 'present']
 ['2' '264.09042101282563' 'present']
 ['7' '264.66462420180943' 'present']
 ['19' '268.50559123224' 'present']
 ['10' '275.0514972492875' 'present']
 ['14' '276.5925035272173' 'present']
 ['19' '293.65838225966246' 'marauded']
 ['14' '295.7066703201205' 'presentdestroyed']
 ['14' '305.5202626982391' 'present']
 ['21' '306.2110305927486' 'present']
 ['22' '314.77456877920497' 'present']
 ['8' '315.96303594644615' 'present']
 ['15' '317.09856151527606' 'present']
 ['2' '329.43364272744344' 'present']
 ['17' '346.30984628158654' 'present']
 ['8' '355.22191343237125' 'present']
 ['3' '356.4043532226438' 'present']
 ['19' '358.3527629577417' 'present']]","[['F53' '32.86904742550376' 'mated']
 ['F20' '60.54294306958038' 'mated']
 ['F90' '62.98534424752821' 'absentdestroyed']
 ['F69' '84.04760649259028' 'destroyed']
 ['F27' '90.51927924097731' '']
 ['F84' '112.38595581437498' 'mated']
 ['F147' '125.61114964156914' 'mated']
 ['F13' '135.04627290851352' 'absentdestroyed']
 ['F111' '157.99618499916772' 'mated']
 ['F132' '162.8424950778731' 'mated']
 ['F112' '172.65473325522984' 'absent']
 ['F73' '174.5020799202025' 'mated']
 ['F57' '196.93732050417574' 'mated']
 ['F124' '211.1706476164245' 'mated']
 ['F131' '232.89335841563053' 'absent']
 ['F107' '243.37930317248424' 'mated']
 ['F66' '257.81378325575935' 'mated']
 ['F33' '278.84353736239814' 'mated']]",567.0,71.64175734671187,15.591635207787295,1395.0,233.5985083590299,49.59510209706592,314.0,54.85464571197306,12.09755810197266,0.0,0.0,0.0,0.0,0.0,0.0
14,0.054,7,360.27624677439695,"[['15' '4.665568792157961' 'present']
 ['8' '8.12688394412943' 'present']
 ['12' '11.38367689709006' 'present']
 ['22' '17.222676959780507' 'present']
 ['22' '18.98490821581857' 'present']
 ['23' '46.086894014220334' 'marauded']
 ['15' '61.023701996592635' 'present']
 ['20' '61.45452657855339' 'marauded']
 ['17' '68.65225383506284' 'presentdestroyed']
 ['20' '71.32778380331303' 'present']
 ['7' '80.14595122115915' 'present']
 ['0' '83.93040108715569' 'present']
 ['20' '84.05418662651714' 'present']
 ['20' '96.10737128792323' 'marauded']
 ['2' '99.68254994082814' 'presentdestroyed']
 ['8' '100.55952785421908' 'presentdestroyed']
 ['23' '107.49460682332915' 'present']
 ['20' '141.28488723879957' 'present']
 ['15' '152.31876515860804' 'present']
 ['7' '153.0869988653855' 'present']
 ['7' '158.82097535072126' 'present']
 ['20' '164.41809950105082' 'present']
 ['3' '166.49708047844155' 'present']
 ['23' '210.75991760913755' 'present']
 ['5' '217.82670770837706' 'present']
 ['5' '234.24601886745407' 'present']
 ['21' '245.81415834626506' 'present']
 ['9' '246.52335383440894' 'present']
 ['0' '260.7375511001703' 'present']
 ['17' '264.4698974040798' 'present']
 ['20' '264.5043186145338' 'present']
 ['12' '266.77745076715695' 'present']
 ['9' '270.1151814074649' 'present']
 ['23' '280.79234521929106' 'present']
 ['12' '283.8977847066949' 'marauded']
 ['22' '288.1548204121569' 'destroyed']
 ['1' '290.63408502897454' 'presentdestroyed']
 ['15' '308.00932829598605' 'present']
 ['22' '308.25453309696' 'present']
 ['17' '308.477431985459' 'present']
 ['22' '311.76033201318705' 'marauded']
 ['19' '321.6957204230347' 'present']
 ['12' '322.3768854762693' 'present']
 ['2' '333.38627576744676' 'present']
 ['7' '348.2855488511466' 'marauded']
 ['23' '348.87089270627774' 'presentdestroyed']
 ['0' '356.94463100802096' 'present']
 ['1' '357.3063034633891' 'marauded']]","[['F24' '51.95566807021404' 'destroyed']
 ['F102' '155.09631710373336' 'mated']
 ['F78' '167.88420179466004' 'mated']
 ['F9' '169.98519082754925' 'mated']
 ['F60' '188.85880506922135' 'absent']
 ['F44' '191.14963093108398' 'mated']
 ['F38' '230.84999998525802' 'mated']
 ['F61' '267.6553782976627' 'absent']
 ['F46' '307.0741674450491' 'mated']
 ['F64' '332.9633509735079' 'mated']]",576.0,71.17961492197146,14.65038717935877,1482.0,243.91130816615393,50.41408633284375,234.0,38.462751732585936,8.144958896855169,15.0,1.5000000000000002,0.15000000000000008,107.0,4.953703703703711,0.2293381344307265
15,0.054,5,359.9351451035852,"[['12' '8.421123393895027' 'marauded']
 ['20' '31.78331699565801' 'present']
 ['22' '51.948339209086576' 'present']
 ['9' '53.3057343138774' 'present']
 ['2' '54.21822168473125' 'present']
 ['14' '55.68188079712848' 'present']
 ['2' '57.99347002598238' 'present']
 ['19' '69.67598270821284' 'marauded']
 ['14' '78.75088662844796' 'present']
 ['1' '88.46332654944118' 'marauded']
 ['19' '89.03497551882289' 'presentdestroyed']
 ['1' '93.09825522303227' 'destroyed']
 ['7' '95.88150676943799' 'presentdestroyed']
 ['5' '96.11642299169621' 'present']
 ['19' '99.3491767962847' 'present']
 ['22' '116.72681948100151' 'present']
 ['3' '118.66262867960806' 'present']
 ['12' '135.532860877422' 'present']
 ['20' '138.2952609973183' 'marauded']
 ['20' '138.76713671928368' 'presentdestroyed']
 ['19' '143.09440109813355' 'presentdestroyed']
 ['7' '152.83738414663614' 'present']
 ['7' '153.43204969927956' 'marauded']
 ['1' '154.48518002675695' 'presentdestroyed']
 ['22' '158.47284307972305' 'presentdestroyed']
 ['1' '161.5343726345642' 'present']
 ['9' '167.31217877033674' 'present']
 ['10' '170.47731418695514' 'present']
 ['5' '181.49537879825027' 'marauded']
 ['22' '183.59382451038223' 'presentdestroyed']
 ['2' '185.01105274356618' 'presentdestroyed']
 ['7' '185.06322113742232' 'presentdestroyed']
 ['14' '186.0856724073593' 'presentdestroyed']
 ['0' '188.28223995304398' 'presentdestroyed']
 ['21' '192.0994681359385' 'present']
 ['10' '195.78063185376988' 'present']
 ['10' '200.5004680192635' 'present']
 ['14' '207.78718342290767' 'present']
 ['10' '209.2417191077929' 'present']
 ['14' '224.49403793040577' 'present']
 ['8' '227.21154156512222' 'marauded']
 ['2' '228.62523208810836' 'presentdestroyed']
 ['5' '232.7790999698489' 'presentdestroyed']
 ['19' '234.0678609723817' 'presentdestroyed']
 ['5' '237.38871963008418' 'present']
 ['8' '237.3903202680009' 'present']
 ['10' '238.95094791829933' 'present']
 ['22' '242.66473623951316' 'present']
 ['5' '243.9734735043683' 'marauded']
 ['10' '248.24178459386053' 'destroyed']
 ['7' '261.6076892988455' 'present']
 ['7' '264.4720316092168' 'marauded']
 ['10' '286.57833259952605' 'present']
 ['17' '288.91775043516833' 'present']
 ['17' '301.3387161784502' 'present']
 ['0' '323.3027171097895' 'present']
 ['7' '324.625452932342' 'marauded']
 ['21' '324.95550630080015' 'presentdestroyed']
 ['17' '328.8235733716284' 'presentdestroyed']
 ['1' '333.7078556959923' 'present']
 ['19' '340.37960908889875' 'present']
 ['12' '344.636507215515' 'present']
 ['10' '350.02710138561093' 'present']
 ['5' '350.9776344287752' 'present']
 ['22' '352.71810887189395' 'present']
 ['2' '354.0385325534198' 'marauded']]","[['F30' '24.3006184491208' 'absent']
 ['F20' '60.519794921432236' 'absent']
 ['F82' '66.59137498649478' 'mated']
 ['F91' '88.92728778120255' 'destroyed']
 ['F81' '104.6001582155873' 'absent']
 ['F89' '113.236512962211' 'absent']
 ['F204' '125.01613479158272' 'mated']
 ['F10' '145.31345842313647' 'destroyed']
 ['F73' '174.47893177205435' 'absent']
 ['F123' '183.40340571838846' 'absentdestroyed']
 ['F60' '188.8356569210732' '']
 ['F160' '204.23232522878786' 'mated']
 ['F124' '211.14749946827635' 'absent']
 ['F180' '245.06448188968426' 'destroyed']
 ['F77' '265.766039003797' 'destroyed']
 ['F138' '273.7718611519031' 'mated']
 ['F18' '290.63514143346947' 'mated']]",557.0,68.9597380801519,13.665268834571163,1273.0,220.2221782519874,48.19603931875943,401.0,66.15061062790896,14.117405643590644,12.0,1.2,0.12000000000000005,75.0,3.4722222222222214,0.16075102880658423
16,0.0,6,360.3001261570636,"[['0' '2.0133757659838545' 'present']
 ['3' '5.180677396982712' 'present']
 ['0' '18.731255095938423' 'present']
 ['10' '20.136578205737596' 'present']
 ['12' '20.381486668661797' 'present']
 ['15' '21.46426566292699' 'marauded']
 ['21' '24.32778259669996' 'presentdestroyed']
 ['9' '29.06087173837726' 'present']
 ['14' '32.823716177309734' 'present']
 ['22' '46.618016874496334' 'marauded']
 ['2' '58.63833132611255' 'present']
 ['9' '70.53637256810804' 'marauded']
 ['2' '78.24365742390106' 'present']
 ['15' '81.01398651453954' 'present']
 ['8' '88.61575268362085' 'present']
 ['1' '89.11765885414997' 'present']
 ['22' '97.18015184524651' 'present']
 ['5' '104.32058745782709' 'present']
 ['7' '104.95781185402038' 'present']
 ['14' '106.77113413753129' 'present']
 ['21' '114.3513354783501' 'marauded']
 ['22' '115.87398044683808' 'presentdestroyed']
 ['5' '120.5808968457729' 'destroyed']
 ['14' '127.6366478783483' 'present']
 ['15' '130.5146228543463' 'marauded']
 ['20' '135.08235033027023' 'presentdestroyed']
 ['2' '135.2663928262317' 'presentdestroyed']
 ['8' '141.11366427798876' 'present']
 ['22' '160.25329583310304' 'present']
 ['10' '168.6823377452517' 'present']
 ['2' '169.6189124713924' 'present']
 ['0' '172.60408127392924' 'present']
 ['1' '193.21218005566342' 'present']
 ['21' '201.98050444411913' 'present']
 ['22' '211.07514054227292' 'present']
 ['9' '221.7755617767964' 'marauded']
 ['0' '236.5461000550817' 'present']
 ['19' '236.89487350564426' 'present']
 ['12' '245.53995153614716' 'present']
 ['0' '257.7175766361702' 'present']
 ['3' '273.2132694131053' 'marauded']
 ['5' '275.2178797372146' 'presentdestroyed']
 ['23' '281.5182918630551' 'present']
 ['22' '284.40404881835224' 'present']
 ['10' '290.0685406709448' 'marauded']
 ['3' '296.9821648466855' 'destroyed']
 ['0' '299.99212529039653' 'present']
 ['7' '319.35607299806486' 'present']
 ['3' '322.97228704582716' 'present']
 ['14' '326.15382593869555' 'marauded']
 ['10' '335.82493715473106' 'present']
 ['21' '340.18039510582145' 'present']
 ['9' '353.5381810798279' 'present']
 ['21' '356.69976261442554' 'present']]","[['F87' '62.5071350421482' 'mated']
 ['F74' '90.26918942239361' 'mated']
 ['F202' '97.89586961984193' 'mated']
 ['F168' '111.49452159566223' 'absent']
 ['F89' '113.21336481406284' 'absent']
 ['F117' '113.62969401723689' 'mated']
 ['F58' '169.37156315273106' 'absent']
 ['F123' '183.3802575702403' 'absent']
 ['F127' '186.12703451903843' 'mated']
 ['F161' '207.71384644343408' 'mated']
 ['F105' '223.0328864018119' 'absentdestroyed']
 ['F64' '332.94020282535973' 'destroyed']]",564.0,72.7922687784929,15.489713930945191,1370.0,232.76883514968748,49.45865034504449,320.0,54.565549579528714,11.694907790355328,0.0,0.0,0.0,0.0,0.0,0.0
17,0.054,6,359.9851047923297,"[['23' '2.757035417107201' 'present']
 ['5' '9.821446412352287' 'present']
 ['21' '14.692765769936381' 'marauded']
 ['12' '17.094134995541417' 'presentdestroyed']
 ['14' '22.76501272672023' 'marauded']
 ['22' '33.10530096682441' 'present']
 ['8' '37.609270517798294' 'marauded']
 ['21' '43.6662355553262' 'presentdestroyed']
 ['9' '56.87947008395944' 'present']
 ['12' '60.35341510147178' 'present']
 ['0' '65.23942570096146' 'present']
 ['22' '75.01063651477146' 'present']
 ['15' '84.52851923396493' 'marauded']
 ['14' '93.2979291150468' 'present']
 ['3' '95.82212013208814' 'present']
 ['0' '96.82050087131785' 'marauded']
 ['14' '108.08219079253935' 'present']
 ['22' '108.61850462820759' 'present']
 ['21' '109.34614395632707' 'present']
 ['8' '114.20236554407164' 'marauded']
 ['10' '121.5042242702343' 'presentdestroyed']
 ['21' '125.53364534584993' 'present']
 ['22' '126.59488453899591' 'marauded']
 ['2' '140.15870829328938' 'present']
 ['10' '141.2364015313895' 'marauded']
 ['2' '143.1927664130097' 'presentdestroyed']
 ['23' '143.21180295389607' 'presentdestroyed']
 ['15' '146.97301889263167' 'presentdestroyed']
 ['22' '147.74581712870176' 'destroyed']
 ['10' '172.78410860921812' 'present']
 ['12' '203.2811961897681' 'present']
 ['3' '207.52243099797298' 'present']
 ['2' '211.4895895698992' 'present']
 ['19' '213.25604658587838' 'present']
 ['7' '224.16421118997985' 'present']
 ['1' '251.09547751037496' 'marauded']
 ['9' '263.8540228931699' 'present']
 ['3' '264.83449580489287' 'present']
 ['2' '264.9600957094949' 'present']
 ['19' '281.78767106868355' 'present']
 ['12' '284.0440810029912' 'present']
 ['22' '291.8490080934601' 'marauded']
 ['3' '293.79964288219804' 'presentdestroyed']
 ['2' '296.2354658695959' 'destroyed']
 ['22' '305.23225237603333' 'present']
 ['23' '318.2232878942245' 'present']
 ['3' '324.59530613100907' 'present']
 ['2' '331.82109715048' 'present']
 ['2' '333.43257206374307' 'present']
 ['12' '335.0306594318037' 'present']
 ['21' '348.99837866074967' 'present']
 ['1' '351.5593946043212' 'present']]","[['F179' '1.1853749766458948' 'mated']
 ['F166' '135.6254350288861' 'mated']
 ['F163' '165.14985268383762' 'mated']
 ['F152' '185.67731294470073' 'mated']
 ['F143' '190.78813850732027' 'absent']
 ['F105' '223.05603454996006' 'absent']
 ['F128' '238.76419933203982' 'mated']
 ['F95' '326.56670853078083' 'mated']]",561.0,69.83275964061998,14.518483557224405,1312.0,224.48501593408278,49.567122626903114,345.0,61.05925380914904,13.548877096383489,9.0,0.8999999999999999,0.09000000000000002,81.0,3.749999999999999,0.1736111111111109
18,0.0,12,359.8256261333272,"[['10' '0.4252881181371246' 'present']
 ['3' '0.7017677950851577' 'present']
 ['12' '2.600674140690426' 'present']
 ['7' '8.363627693934832' 'present']
 ['12' '16.07817104262574' 'present']
 ['14' '18.256184531140086' 'present']
 ['14' '21.26168184651078' 'present']
 ['2' '28.93712325542579' 'marauded']
 ['23' '40.0090398847459' 'present']
 ['22' '47.47587223100828' 'present']
 ['8' '48.4411710069571' 'present']
 ['23' '52.02953328438313' 'present']
 ['21' '56.17026138148313' 'present']
 ['7' '59.28990149381134' 'marauded']
 ['0' '66.90084229359044' 'marauded']
 ['17' '67.9289085842932' 'presentdestroyed']
 ['20' '71.55264860410854' 'presentdestroyed']
 ['20' '71.86524067441559' 'presentdestroyed']
 ['17' '74.14889855358633' 'presentdestroyed']
 ['3' '74.91009447299514' 'presentdestroyed']
 ['0' '80.78932227287498' 'marauded']
 ['10' '83.37527895229458' 'presentdestroyed']
 ['19' '92.0368441027626' 'present']
 ['5' '109.66432416479431' 'present']
 ['1' '109.98461040346606' 'marauded']
 ['2' '117.91875380592144' 'present']
 ['20' '118.69019104111285' 'present']
 ['22' '118.96868252121119' 'present']
 ['7' '130.09397802880525' 'present']
 ['17' '140.31170040771377' 'present']
 ['1' '161.4880763382679' 'present']
 ['22' '167.62247176581303' 'present']
 ['0' '168.2079448922297' 'present']
 ['0' '178.16800052685792' 'present']
 ['14' '191.87377629738947' 'present']
 ['5' '204.1118619470076' 'present']
 ['12' '213.81264606655586' 'present']
 ['20' '229.40737293506572' 'present']
 ['7' '229.90471019640765' 'present']
 ['2' '245.29556590312967' 'present']
 ['2' '248.02637017831117' 'present']
 ['3' '259.8012430432582' 'present']
 ['0' '283.4597507568083' 'present']
 ['0' '285.8800751087477' 'marauded']
 ['21' '288.70806035119136' 'destroyed']
 ['10' '289.6717865995002' 'presentdestroyed']
 ['17' '304.4560574729947' 'present']
 ['17' '306.68734221931084' 'present']
 ['12' '322.58993304189863' 'present']
 ['20' '327.76550176355073' 'present']
 ['17' '334.7540602079434' 'present']
 ['8' '337.7969410085975' 'marauded']
 ['17' '339.4479137215053' 'presentdestroyed']
 ['2' '340.35882995582557' 'presentdestroyed']
 ['10' '351.7002696423329' 'marauded']
 ['17' '354.160006647434' 'presentdestroyed']
 ['17' '355.24379483274566' 'presentdestroyed']
 ['21' '357.55752562986777' 'destroyed']]","[['F150' '125.25001498216213' 'mated']
 ['F32' '127.18217701824165' 'mated']
 ['F137' '134.43178565311035' 'mated']
 ['F214' '135.09960771353784' 'absent']
 ['F21' '136.01970451625584' 'mated']
 ['F5' '210.54805961382192' 'mated']
 ['F189' '210.98506624133364' 'mated']
 ['F59' '225.55086529757529' 'absent']
 ['F113' '243.97735747409178' 'mated']
 ['F180' '245.0876300378324' 'mated']
 ['F86' '252.38375732532285' 'mated']
 ['F170' '261.5124530929066' 'mated']
 ['F130' '290.1383977276713' 'destroyed']
 ['F36' '294.80690090698624' 'mated']
 ['F142' '306.8285113840119' 'mated']
 ['F97' '321.98757410896826' 'absent']]",558.0,72.27692229874256,15.592632971935313,1425.0,239.0228186685453,50.95057725778177,297.0,48.79690940683632,10.316323568415447,0.0,0.0,0.0,0.0,0.0,0.0
19,0.054,17,360.00527079430674,"[['5' '4.122235198163888' 'marauded']
 ['14' '9.457579697387226' 'presentdestroyed']
 ['21' '14.646469473640083' 'present']
 ['9' '20.243341873987827' 'present']
 ['7' '23.491458209410567' 'present']
 ['12' '29.86404857819364' 'present']
 ['9' '31.744938252384863' 'present']
 ['20' '35.5919714639379' 'present']
 ['15' '61.970962786765114' 'present']
 ['8' '81.47515112879492' 'marauded']
 ['17' '106.23122237531706' 'present']
 ['14' '108.74444996687546' 'present']
 ['17' '108.95678396117137' 'marauded']
 ['22' '111.98022424350657' 'presentdestroyed']
 ['7' '115.05993850634653' 'presentdestroyed']
 ['23' '126.98303469845489' 'present']
 ['7' '127.79077716332286' 'present']
 ['21' '132.7441178400705' 'present']
 ['14' '137.0070815558175' 'present']
 ['14' '142.4073974757819' 'present']
 ['3' '144.24632260661917' 'present']
 ['14' '147.55410219856282' 'marauded']
 ['22' '149.91752902597787' 'presentdestroyed']
 ['14' '155.95699514411243' 'marauded']
 ['17' '157.67954106178848' 'destroyed']
 ['22' '172.322839067683' 'present']
 ['20' '186.70362803170957' 'present']
 ['7' '187.2904796441432' 'present']
 ['20' '189.98530237067683' 'present']
 ['15' '195.64627013960956' 'present']
 ['20' '197.12035557320795' 'present']
 ['10' '197.73823272449863' 'present']
 ['1' '203.68490843938767' 'marauded']
 ['22' '209.4615637932324' 'presentdestroyed']
 ['9' '213.82755199562823' 'present']
 ['3' '220.9612979368764' 'present']
 ['10' '227.19036226934008' 'present']
 ['2' '246.12970896463688' 'present']
 ['0' '255.94932596394722' 'marauded']
 ['12' '262.74584637499163' 'presentdestroyed']
 ['3' '271.3179025494731' 'present']
 ['3' '280.12434173602173' 'present']
 ['0' '285.8337788124514' 'present']
 ['8' '285.9733104669858' 'present']
 ['2' '288.32077844413016' 'present']
 ['14' '300.1682270392021' 'present']
 ['3' '310.0945930668793' 'marauded']
 ['2' '313.4870168612509' 'presentdestroyed']
 ['8' '327.24430826839244' 'present']
 ['8' '329.5855220861284' 'marauded']
 ['20' '331.2140969209551' 'presentdestroyed']
 ['15' '333.135768700584' 'destroyed']
 ['17' '333.1707748684329' 'destroyed']
 ['22' '336.0057928058198' 'presentdestroyed']
 ['5' '339.5405739216351' 'present']
 ['0' '345.6618429323065' 'marauded']
 ['10' '345.66792572203934' 'destroyed']
 ['5' '348.8880017279503' 'presentdestroyed']
 ['10' '351.37289686453784' 'presentdestroyed']
 ['22' '353.3105760589634' 'present']]","[['F30' '24.32376659726895' 'absent']
 ['F67' '26.503035938236447' 'absent']
 ['F70' '50.190622939822326' 'mated']
 ['F90' '63.008492395676356' 'mated']
 ['F119' '96.5414062785573' 'mated']
 ['F65' '98.2334004929442' 'mated']
 ['F164' '128.31230531397944' 'mated']
 ['F200' '137.1486187004478' 'mated']
 ['F55' '138.56792806341332' 'mated']
 ['F129' '142.23439893897887' 'mated']
 ['F215' '152.72895872508167' 'destroyed']
 ['F210' '179.21132935226092' 'mated']
 ['F39' '181.7453464521713' 'mated']
 ['F177' '191.4848622562534' 'mated']
 ['F171' '201.68565839487226' 'mated']
 ['F0' '203.28927828696632' 'mated']
 ['F105' '223.0791826981082' 'absent']
 ['F116' '224.8826030703643' 'mated']
 ['F59' '225.57401344572344' 'mated']
 ['F110' '274.3846917570547' 'mated']
 ['F130' '290.16154587581946' 'mated']]",563.0,71.98254173534546,15.394548175291149,1330.0,223.68808438226694,48.051656106132704,361.0,60.92562227541873,13.318297051711895,6.0,0.6,0.06000000000000001,64.0,2.9629629629629624,0.13717421124828533
20,0.054,11,360.10969022994436,"[['17' '7.251567562262902' 'marauded']
 ['5' '40.33580839891991' 'present']
 ['9' '52.324624920120236' 'present']
 ['15' '56.994483226115065' 'present']
 ['8' '62.22279673338878' 'present']
 ['21' '64.52057201720093' 'present']
 ['17' '75.79363405207367' 'present']
 ['22' '78.50879316265441' 'present']
 ['23' '85.44388127169778' 'marauded']
 ['12' '87.24460867895992' 'presentdestroyed']
 ['9' '89.50881085256042' 'presentdestroyed']
 ['7' '92.76144123886354' 'destroyed']
 ['10' '100.28772936930119' 'present']
 ['1' '101.41451846861924' 'present']
 ['21' '115.14966130896754' 'present']
 ['22' '118.73416955774557' 'present']
 ['1' '132.7389918069081' 'present']
 ['1' '142.66643038293637' 'present']
 ['23' '143.70205601329752' 'present']
 ['12' '150.1204713249088' 'marauded']
 ['17' '154.48977249156172' 'presentdestroyed']
 ['1' '163.98267736302327' 'present']
 ['14' '171.36705583183138' 'present']
 ['1' '172.82659362666' 'present']
 ['10' '174.5508652994293' 'present']
 ['12' '177.08805904194097' 'present']
 ['10' '178.5226879900163' 'marauded']
 ['17' '183.26480026633845' 'presentdestroyed']
 ['2' '188.61995819460762' 'present']
 ['9' '197.25504242092853' 'present']
 ['15' '199.57263539531698' 'present']
 ['5' '204.0655656507113' 'present']
 ['10' '211.37291608554528' 'present']
 ['17' '217.8342375454047' 'present']
 ['14' '222.43638337090297' 'present']
 ['0' '223.24337163663773' 'present']
 ['1' '226.4625345241375' 'present']
 ['12' '235.78539805772095' 'present']
 ['14' '237.13977568436047' 'present']
 ['1' '237.18482481209907' 'present']
 ['1' '246.02571602392467' 'present']
 ['23' '257.52918609040876' 'present']
 ['8' '259.5292755311196' 'present']
 ['10' '264.76683924705276' 'present']
 ['3' '275.12699063731844' 'present']
 ['14' '280.6044990137328' 'present']
 ['5' '286.95066797400096' 'marauded']
 ['2' '293.73993851475615' 'presentdestroyed']
 ['10' '296.1468702748966' 'present']
 ['14' '302.0207324691174' 'present']
 ['19' '308.74708661064443' 'marauded']
 ['7' '314.53200336713684' 'destroyed']
 ['15' '319.5361816021161' 'present']
 ['8' '338.1959745676893' 'present']
 ['0' '345.97135490269244' 'marauded']
 ['21' '347.54792881005585' 'presentdestroyed']
 ['5' '356.0103366107866' 'present']]","[['F119' '96.51825813040915' 'absent']
 ['F76' '105.1780439951838' 'mated']
 ['F89' '113.25966111035915' 'mated']
 ['F16' '120.02871597747452' 'absent']
 ['F14' '132.2615740449832' 'mated']
 ['F115' '135.54833488572268' 'mated']
 ['F195' '153.8330739341869' 'destroyed']
 ['F102' '155.0731689555852' 'destroyed']
 ['F112' '172.6315851070817' 'absent']
 ['F39' '181.72219830402315' 'destroyed']
 ['F162' '190.30084479388762' 'mated']
 ['F194' '214.3298485445028' 'mated']
 ['F186' '217.84435163859922' 'mated']
 ['F79' '233.35279848259478' 'mated']
 ['F11' '250.5403594228362' 'mated']
 ['F190' '276.8084922750899' 'mated']
 ['F151' '278.76767428622003' 'mated']]",574.0,69.58140798401264,14.156184200919181,1410.0,243.152588418453,53.2412599362508,236.0,42.794759990558866,9.818435927376457,10.0,0.9999999999999999,0.10000000000000003,78.0,3.6111111111111103,0.16718106995884757
21,0.054,8,360.56997445277636,"[['7' '4.385452059940509' 'present']
 ['15' '8.42913510548843' 'present']
 ['23' '32.00699274604168' 'present']
 ['7' '51.16284936580465' 'present']
 ['20' '64.73767375492825' 'present']
 ['17' '65.55979831095877' 'present']
 ['20' '77.03556607936109' 'marauded']
 ['14' '79.31328954991321' 'presentdestroyed']
 ['14' '79.45823046911745' 'presentdestroyed']
 ['22' '84.7079311362033' 'present']
 ['9' '88.363791819128' 'present']
 ['14' '88.41808020957822' 'marauded']
 ['0' '90.36392782478875' 'presentdestroyed']
 ['22' '102.37080940591686' 'present']
 ['8' '103.77017257981022' 'present']
 ['19' '106.03294086786805' 'present']
 ['17' '112.89706912945798' 'present']
 ['3' '126.12103896864394' 'present']
 ['5' '131.06212920270258' 'present']
 ['5' '132.43196032301947' 'present']
 ['8' '132.74902720592584' 'marauded']
 ['5' '141.34413338249897' 'present']
 ['2' '141.64275668383323' 'present']
 ['12' '155.1914578399132' 'present']
 ['14' '168.82692367110758' 'marauded']
 ['20' '170.52399212512321' 'presentdestroyed']
 ['17' '174.42556161865227' 'presentdestroyed']
 ['3' '176.11741441726718' 'present']
 ['8' '194.67352682178642' 'present']
 ['10' '200.5467643155598' 'present']
 ['5' '207.12953696770015' 'marauded']
 ['8' '213.05146598925114' 'presentdestroyed']
 ['14' '214.73305567209397' 'present']
 ['8' '222.7507748459881' 'marauded']
 ['5' '225.29663241814228' 'presentdestroyed']
 ['5' '226.21748532996494' 'presentdestroyed']
 ['17' '233.62327635866916' 'marauded']
 ['22' '235.558074317709' 'presentdestroyed']
 ['1' '257.9208024929642' 'present']
 ['17' '261.3630274808268' 'present']
 ['22' '267.48988318852275' 'present']
 ['19' '267.9613157417774' 'present']
 ['20' '278.27797973470894' 'present']
 ['17' '279.25038428160383' 'present']
 ['15' '287.619269916418' 'present']
 ['1' '291.7130132840017' 'marauded']
 ['5' '294.32995389027195' 'presentdestroyed']
 ['10' '297.0570735115221' 'presentdestroyed']
 ['7' '299.1831232966518' 'presentdestroyed']
 ['9' '301.0100468375693' 'present']
 ['15' '304.1385397134395' 'present']
 ['20' '327.13977462396633' 'present']
 ['1' '327.8253504738286' 'present']
 ['1' '328.31789985648743' 'present']
 ['20' '331.0490927686249' 'present']
 ['9' '331.14644634109163' 'present']
 ['15' '346.34079953735454' 'present']
 ['17' '350.8045546857963' 'present']
 ['9' '354.83750104910297' 'present']]","[['F188' '38.723224569655535' 'mated']
 ['F155' '69.69789391496822' 'absent']
 ['F181' '104.28295008679794' 'mated']
 ['F120' '106.64333787546595' 'mated']
 ['F167' '116.3243245994465' 'mated']
 ['F45' '128.67333524330414' 'absent']
 ['F21' '135.9965563681077' 'destroyed']
 ['F23' '138.05878410739268' 'destroyed']
 ['F178' '142.80880637698513' 'mated']
 ['F73' '174.4557836239062' 'destroyed']
 ['F62' '195.32968368009205' 'mated']
 ['F50' '204.10502557467154' 'mated']
 ['F28' '214.21174311781317' 'absentdestroyed']
 ['F193' '284.17411378312744' 'mated']
 ['F64' '332.9170546772116' 'absent']]",566.0,73.27611154263172,15.316460830878686,1377.0,233.99512991172992,50.089099609717664,282.0,48.85385631608269,10.523345689635304,9.0,0.8999999999999999,0.09000000000000002,66.0,3.055555555555555,0.14146090534979422
22,0.054,7,360.17245337367285,"[['2' '0.023148148148148147' 'present']
 ['7' '0.7104216280207512' 'marauded']
 ['7' '3.4481078822252784' 'presentdestroyed']
 ['14' '4.250981432365765' 'presentdestroyed']
 ['9' '8.591528796171108' 'present']
 ['21' '12.028085565992395' 'present']
 ['23' '12.301390336498912' 'present']
 ['20' '42.257918486836694' 'present']
 ['12' '43.32913701857442' 'present']
 ['23' '47.01565713279978' 'present']
 ['12' '57.66521665730225' 'present']
 ['9' '65.27627578352741' 'present']
 ['10' '65.78564431006033' 'marauded']
 ['1' '66.12077444683936' 'presentdestroyed']
 ['8' '75.49532287967192' 'present']
 ['20' '77.18186237565739' 'present']
 ['5' '93.39152472247264' 'present']
 ['10' '94.17442998177005' 'present']
 ['1' '100.52514166552268' 'present']
 ['8' '108.82603684372123' 'present']
 ['21' '110.97013589332123' 'present']
 ['23' '116.80176743298131' 'present']
 ['0' '127.6912394529711' 'present']
 ['5' '128.2324661146323' 'present']
 ['5' '128.2787624109286' 'present']
 ['20' '132.58102454651203' 'present']
 ['5' '135.3248423300989' 'present']
 ['23' '136.90133301304212' 'present']
 ['7' '137.29701814531342' 'marauded']
 ['0' '141.35665819754254' 'presentdestroyed']
 ['15' '166.3996413264047' 'present']
 ['15' '169.07512473514723' 'present']
 ['1' '180.75593698100715' 'present']
 ['8' '187.4512605926912' 'present']
 ['3' '208.12853460359645' 'present']
 ['12' '215.038257358543' 'marauded']
 ['17' '235.1680566196156' 'present']
 ['19' '239.36648794316025' 'present']
 ['1' '245.0394994600688' 'present']
 ['9' '255.31402558010527' 'present']
 ['17' '259.13414466529235' 'marauded']
 ['7' '262.3201441100372' 'presentdestroyed']
 ['20' '266.6020871537393' 'presentdestroyed']
 ['14' '268.58886556425176' 'present']
 ['12' '273.91497859059126' 'marauded']
 ['10' '277.13973601729305' 'presentdestroyed']
 ['3' '284.78622952235537' 'present']
 ['1' '286.1008484118073' 'present']
 ['15' '295.20605736999045' 'marauded']
 ['3' '299.487263179612' 'presentdestroyed']
 ['10' '305.3698479062715' 'present']
 ['14' '326.460510308565' 'marauded']
 ['12' '327.8088128032779' 'presentdestroyed']
 ['12' '330.2553889543414' 'presentdestroyed']
 ['17' '330.6202492759258' 'presentdestroyed']
 ['19' '339.86355717461714' 'present']
 ['5' '341.0868276090586' 'present']
 ['14' '343.05176099375825' 'present']
 ['7' '351.2374119192851' 'present']
 ['9' '351.32409468416853' 'present']]","[['F91' '88.9041396330544' 'absent']
 ['F10' '145.35975471943277' 'mated']
 ['F133' '147.48136896697903' 'mated']
 ['F215' '152.75210687322982' 'mated']
 ['F131' '232.91650656377868' 'mated']
 ['F8' '249.4955822457935' 'mated']
 ['F61' '267.67852644581086' 'mated']
 ['F63' '274.3615632880393' 'destroyed']
 ['F122' '321.9660527444624' 'mated']]",552.0,69.42414603284271,14.009500755024032,1387.0,236.87784612161062,51.20310824964365,289.0,48.71627168411742,10.593575018350155,10.0,0.9999999999999999,0.10000000000000003,87.0,4.027777777777777,0.1864711934156376
23,0.054,9,360.1992822247004,"[['20' '3.158740325320489' 'present']
 ['9' '9.238122382890356' 'present']
 ['19' '21.01226114672199' 'present']
 ['7' '24.115865166815897' 'marauded']
 ['2' '27.118331659217354' 'destroyed']
 ['15' '34.62814604425572' 'present']
 ['1' '42.32383329029044' 'present']
 ['5' '62.27468001261151' 'marauded']
 ['15' '66.53681758807204' 'presentdestroyed']
 ['0' '67.04713858988674' 'presentdestroyed']
 ['7' '68.46624830531636' 'presentdestroyed']
 ['17' '81.2797026154989' 'present']
 ['17' '93.13746737855443' 'present']
 ['8' '98.4675761197812' 'present']
 ['8' '127.59784308302348' 'present']
 ['8' '138.83273495183815' 'present']
 ['1' '140.30294074783538' 'present']
 ['15' '152.27246886231174' 'present']
 ['10' '157.1446611677403' 'present']
 ['3' '161.4572930486736' 'present']
 ['0' '165.88131899064993' 'marauded']
 ['8' '169.97059724257267' 'destroyed']
 ['10' '173.469658451852' 'present']
 ['5' '179.01718352837378' 'present']
 ['14' '187.09369270943623' 'present']
 ['8' '187.9104889406688' 'present']
 ['0' '188.05438003988579' 'present']
 ['7' '188.98570122747458' 'present']
 ['21' '190.65580996209124' 'present']
 ['7' '193.44940639418337' 'present']
 ['2' '195.25140670251633' 'present']
 ['17' '198.5210466522434' 'present']
 ['2' '202.76440537781244' 'marauded']
 ['10' '205.54675787994628' 'presentdestroyed']
 ['9' '214.9323184858588' 'marauded']
 ['8' '219.15559250160055' 'presentdestroyed']
 ['19' '226.13631245457123' 'marauded']
 ['20' '233.18840156620507' 'presentdestroyed']
 ['0' '235.45728424589998' 'present']
 ['20' '237.81282066035433' 'present']
 ['15' '238.90519808172448' 'present']
 ['19' '245.52088171531545' 'present']
 ['8' '260.23863234952734' 'present']
 ['3' '260.68601155816157' 'present']
 ['12' '261.15242370349597' 'present']
 ['7' '262.0619817285665' 'present']
 ['9' '265.2180670524952' 'marauded']
 ['20' '267.17957800816737' 'destroyed']
 ['21' '268.05952824690735' 'presentdestroyed']
 ['20' '277.2603897014518' 'present']
 ['7' '286.32841094789455' 'marauded']
 ['9' '302.43718590299363' 'present']
 ['8' '309.7580338801293' 'marauded']
 ['21' '316.53200294590397' 'destroyed']
 ['9' '317.409641761676' 'destroyed']
 ['5' '319.83634259445927' 'marauded']
 ['2' '333.57425999618386' 'marauded']
 ['12' '334.0963176123004' 'presentdestroyed']
 ['0' '347.9971517115062' 'present']
 ['12' '354.1061861798329' 'present']
 ['5' '354.2368920635202' 'present']
 ['17' '357.14520606300715' 'present']]","[['F96' '23.382615903011494' 'mated']
 ['F191' '45.83386834954717' 'mated']
 ['F20' '60.4503504769878' 'absent']
 ['F125' '93.72566630901859' 'mated']
 ['F203' '100.23235084404237' 'mated']
 ['F149' '126.2393922839709' 'absent']
 ['F10' '145.33660657128462' 'absent']
 ['F144' '162.1139390430648' 'mated']
 ['F198' '186.08489331830862' 'mated']
 ['F173' '199.67960737192672' 'mated']
 ['F42' '238.02365433013236' 'mated']
 ['F77' '265.69659455935255' 'absentdestroyed']
 ['F185' '297.3411473784396' 'mated']]",548.0,74.33987789439539,16.93796653150868,1282.0,215.22957370072652,45.82238028803721,403.0,67.11788551556653,14.335878599684444,8.0,0.7999999999999999,0.08000000000000002,58.0,2.6851851851851847,0.12431412894375864
