id,probability_maraud,successful_mating,next_foraging_time,mar_attempts,mate_attempts,foraging_events,foraging_hrs,foraging_sqhrs,staying_events,staying_hrs,staying_sqhrs,repairing_events,repairing_hrs,repairing_sqhrs,marauding_events,marauding_hrs,marauding_sqhrs,traveling_events,traveling_hrs,traveling_sqhrs
0,0.054,10,359.95950810365383,"[['3' '3.000278987394101' 'present']
 ['3' '3.2096797640522476' 'present']
 ['5' '5.3678853797738375' 'present']
 ['14' '33.76343231687637' 'present']
 ['13' '40.24746965859348' 'present']
 ['14' '52.91957434036935' 'present']
 ['22' '59.050710232449475' 'present']
 ['3' '68.01769197315464' 'present']
 ['9' '73.970457853594' 'present']
 ['2' '74.36510117464144' 'present']
 ['2' '79.32565332210605' 'present']
 ['23' '83.43916157668046' 'present']
 ['1' '88.94596978668723' 'present']
 ['19' '92.8393842159455' 'present']
 ['8' '97.32016127696129' 'present']
 ['9' '102.2953150069222' 'present']
 ['16' '104.64753781458681' 'present']
 ['12' '105.29453384985547' 'present']
 ['1' '110.21484200979042' 'marauded']
 ['16' '119.35972087230945' 'present']
 ['18' '122.6744038544256' 'marauded']
 ['9' '125.8497666785987' 'presentdestroyed']
 ['21' '133.5325512052525' 'present']
 ['20' '140.12766192105104' 'marauded']
 ['11' '144.0667106314763' 'presentdestroyed']
 ['1' '147.9064351600117' 'present']
 ['6' '165.87232653477685' 'present']
 ['1' '167.4474403513336' 'present']
 ['16' '169.80380832132897' 'present']
 ['6' '170.4942591409792' 'present']
 ['19' '176.37124507507062' 'marauded']
 ['23' '183.1470431393696' 'presentdestroyed']
 ['11' '193.77952856614118' 'marauded']
 ['6' '195.9451766962382' 'presentdestroyed']
 ['5' '198.06192247429738' 'presentdestroyed']
 ['20' '200.41500338353535' 'presentdestroyed']
 ['9' '202.4342471325415' 'present']
 ['9' '202.62491238836475' 'present']
 ['19' '208.7985456755046' 'marauded']
 ['18' '215.54401295638237' 'present']
 ['5' '223.75104697355377' 'present']
 ['4' '228.60829147140967' 'present']
 ['20' '234.20736833067772' 'present']
 ['1' '245.57789985005607' 'present']
 ['1' '246.2740427122187' 'present']
 ['14' '252.2645784295084' 'present']
 ['8' '262.00631654384296' 'present']
 ['4' '271.9460384891231' 'marauded']
 ['3' '272.9746596888185' 'presentdestroyed']
 ['16' '286.58646190142287' 'present']
 ['21' '290.62247997670437' 'present']
 ['2' '303.67386092882106' 'present']
 ['9' '321.9647612813524' 'present']
 ['5' '323.4043392626417' 'present']
 ['19' '332.35151160555336' 'marauded']
 ['14' '332.7116133020877' 'presentdestroyed']
 ['14' '336.2906026529769' 'presentdestroyed']
 ['14' '342.8099505811256' 'present']
 ['16' '349.3245899506989' 'present']
 ['20' '355.69660217535767' 'marauded']
 ['13' '359.6963429063205' 'presentdestroyed']]","[['F211' '26.533524329742054' 'mated']
 ['F198' '113.336923230972' 'destroyed']
 ['F47' '130.48318232188785' 'mated']
 ['F206' '167.14043083428444' 'mated']
 ['F147' '170.2450099548527' 'mated']
 ['F103' '184.4391160751802' 'mated']
 ['F6' '215.646858131483' 'mated']
 ['F172' '230.3895862326876' 'mated']
 ['F30' '264.05732570778' 'mated']
 ['F140' '266.0934127433762' 'absent']
 ['F210' '289.4841378282327' 'mated']
 ['F139' '303.2769338992899' 'mated']]",567.0,66.51656587058355,12.728334038191095,1419.0,240.20760500783177,51.45164005360374,319.0,52.430525737278444,11.078585392303092,6.0,0.6,0.06000000000000001,79.0,0.365740740740741,0.0016932441700960204
1,0.054,11,360.21405206685716,"[['20' '0.5036853917930545' 'marauded']
 ['4' '1.685531081535734' 'presentdestroyed']
 ['8' '24.881943353752476' 'present']
 ['16' '28.48001642390449' 'marauded']
 ['19' '29.904597414289864' 'presentdestroyed']
 ['19' '34.16324040371723' 'presentdestroyed']
 ['16' '37.99825185966336' 'present']
 ['16' '41.66127334128899' 'present']
 ['21' '45.4833911339917' 'present']
 ['22' '46.146744952414664' 'present']
 ['4' '50.84369203830775' 'present']
 ['16' '51.54881161965235' 'present']
 ['3' '60.291380665533595' 'present']
 ['6' '68.00309105660077' 'present']
 ['3' '72.82215190729694' 'marauded']
 ['22' '76.43620356018221' 'presentdestroyed']
 ['23' '81.57631687352223' 'present']
 ['0' '82.38513256785915' 'present']
 ['8' '85.76922256186462' 'present']
 ['13' '88.97769188749292' 'present']
 ['2' '95.82505395768057' 'marauded']
 ['6' '99.04296876410211' 'destroyed']
 ['6' '109.64730528441574' 'present']
 ['5' '118.28489164357053' 'present']
 ['0' '118.9647599334588' 'present']
 ['11' '123.32423763045098' 'present']
 ['18' '123.72217576384573' 'present']
 ['21' '128.62041420431652' 'present']
 ['2' '128.63415459492532' 'present']
 ['4' '129.97064913255062' 'present']
 ['4' '130.39436770387348' 'present']
 ['4' '130.8651334830275' 'present']
 ['11' '133.7185076421554' 'present']
 ['14' '156.67352169092766' 'marauded']
 ['8' '159.04930407732948' 'destroyed']
 ['16' '159.87285948421504' 'presentdestroyed']
 ['0' '192.62394445091897' 'present']
 ['20' '207.98898886869435' 'present']
 ['13' '211.39573988638486' 'present']
 ['11' '231.45889635193467' 'present']
 ['4' '232.11233966518753' 'present']
 ['4' '242.97858356441762' 'present']
 ['18' '250.26750680384126' 'present']
 ['9' '253.82240368445204' 'present']
 ['8' '253.93752553302176' 'present']
 ['4' '264.7386955224358' 'present']
 ['18' '269.3766554860947' 'marauded']
 ['4' '270.10611582212255' 'presentdestroyed']
 ['0' '270.4895204832834' 'presentdestroyed']
 ['11' '275.6982157941505' 'presentdestroyed']
 ['20' '280.5132451093113' 'marauded']
 ['14' '284.2102279859547' 'presentdestroyed']
 ['8' '290.1568498493857' 'present']
 ['21' '292.1648193240152' 'marauded']
 ['0' '292.54068689355046' 'presentdestroyed']
 ['18' '304.7533644514483' 'present']
 ['16' '316.3209703235112' 'marauded']
 ['21' '324.0992569969532' 'present']
 ['19' '326.163957439976' 'present']
 ['23' '326.3778041923052' 'present']
 ['18' '328.8212157010306' 'marauded']
 ['22' '338.2596544034754' 'present']
 ['23' '340.0554494407988' 'present']
 ['13' '340.3240494823888' 'marauded']]","[['F146' '56.72513618930692' 'mated']
 ['F207' '144.62660607404464' 'mated']
 ['F14' '150.02307580318333' 'absent']
 ['F107' '163.11834494433214' 'destroyed']
 ['F141' '167.58205728319697' 'mated']
 ['F187' '178.46570368831576' 'mated']
 ['F83' '212.90912140471673' 'absent']
 ['F199' '217.97643384470214' 'mated']
 ['F73' '234.77309921173867' 'absent']
 ['F194' '246.71945971521683' 'mated']
 ['F174' '264.03092092982405' 'mated']
 ['F41' '266.12456031994213' 'mated']
 ['F61' '286.7991676011841' 'destroyed']
 ['F200' '299.89317799235533' 'mated']
 ['F52' '300.4208500396043' 'mated']
 ['F185' '324.74581295470574' 'mated']]",561.0,69.98779396494727,13.606657886419116,1341.0,220.87912873796606,46.29872954341236,397.0,67.3211715766772,14.410538212216986,15.0,1.5000000000000002,0.15000000000000008,77.0,0.3564814814814817,0.0016503772290809313
2,0.054,3,360.2759672780046,"[['11' '8.877851480998535' 'present']
 ['1' '9.482624705412608' 'present']
 ['16' '18.645334682032313' 'present']
 ['8' '23.370858591293093' 'marauded']
 ['14' '26.111832199994783' 'presentdestroyed']
 ['19' '28.231592876352313' 'presentdestroyed']
 ['19' '33.15855096071891' 'present']
 ['19' '34.40174074128505' 'present']
 ['13' '40.252099288223114' 'present']
 ['22' '44.11099513389377' 'present']
 ['12' '48.14665010640274' 'present']
 ['4' '50.09239032102262' 'present']
 ['3' '60.91845148749983' 'present']
 ['3' '66.90090247721949' 'marauded']
 ['14' '98.29147287894168' 'present']
 ['11' '107.02566658713438' 'present']
 ['0' '109.10144526754428' 'present']
 ['8' '122.77002890789771' 'present']
 ['9' '125.96036059674014' 'present']
 ['9' '137.5611058587404' 'present']
 ['20' '143.72022049469953' 'present']
 ['12' '145.39799644804972' 'present']
 ['13' '146.68060751955997' 'present']
 ['11' '148.06093380565432' 'present']
 ['12' '148.10503270154496' 'marauded']
 ['1' '155.98186095142265' 'present']
 ['18' '156.50311244218636' 'present']
 ['3' '164.71983726487096' 'marauded']
 ['21' '166.03534888967795' 'presentdestroyed']
 ['21' '166.1035335409082' 'destroyed']
 ['20' '182.99619793690397' 'marauded']
 ['20' '183.33293175909637' 'presentdestroyed']
 ['1' '185.2478939469455' 'presentdestroyed']
 ['16' '187.0629551167658' 'presentdestroyed']
 ['19' '189.9705311784057' 'destroyed']
 ['5' '192.1357656805647' 'present']
 ['18' '196.80861302748937' 'present']
 ['19' '200.23295880063634' 'marauded']
 ['5' '205.82801675309125' 'presentdestroyed']
 ['23' '209.65579517550154' 'present']
 ['22' '211.8837395910228' 'present']
 ['21' '215.0827141405827' 'present']
 ['22' '216.02769167172534' 'present']
 ['12' '219.98516960981462' 'present']
 ['8' '229.14711522206014' 'marauded']
 ['16' '235.765095355274' 'presentdestroyed']
 ['4' '248.46767621978924' 'present']
 ['16' '249.98817100987213' 'present']
 ['9' '251.0593548414465' 'present']
 ['6' '251.86481819695044' 'present']
 ['3' '269.71184833428526' 'present']
 ['5' '276.32894862988456' 'present']
 ['16' '282.4367869004582' 'present']
 ['4' '283.9307498916327' 'present']
 ['19' '298.0909109236419' 'present']
 ['0' '301.6142096227079' 'present']
 ['21' '306.3460510709647' 'present']
 ['20' '306.74957785541835' 'marauded']
 ['20' '308.3905414223587' 'presentdestroyed']
 ['19' '321.02917672285815' 'marauded']
 ['9' '321.13495038356297' 'presentdestroyed']
 ['19' '328.85211441931875' 'present']
 ['22' '332.04122958984823' 'present']
 ['22' '335.04493390091517' 'marauded']
 ['19' '335.9944263599013' 'presentdestroyed']
 ['22' '336.978135144303' 'presentdestroyed']
 ['1' '337.5752014436248' 'destroyed']
 ['19' '357.6723110606509' 'present']]","[['F123' '43.979722012527034' 'absent']
 ['F213' '111.85465255591907' 'absent']
 ['F198' '113.33923804578681' 'mated']
 ['F142' '156.0506572986151' '']
 ['F147' '170.24269514003788' 'destroyed']
 ['F151' '170.9811950964446' 'destroyed']
 ['F33' '186.63476753211648' 'destroyed']
 ['F68' '193.72279803132332' 'mated']
 ['F17' '202.12817941567184' 'destroyed']
 ['F90' '282.08362101079405' 'mated']
 ['F26' '341.0344071830071' 'destroyed']]",569.0,66.68629757701314,13.179799661773684,1365.0,231.06148035445884,49.601246351243816,355.0,60.68924940677835,13.094647920718042,14.0,1.4000000000000001,0.14000000000000007,88.0,0.40740740740740783,0.0018861454046639214
3,0.054,2,360.6567024306754,"[['23' '0.26779289668948886' 'present']
 ['13' '5.677739229028754' 'present']
 ['1' '17.14460662617138' 'marauded']
 ['11' '23.316924530982078' 'presentdestroyed']
 ['9' '25.152074462918154' 'present']
 ['0' '30.573606672963535' 'present']
 ['6' '37.33075999305263' 'present']
 ['18' '45.32243660184153' 'marauded']
 ['21' '46.28116191478308' 'destroyed']
 ['14' '57.7346924168517' 'present']
 ['12' '66.84204265687436' 'present']
 ['16' '68.43803336193355' 'present']
 ['16' '70.07601158343343' 'present']
 ['21' '77.22857180964732' 'present']
 ['2' '81.10727324012419' 'marauded']
 ['18' '82.12658877657782' 'presentdestroyed']
 ['13' '83.8824047428996' 'presentdestroyed']
 ['12' '105.44909672353204' 'present']
 ['11' '110.6922297244024' 'marauded']
 ['9' '122.24989474095256' 'marauded']
 ['19' '129.31073653950548' 'destroyed']
 ['8' '130.51990098747422' 'marauded']
 ['1' '133.76757493313028' 'presentdestroyed']
 ['21' '140.8398809636639' 'marauded']
 ['11' '142.24266358283546' 'presentdestroyed']
 ['2' '145.10551253103102' 'presentdestroyed']
 ['16' '151.89729828057892' 'marauded']
 ['5' '154.4114640218706' 'presentdestroyed']
 ['2' '160.06822055231837' 'present']
 ['21' '164.1654450007541' 'present']
 ['11' '168.27987315341085' 'present']
 ['1' '172.62967236977215' 'present']
 ['19' '178.2258719375954' 'present']
 ['13' '181.36140373336468' 'present']
 ['18' '198.1388949212895' 'present']
 ['20' '207.99361849832397' 'present']
 ['8' '217.61458775150248' 'present']
 ['22' '218.6639194601278' 'marauded']
 ['13' '220.15326651466498' 'presentdestroyed']
 ['21' '226.32207520689286' 'present']
 ['4' '226.9243956274474' 'marauded']
 ['11' '231.76643259321196' 'presentdestroyed']
 ['4' '240.69783473093003' 'marauded']
 ['16' '253.22137399651123' 'present']
 ['12' '254.09175005931561' 'present']
 ['21' '262.62035508235704' 'present']
 ['2' '263.7028745433571' 'present']
 ['11' '267.00877004301196' 'present']
 ['12' '288.2450571982763' 'marauded']
 ['23' '289.28728636468657' 'presentdestroyed']
 ['13' '295.11088209388544' 'presentdestroyed']
 ['6' '297.8411274499498' 'present']
 ['0' '299.5681317772668' 'present']
 ['11' '304.56302629548634' 'present']
 ['12' '309.16434597540615' 'present']
 ['14' '309.46476266748886' 'present']
 ['18' '325.52003969017204' 'present']
 ['6' '334.0556874466167' 'present']
 ['4' '336.89108765741497' 'present']
 ['2' '347.95763195169735' 'marauded']
 ['13' '350.47708284974203' 'presentdestroyed']
 ['2' '351.12868211352264' 'presentdestroyed']
 ['1' '358.8479544935237' 'present']]","[['F160' '60.90788593012788' 'mated']
 ['F79' '129.2107401563856' 'destroyed']
 ['F177' '130.4010571577904' 'mated']
 ['F206' '155.1288567602104' 'destroyed']
 ['F120' '156.5075865931856' 'destroyed']
 ['F107' '163.11603012951733' 'absent']
 ['F22' '219.70554550806136' 'destroyed']
 ['F172' '230.3872714178728' 'destroyed']
 ['F191' '237.19846514403736' 'absent']
 ['F200' '299.8908631775405' 'absent']]",565.0,74.35463349554351,16.504775077387315,1222.0,204.74518241418835,43.5973479891176,469.0,79.18600102801629,17.440707613953705,15.0,1.5000000000000002,0.15000000000000008,76.0,0.351851851851852,0.0016289437585733867
4,0.054,14,360.39307644206093,"[['13' '0.6249949325427362' 'present']
 ['2' '4.401272064131394' 'present']
 ['14' '7.385628876412616' 'marauded']
 ['2' '11.656168099856865' 'presentdestroyed']
 ['12' '11.832900734671005' 'presentdestroyed']
 ['12' '12.921832910340493' 'presentdestroyed']
 ['1' '15.413608943995172' 'marauded']
 ['13' '18.074350251116208' 'destroyed']
 ['22' '34.51170369453944' 'marauded']
 ['13' '38.52200030264241' 'destroyed']
 ['21' '43.21997650945815' 'present']
 ['1' '47.77154825658612' 'present']
 ['5' '52.86330598848635' 'present']
 ['6' '53.82131600846178' 'present']
 ['8' '55.93422211647157' 'marauded']
 ['3' '79.15539394901461' 'present']
 ['0' '81.5743090807415' 'present']
 ['1' '82.40295955157711' 'marauded']
 ['1' '85.03050328425853' 'presentdestroyed']
 ['1' '86.92910480122234' 'presentdestroyed']
 ['14' '102.23124754478033' 'present']
 ['6' '103.96521816186409' 'present']
 ['13' '105.29685542793513' 'present']
 ['2' '107.60299741108872' 'present']
 ['2' '111.97088069810957' 'present']
 ['8' '113.71227980031313' 'present']
 ['14' '115.34952617279541' 'present']
 ['6' '125.88678416412874' 'present']
 ['14' '131.60046694882382' 'marauded']
 ['9' '144.24072206676664' 'present']
 ['2' '147.273053894216' 'present']
 ['2' '158.69599667776683' 'present']
 ['0' '162.54485682385288' 'present']
 ['5' '168.52288840344704' 'present']
 ['21' '169.64458886733746' 'present']
 ['19' '174.3964148107706' 'present']
 ['0' '176.37077733926174' 'marauded']
 ['2' '177.9003283566569' 'presentdestroyed']
 ['21' '178.40715233234425' 'presentdestroyed']
 ['19' '179.683811963464' 'presentdestroyed']
 ['18' '181.07629426805826' 'presentdestroyed']
 ['19' '190.50258052479558' 'present']
 ['8' '193.0769286947173' 'present']
 ['8' '201.7516278212104' 'present']
 ['21' '202.10744905514997' 'present']
 ['3' '208.07482970224433' 'present']
 ['12' '215.56584698318537' 'present']
 ['22' '216.03232130135495' 'marauded']
 ['12' '222.89891073299742' 'presentdestroyed']
 ['9' '224.5617102947734' 'present']
 ['9' '229.2745262954345' 'present']
 ['21' '231.20525776804223' 'present']
 ['14' '253.36080032788564' 'marauded']
 ['12' '254.70388761608035' 'destroyed']
 ['22' '256.15241885339907' 'presentdestroyed']
 ['19' '266.495159295794' 'present']
 ['2' '278.44436306301014' 'present']
 ['22' '285.68990696708033' 'present']
 ['18' '296.6668025962676' 'present']
 ['2' '297.94340303040207' 'present']
 ['2' '300.1361571276716' 'present']
 ['9' '305.67743168178833' 'marauded']
 ['14' '308.29900168884217' 'presentdestroyed']
 ['3' '312.26669475425814' 'presentdestroyed']
 ['1' '315.0923344675691' 'marauded']
 ['18' '322.9485033133388' 'present']
 ['19' '326.34512603347724' 'marauded']
 ['13' '336.2416488720942' 'present']
 ['21' '339.98546921598773' 'present']
 ['3' '342.51444177086904' 'present']
 ['18' '351.0364600177623' 'present']
 ['19' '357.4695170565337' 'present']]","[['F134' '5.508329912870675' 'mated']
 ['F66' '97.88287712429117' 'mated']
 ['F171' '113.67644458947446' 'mated']
 ['F164' '119.68180364783036' 'mated']
 ['F152' '119.92594587970487' 'mated']
 ['F138' '129.16555151654805' 'mated']
 ['F79' '129.21305497120042' 'mated']
 ['F178' '144.84403576436966' 'mated']
 ['F92' '148.54009274473512' 'mated']
 ['F14' '150.02076098836852' 'absent']
 ['F161' '155.35737418994904' 'mated']
 ['F142' '156.05297211342992' 'mated']
 ['F71' '198.99636943499493' 'mated']
 ['F175' '233.14240636487628' 'mated']
 ['F191' '237.20077995885217' 'mated']
 ['F156' '327.1261068988644' 'destroyed']]",567.0,73.3708090816826,15.890180379821784,1268.0,212.39059307509368,45.44489287241614,412.0,72.82842743004429,16.21474245096017,11.0,1.0999999999999999,0.11000000000000004,76.0,0.351851851851852,0.0016289437585733867
5,0.054,11,360.3430310668451,"[['22' '23.983020170587036' 'marauded']
 ['12' '24.86936317159336' 'presentdestroyed']
 ['23' '28.30959112082081' 'presentdestroyed']
 ['9' '32.00476820506189' 'present']
 ['16' '35.39222187038593' 'present']
 ['16' '46.07840556167503' 'present']
 ['6' '55.90617329807354' 'present']
 ['19' '59.88622181532903' 'present']
 ['3' '64.1702145751455' 'marauded']
 ['20' '67.93073209694217' 'presentdestroyed']
 ['3' '68.02232160278426' 'presentdestroyed']
 ['18' '91.10638471199061' 'present']
 ['3' '94.48005816144847' 'marauded']
 ['19' '97.14220662589706' 'destroyed']
 ['20' '101.46792967416712' 'presentdestroyed']
 ['14' '111.13933598391345' 'present']
 ['0' '121.48218488780994' 'marauded']
 ['23' '123.83839159770766' 'presentdestroyed']
 ['13' '126.51588367750621' 'presentdestroyed']
 ['6' '144.1605175236084' 'present']
 ['2' '145.11185297561482' 'present']
 ['11' '145.92608259788858' 'present']
 ['9' '146.25866647799165' 'present']
 ['9' '177.15318519992567' 'present']
 ['23' '181.73444433758945' 'present']
 ['20' '182.08385539179963' 'present']
 ['19' '201.21509269048937' 'present']
 ['19' '201.70317960238145' 'present']
 ['8' '203.4745829538861' 'present']
 ['4' '203.95781903908414' 'present']
 ['4' '204.49940147151023' 'present']
 ['2' '208.54165005194648' 'present']
 ['9' '211.79038266842142' 'present']
 ['22' '218.47254412906864' 'present']
 ['6' '234.71592056669854' 'present']
 ['4' '241.37337750616894' 'present']
 ['4' '248.72004438674196' 'marauded']
 ['23' '250.20886985679041' 'presentdestroyed']
 ['19' '266.1659661775704' 'present']
 ['0' '267.7055512251259' 'present']
 ['2' '275.5821941469833' 'present']
 ['4' '277.350034776501' 'present']
 ['20' '278.1247779442872' 'present']
 ['0' '283.4929848691274' 'present']
 ['18' '291.299941721275' 'marauded']
 ['20' '295.2288580501827' 'presentdestroyed']
 ['8' '298.39437207618255' 'destroyed']
 ['12' '307.85283822375607' 'present']
 ['18' '310.32518663794076' 'present']
 ['8' '324.84709896617164' 'marauded']
 ['20' '327.0714668042434' 'presentdestroyed']
 ['20' '330.3089486664693' 'destroyed']
 ['3' '335.18137138199984' 'present']
 ['19' '335.8897967302716' 'marauded']
 ['12' '342.67393894049997' 'presentdestroyed']
 ['14' '352.12211324750314' 'present']
 ['12' '356.9177616873051' 'marauded']]","[['F102' '46.02524147843929' 'mated']
 ['F126' '68.6971262177658' 'destroyed']
 ['F99' '92.76620617710726' 'mated']
 ['F66' '97.88056230947636' 'absentdestroyed']
 ['F214' '131.92341563788375' 'mated']
 ['F206' '155.1265419453956' 'absent']
 ['F206' '155.1311715750252' 'absent']
 ['F142' '156.0483424838003' 'absent']
 ['F128' '158.48770968024715' 'mated']
 ['F82' '168.4499085772328' 'mated']
 ['F33' '186.6370823469313' 'absent']
 ['F133' '186.93598559417978' 'mated']
 ['F4' '201.703517078477' 'mated']
 ['F181' '216.67302372730467' 'mated']
 ['F175' '233.14009155006147' 'absent']
 ['F69' '245.7774421272239' 'absent']
 ['F72' '256.64711656442864' 'mated']
 ['F183' '284.1544526820294' 'absent']
 ['F89' '304.75246127044875' 'mated']
 ['F26' '341.03209236819225' 'destroyed']
 ['F131' '345.1723721924844' 'mated']]",574.0,72.95159389268612,15.718954956667469,1374.0,235.01877701239337,50.70234523305229,310.0,51.225918375270375,10.673793309238311,5.0,0.5,0.05000000000000001,69.0,0.3194444444444445,0.0014789094650205748
6,0.054,8,360.33682589769376,"[['12' '8.256901823030933' 'present']
 ['22' '8.59768437288427' 'present']
 ['0' '10.13902542936403' 'present']
 ['8' '20.240024106456005' 'present']
 ['0' '24.5548514962889' 'present']
 ['14' '29.247140723576166' 'marauded']
 ['23' '29.7975626610266' 'presentdestroyed']
 ['9' '32.21928411793813' 'destroyed']
 ['12' '32.92504108479019' 'presentdestroyed']
 ['18' '34.57385976014771' 'presentdestroyed']
 ['8' '45.80988668802733' 'present']
 ['16' '52.399718686697085' 'present']
 ['5' '60.596455286054905' 'present']
 ['23' '64.6159653160598' 'present']
 ['20' '71.18467442570217' 'present']
 ['3' '75.03882274273043' 'marauded']
 ['12' '78.22293455031316' 'presentdestroyed']
 ['12' '78.22756417994277' 'presentdestroyed']
 ['22' '81.68385306265809' 'presentdestroyed']
 ['13' '81.89543087730888' 'presentdestroyed']
 ['22' '90.50658358924548' 'present']
 ['11' '100.00993207913508' 'present']
 ['12' '115.3945545519277' 'present']
 ['14' '133.26187019051685' 'present']
 ['2' '133.44327484528014' 'marauded']
 ['1' '137.96662398108583' 'presentdestroyed']
 ['21' '140.34138537095137' 'destroyed']
 ['12' '147.23834396147006' 'marauded']
 ['8' '152.91198624642033' 'presentdestroyed']
 ['18' '154.4873644557965' 'destroyed']
 ['13' '157.90553063884946' 'marauded']
 ['9' '162.45205525882022' 'presentdestroyed']
 ['9' '166.12663022814036' 'present']
 ['11' '173.37316390337207' 'marauded']
 ['3' '181.95412410843008' 'present']
 ['9' '187.8979397896428' 'present']
 ['23' '194.97151784168253' 'present']
 ['18' '200.16247907928013' 'present']
 ['4' '201.6259829780158' 'present']
 ['9' '208.37610587857648' 'present']
 ['3' '211.67239740324516' 'present']
 ['23' '215.11703577709685' 'present']
 ['1' '217.33808134638988' 'present']
 ['18' '222.66653511988605' 'present']
 ['4' '232.48840017841562' 'present']
 ['3' '239.52272333173252' 'present']
 ['9' '243.2771869869343' 'marauded']
 ['16' '252.62951154853778' 'present']
 ['8' '260.1792886345083' 'present']
 ['9' '260.76350910495427' 'present']
 ['23' '295.2205052948346' 'present']
 ['1' '304.9879291064494' 'present']
 ['18' '313.17214318026856' 'present']
 ['0' '318.41137978516394' 'present']
 ['8' '322.7420246247983' 'marauded']
 ['0' '331.9546199917425' 'present']
 ['22' '335.0403042712855' 'present']
 ['22' '336.21358809821066' 'marauded']
 ['0' '341.30900333032776' 'presentdestroyed']
 ['4' '342.8101124675127' 'presentdestroyed']
 ['22' '351.8284461477372' 'present']
 ['13' '357.4519656176637' 'present']
 ['4' '359.9393666238583' 'marauded']]","[['F176' '15.606614510749136' 'mated']
 ['F213' '111.85696737073388' 'mated']
 ['F65' '121.57896283008665' 'mated']
 ['F42' '125.950041223006' 'absent']
 ['F16' '126.31147954552381' 'mated']
 ['F165' '156.61923427585413' 'mated']
 ['F27' '160.55853950635955' 'destroyed']
 ['F8' '192.25764414563767' 'mated']
 ['F22' '219.70786032287617' 'mated']
 ['F80' '232.40596364566517' 'mated']
 ['F50' '261.10734442278493' 'absent']
 ['F156' '327.12379208404957' 'destroyed']]",563.0,72.42809716769857,15.250653637404692,1362.0,231.3460060240651,49.61959706773954,323.0,54.73696630470648,11.557785083496094,14.0,1.4000000000000001,0.14000000000000007,67.0,0.3101851851851852,0.0014360425240054857
7,0.0,9,360.00220600315436,"[['14' '1.9870072397749892' 'present']
 ['12' '11.868742681840036' 'present']
 ['19' '12.011530781352826' 'present']
 ['11' '12.145969735716895' 'present']
 ['12' '27.02751456841855' 'present']
 ['11' '31.14889834893923' 'marauded']
 ['1' '43.25873154447072' 'present']
 ['9' '48.37030786266811' 'marauded']
 ['3' '58.4691561266384' 'marauded']
 ['20' '61.23676774616967' 'presentdestroyed']
 ['12' '63.24047544782945' 'presentdestroyed']
 ['21' '63.57896131803326' 'presentdestroyed']
 ['9' '65.45913015572077' 'presentdestroyed']
 ['12' '69.28615974788683' 'marauded']
 ['3' '71.61185687343118' 'presentdestroyed']
 ['11' '75.43088380974181' 'destroyed']
 ['22' '76.11984394321075' 'presentdestroyed']
 ['2' '82.07015432367353' 'present']
 ['6' '89.07933097213844' 'present']
 ['11' '90.56594376586726' 'present']
 ['21' '93.53283533463367' 'present']
 ['4' '93.58140865969715' 'present']
 ['4' '95.31892129614164' 'present']
 ['1' '105.92462527049028' 'present']
 ['2' '108.41746535313236' 'marauded']
 ['12' '113.05563456681908' 'presentdestroyed']
 ['19' '116.43160005672051' 'present']
 ['23' '120.93622887936756' 'present']
 ['20' '123.0169646960744' 'present']
 ['13' '126.8875342080418' 'marauded']
 ['5' '130.1826678926456' 'destroyed']
 ['8' '137.47547971562284' 'marauded']
 ['2' '141.702524028803' 'presentdestroyed']
 ['14' '143.49107765239236' 'presentdestroyed']
 ['1' '145.87927005265462' 'present']
 ['12' '146.10295123058424' 'present']
 ['9' '150.04450449203205' 'marauded']
 ['14' '155.16566259069916' 'presentdestroyed']
 ['9' '160.5489473201996' 'present']
 ['0' '162.54022719422326' 'present']
 ['19' '180.72433293578516' 'present']
 ['1' '185.58244700096617' 'present']
 ['9' '188.45983042446127' 'present']
 ['21' '198.77579440424176' 'present']
 ['20' '207.33866136727454' 'present']
 ['9' '224.56633992440302' 'present']
 ['2' '227.5858286144634' 'present']
 ['6' '231.81624623708746' 'present']
 ['12' '242.25600853114338' 'present']
 ['16' '245.3158277209029' 'present']
 ['8' '245.92839185509004' 'present']
 ['9' '250.90369677243456' 'marauded']
 ['20' '253.8076814851772' 'presentdestroyed']
 ['3' '255.14424516369755' 'presentdestroyed']
 ['4' '286.5368818952926' 'marauded']
 ['12' '292.5858328760589' 'destroyed']
 ['22' '293.71915686920255' 'presentdestroyed']
 ['9' '297.78988487091806' 'present']
 ['18' '312.49193583631813' 'present']
 ['20' '330.31357829609897' 'present']
 ['11' '340.0957898829062' 'present']
 ['16' '345.4779026122654' 'present']
 ['5' '346.04036926406405' 'present']
 ['0' '346.09340809637195' 'present']
 ['8' '353.0208620634527' 'marauded']
 ['12' '356.24285723485013' 'destroyed']
 ['19' '358.8196626262848' 'presentdestroyed']]","[['F24' '22.95442024698077' 'absent']
 ['F10' '55.19284769596391' 'destroyed']
 ['F125' '62.397578757301645' 'absentdestroyed']
 ['F79' '129.206110526756' 'destroyed']
 ['F47' '130.48086750707304' 'destroyed']
 ['F113' '136.79865645477062' 'mated']
 ['F48' '149.56765306767875' 'mated']
 ['F14' '150.02539061799814' 'absent']
 ['F157' '151.19038575292424' 'destroyed']
 ['F62' '162.01731810373164' 'mated']
 ['F15' '166.825672513448' 'mated']
 ['F76' '187.31390813621493' 'mated']
 ['F12' '194.48519307909532' 'mated']
 ['F184' '213.45184770554587' 'absent']
 ['F67' '234.00435771669186' 'mated']
 ['F61' '286.79685278636924' 'destroyed']
 ['F114' '288.00865699554174' 'absentdestroyed']
 ['F215' '290.3030972457104' 'absentdestroyed']
 ['F122' '317.5295030819944' 'mated']
 ['F156' '327.12842171367924' 'mated']]",564.0,72.30697878758347,15.266740663433012,1322.0,221.72396672376163,47.70483800716169,394.0,66.05396836702245,14.225494471125897,0.0,0.0,0.0,0.0,0.0,0.0
8,0.054,16,360.4332084025358,"[['12' '14.879905655371667' 'present']
 ['0' '21.074674520173424' 'present']
 ['19' '33.777874582651414' 'marauded']
 ['19' '41.121889263840316' 'destroyed']
 ['12' '50.17986645938239' 'present']
 ['6' '50.57893447939294' 'present']
 ['23' '55.98783642141017' 'marauded']
 ['20' '59.386307482189935' 'presentdestroyed']
 ['18' '63.339614161827086' 'present']
 ['3' '64.65728186192482' 'present']
 ['12' '78.2321938095724' 'marauded']
 ['3' '80.78703502876701' 'presentdestroyed']
 ['13' '83.78535580722355' 'presentdestroyed']
 ['12' '86.35243485096636' 'present']
 ['2' '86.83708989175689' 'marauded']
 ['2' '87.09429067830416' 'presentdestroyed']
 ['2' '87.24401644828839' 'presentdestroyed']
 ['22' '90.82645804776435' 'destroyed']
 ['3' '96.13651057541583' 'present']
 ['12' '115.28992492229808' 'marauded']
 ['4' '115.5343601553732' 'destroyed']
 ['1' '122.27868220286739' 'presentdestroyed']
 ['18' '125.94693648027229' 'present']
 ['13' '139.39187507297456' 'marauded']
 ['0' '139.79717763131802' 'presentdestroyed']
 ['18' '146.2650000452957' 'presentdestroyed']
 ['21' '149.25255591809238' 'present']
 ['12' '151.58377025813948' 'present']
 ['5' '156.42023750732832' 'present']
 ['22' '156.80342804577123' 'present']
 ['12' '160.1818915565869' 'present']
 ['0' '164.50372297145913' 'marauded']
 ['4' '164.80616441580102' 'presentdestroyed']
 ['21' '183.56353082560926' 'present']
 ['2' '194.37912915932193' 'present']
 ['20' '200.47136187476465' 'present']
 ['19' '208.1808218200366' 'marauded']
 ['19' '211.62033598849627' 'presentdestroyed']
 ['5' '226.17483707492224' 'present']
 ['21' '228.01079130746007' 'present']
 ['1' '233.35530907589606' 'present']
 ['6' '235.6228253488073' 'marauded']
 ['20' '237.7167073439115' 'presentdestroyed']
 ['4' '240.80246436055964' 'destroyed']
 ['22' '256.82987123479444' 'present']
 ['14' '259.4667742037345' 'present']
 ['9' '259.9501555256718' 'present']
 ['13' '260.6714256987539' 'present']
 ['23' '262.4895905425831' 'present']
 ['0' '266.1136462800516' 'present']
 ['19' '267.4404866119531' 'marauded']
 ['22' '277.4427628473003' 'present']
 ['22' '288.3619615711875' 'present']
 ['20' '294.0188692484568' 'present']
 ['14' '304.7025789061124' 'present']
 ['1' '310.0038651231912' 'marauded']
 ['20' '318.52266456513524' 'present']
 ['19' '319.577541175004' 'present']
 ['0' '329.4448410464995' 'present']
 ['4' '336.28249927240387' 'marauded']
 ['0' '345.37092026747996' 'present']
 ['0' '351.678767633211' 'present']
 ['20' '353.49827252058833' 'present']
 ['9' '356.2069361981705' 'marauded']
 ['6' '358.0364036993203' 'presentdestroyed']
 ['13' '358.3680555763358' 'presentdestroyed']]","[['F24' '22.956735061795584' 'mated']
 ['F108' '31.63639081354515' 'mated']
 ['F125' '62.39989357211646' 'destroyed']
 ['F149' '109.35942057084004' 'mated']
 ['F152' '119.92363106489006' 'destroyed']
 ['F0' '125.85411124086676' 'mated']
 ['F166' '139.00633355157902' 'mated']
 ['F37' '149.79397960509414' 'mated']
 ['F74' '151.37838993836138' 'mated']
 ['F195' '154.19879566289208' 'mated']
 ['F29' '163.50403134682662' 'mated']
 ['F17' '202.13049423048665' 'mated']
 ['F168' '207.96262059257128' 'mated']
 ['F11' '232.9603171210687' 'mated']
 ['F73' '234.77541402655348' 'mated']
 ['F69' '245.77975694203872' 'mated']
 ['F100' '251.3800567679051' 'mated']
 ['F23' '265.7930945679618' 'mated']]",575.0,71.81154983108368,14.914468043827863,1235.0,209.97605523497202,45.56359674912261,434.0,76.30524650271566,16.362700079544748,17.0,1.7000000000000004,0.1700000000000001,63.0,0.2916666666666666,0.0013503086419753075
9,0.054,6,359.8056976500356,"[['22' '1.69125328887059' 'present']
 ['13' '4.040607523522132' 'present']
 ['5' '15.303790215616052' 'present']
 ['11' '23.730102251849956' 'present']
 ['20' '34.09981138431131' 'present']
 ['23' '34.868749976834046' 'present']
 ['3' '42.09211232175519' 'present']
 ['21' '51.55906260311318' 'marauded']
 ['23' '64.92972882723222' 'present']
 ['22' '77.1564104324765' 'marauded']
 ['0' '80.63908065232734' 'presentdestroyed']
 ['4' '91.6423085920175' 'marauded']
 ['2' '93.53620144081195' 'destroyed']
 ['22' '111.36316543240888' 'present']
 ['4' '118.49768351263671' 'present']
 ['13' '124.10849595920865' 'present']
 ['21' '133.52792157562288' 'present']
 ['5' '147.2475987354587' 'present']
 ['5' '153.1467049130999' 'present']
 ['1' '153.2754126665432' 'marauded']
 ['19' '162.50959739956738' 'present']
 ['0' '172.6058200360175' 'present']
 ['19' '181.6660209908475' 'present']
 ['2' '182.71890370881175' 'present']
 ['11' '183.40641567677886' 'present']
 ['6' '187.80557715655874' 'present']
 ['11' '188.5880273954975' 'present']
 ['6' '190.72096709705193' 'marauded']
 ['6' '197.38553208153573' 'presentdestroyed']
 ['12' '213.4914311834032' 'present']
 ['13' '215.40489805684442' 'present']
 ['11' '216.95083081645265' 'present']
 ['14' '221.94365526809682' 'present']
 ['19' '235.21062200692322' 'present']
 ['2' '241.87723490786487' 'present']
 ['23' '241.96536451739138' 'present']
 ['2' '246.5942146823937' 'present']
 ['20' '261.5580871397792' 'present']
 ['5' '264.47384370913335' 'present']
 ['5' '265.27314629889304' 'present']
 ['18' '267.476644415871' 'present']
 ['3' '267.8441386554117' 'marauded']
 ['8' '275.31239101980526' 'present']
 ['23' '280.13991094759996' 'marauded']
 ['0' '281.96956660852635' 'presentdestroyed']
 ['0' '282.3896600158512' 'presentdestroyed']
 ['18' '285.37991678618744' 'presentdestroyed']
 ['6' '297.08173897009374' 'present']
 ['18' '297.24615446090024' 'present']
 ['22' '305.6822687603467' 'marauded']
 ['0' '305.9464293419016' 'presentdestroyed']
 ['0' '306.761541747131' 'presentdestroyed']
 ['21' '308.9292301146214' 'presentdestroyed']
 ['6' '312.0757152268852' 'presentdestroyed']
 ['6' '322.39260973896097' 'present']
 ['20' '323.24610076927786' 'present']
 ['13' '324.02454584613525' 'present']
 ['23' '333.9757588470085' 'present']
 ['22' '339.16986620620656' 'present']
 ['23' '343.37060157872486' 'present']
 ['0' '344.73830931726127' 'marauded']
 ['14' '348.2374132972035' 'presentdestroyed']
 ['5' '348.4878919081386' 'destroyed']]","[['F101' '65.96129505872942' 'absent']
 ['F9' '118.04890754426549' 'mated']
 ['F84' '141.71654720422734' 'mated']
 ['F115' '184.5864736735665' 'mated']
 ['F130' '201.13735432817012' 'mated']
 ['F111' '221.80375778553164' 'mated']
 ['F136' '222.78600922830717' 'mated']
 ['F60' '274.75753270395353' 'destroyed']]",567.0,71.50318523389122,14.456739911415228,1349.0,231.66343050315103,50.35172116515002,336.0,54.98794377903768,11.713608692923588,15.0,1.5000000000000002,0.15000000000000008,91.0,0.4212962962962968,0.001950445816186555
10,0.0,9,360.43629564376084,"[['2' '7.295326093009676' 'present']
 ['9' '8.337246491078169' 'present']
 ['14' '11.908939190807658' 'present']
 ['11' '16.970006569969506' 'present']
 ['23' '35.07203785894828' 'present']
 ['13' '39.890512193588805' 'present']
 ['5' '41.62639026222131' 'marauded']
 ['1' '47.76691862695649' 'presentdestroyed']
 ['23' '78.98827119777886' 'present']
 ['4' '81.95563714089123' 'present']
 ['12' '82.14835119138799' 'present']
 ['9' '85.63310930477692' 'present']
 ['0' '92.56264678265978' 'present']
 ['6' '97.78023324884465' 'present']
 ['12' '103.0147654025148' 'present']
 ['11' '105.88676148924326' 'present']
 ['12' '106.06028109741484' 'present']
 ['2' '107.60762704071834' 'present']
 ['11' '113.63354901088957' 'present']
 ['5' '118.977734150042' 'present']
 ['12' '127.23815299335186' 'marauded']
 ['13' '128.6257935380236' 'presentdestroyed']
 ['12' '136.31869360576965' 'marauded']
 ['20' '153.74709770563217' 'present']
 ['23' '154.55138097727104' 'present']
 ['23' '155.27367142973603' 'present']
 ['23' '158.98922936077722' 'present']
 ['3' '159.4830919209123' 'present']
 ['0' '160.601468894674' 'marauded']
 ['22' '171.88801385350672' 'present']
 ['14' '174.53182609786725' 'marauded']
 ['3' '175.74100589033566' 'presentdestroyed']
 ['1' '182.58642261532427' 'present']
 ['9' '183.58353531001748' 'present']
 ['16' '184.3844788572744' 'present']
 ['1' '190.9602932804896' 'present']
 ['12' '200.28763858328549' 'present']
 ['5' '218.2182068398175' 'present']
 ['23' '226.0881431804459' 'present']
 ['5' '227.5096590774379' 'present']
 ['2' '228.07647345985106' 'present']
 ['9' '232.39559670778723' 'marauded']
 ['16' '233.98392884173927' 'destroyed']
 ['6' '237.23927471478197' 'presentdestroyed']
 ['1' '257.9979153147389' 'present']
 ['18' '262.78556436621386' 'present']
 ['3' '265.9606421582777' 'present']
 ['6' '270.68488058913584' 'present']
 ['18' '274.43413966817394' 'present']
 ['5' '285.9366115817088' 'present']
 ['18' '287.4491793934669' 'present']
 ['1' '289.28502673662575' 'present']
 ['13' '302.22324682071604' 'present']
 ['2' '306.1709799419901' 'present']
 ['9' '315.1784648017911' 'present']
 ['5' '316.69531889840084' 'present']
 ['9' '321.13958001319264' 'marauded']
 ['11' '321.18286906295765' 'presentdestroyed']
 ['18' '324.55352666420015' 'presentdestroyed']
 ['9' '325.2713474536857' 'presentdestroyed']
 ['21' '347.326408365826' 'present']
 ['14' '349.4900570292421' 'marauded']
 ['5' '355.30045096676287' 'presentdestroyed']]","[['F110' '49.554233494193774' 'destroyed']
 ['F126' '68.69944103258061' 'mated']
 ['F135' '90.08346638216177' 'mated']
 ['F58' '105.0663505804889' 'mated']
 ['F78' '129.18350374000156' 'destroyed']
 ['F204' '146.92992426860087' 'mated']
 ['F120' '156.50990140800042' 'mated']
 ['F28' '159.73257946389407' 'mated']
 ['F34' '160.08825397610545' 'mated']
 ['F27' '160.56316913598917' 'absent']
 ['F82' '168.447593762418' '']
 ['F36' '175.60045557701207' 'destroyed']
 ['F140' '266.095727558191' 'mated']
 ['F104' '296.97181694377457' 'mated']]",570.0,71.23102816115028,14.444188560575348,1427.0,239.90855842682225,50.7516279751731,299.0,48.89612148385245,10.012121719970475,0.0,0.0,0.0,0.0,0.0,0.0
11,0.054,3,360.214450592052,"[['13' '4.234364654219427' 'present']
 ['0' '13.921556165907317' 'present']
 ['0' '18.07618393156033' 'present']
 ['3' '26.898271730726343' 'present']
 ['13' '28.933616660940118' 'present']
 ['23' '29.792933031396974' 'present']
 ['18' '31.14814028329752' 'marauded']
 ['9' '32.92252741422212' 'presentdestroyed']
 ['16' '38.27245051287212' 'destroyed']
 ['13' '38.526629932272044' 'present']
 ['3' '40.78350117966205' 'present']
 ['8' '46.034294127292775' 'marauded']
 ['22' '47.858942132033626' 'destroyed']
 ['12' '62.2368379552186' 'present']
 ['20' '63.31608468732883' 'present']
 ['6' '66.66386850589413' 'marauded']
 ['3' '68.80146584983372' 'presentdestroyed']
 ['19' '81.06526672435766' 'present']
 ['9' '86.95566400283539' 'present']
 ['0' '92.54661584360568' 'present']
 ['6' '93.48559661246948' 'present']
 ['23' '96.93589530084299' 'present']
 ['8' '102.38091405908108' 'present']
 ['2' '110.37386378021131' 'present']
 ['20' '119.05484694742704' 'present']
 ['16' '124.04521481702686' 'marauded']
 ['9' '125.96499022636976' 'presentdestroyed']
 ['6' '127.6248946238313' 'presentdestroyed']
 ['14' '142.5422548070015' 'present']
 ['0' '150.80355105988593' 'present']
 ['13' '151.991483167113' 'marauded']
 ['18' '175.29178727789824' 'present']
 ['18' '176.48089069385648' 'present']
 ['21' '202.15843423227545' 'marauded']
 ['1' '204.60492246927592' 'presentdestroyed']
 ['6' '233.69607631981205' 'marauded']
 ['6' '237.91155398682244' 'presentdestroyed']
 ['9' '240.95725775136154' 'presentdestroyed']
 ['16' '246.95821866031795' 'marauded']
 ['20' '252.63869029695354' 'presentdestroyed']
 ['12' '253.27610738754936' 'presentdestroyed']
 ['3' '256.3766374908474' 'marauded']
 ['6' '258.25208129899346' 'presentdestroyed']
 ['2' '260.55224700714075' 'presentdestroyed']
 ['0' '266.10901665042195' 'present']
 ['13' '266.94784683071566' 'present']
 ['23' '267.7733003191402' 'present']
 ['18' '279.85601819311944' 'present']
 ['8' '283.8165920575289' 'present']
 ['16' '289.79196844505356' 'present']
 ['9' '295.9927444806682' 'marauded']
 ['0' '297.33090959720914' 'presentdestroyed']
 ['21' '306.6137852528243' 'present']
 ['21' '317.33000441475946' 'present']
 ['14' '321.32550740861586' 'marauded']
 ['19' '328.8474847896891' 'presentdestroyed']
 ['3' '337.92046315121524' 'present']
 ['18' '340.84953385119854' 'present']
 ['0' '341.81583650967184' 'present']
 ['19' '346.2365303664431' 'present']
 ['12' '346.6597769846535' 'present']
 ['20' '355.691972545728' 'present']]","[['F24' '22.949790617351145' 'absent']
 ['F32' '34.000453099577534' 'destroyed']
 ['F91' '91.34787071315009' 'absent']
 ['F79' '129.20379571194118' 'destroyed']
 ['F5' '142.61304800683325' 'mated']
 ['F147' '170.24038032522307' 'absent']
 ['F103' '184.4368012603654' 'absent']
 ['F97' '191.31740192514204' 'mated']
 ['F3' '196.46800876410492' 'mated']
 ['F191' '237.19615032922255' 'destroyed']]",558.0,69.56149304791975,14.809239798530633,1328.0,221.8829608031187,46.90083525081338,384.0,67.11382295184336,14.759005484398271,12.0,1.2,0.12000000000000005,67.0,0.3101851851851852,0.0014360425240054857
12,0.054,8,360.4877638254582,"[['16' '2.0173196544832988' 'present']
 ['8' '9.921780670838157' 'present']
 ['23' '17.362420142741875' 'present']
 ['22' '44.19422071352903' 'present']
 ['2' '44.58936209815995' 'present']
 ['20' '51.10193962573356' 'present']
 ['5' '54.32017597665231' 'present']
 ['19' '60.30869401700059' 'present']
 ['3' '78.82106867793048' 'present']
 ['0' '93.12998346712635' 'present']
 ['0' '93.13461309675597' 'present']
 ['1' '95.19616017107434' 'marauded']
 ['11' '119.33407021810235' 'marauded']
 ['19' '121.6914285761654' 'presentdestroyed']
 ['11' '132.8269071521027' 'present']
 ['1' '137.97125361071545' 'present']
 ['2' '140.43817778722524' 'present']
 ['1' '144.12154915206995' 'present']
 ['0' '148.5571619154452' 'present']
 ['19' '153.21452166909333' 'present']
 ['16' '154.69237738925074' 'present']
 ['3' '159.86012795071042' 'present']
 ['23' '161.18346283842166' 'present']
 ['20' '174.214882611835' 'present']
 ['3' '176.6380984537525' 'present']
 ['3' '187.122972066996' 'marauded']
 ['8' '191.9484477929147' 'presentdestroyed']
 ['6' '197.3809024519061' 'present']
 ['9' '200.94358885422653' 'present']
 ['0' '205.5005261022683' 'present']
 ['22' '212.5313570742675' 'present']
 ['9' '224.57096955403264' 'present']
 ['6' '233.0710650974121' 'marauded']
 ['1' '234.97843004506143' 'destroyed']
 ['6' '256.4302649643347' 'marauded']
 ['5' '263.25902647336306' 'presentdestroyed']
 ['5' '265.99385793152203' 'present']
 ['18' '267.0880366802145' 'present']
 ['1' '267.9172063450411' 'present']
 ['2' '289.7383685166613' 'present']
 ['21' '294.83529384734595' 'present']
 ['19' '297.1353844701012' 'marauded']
 ['16' '299.2487064672013' 'presentdestroyed']
 ['9' '303.6286618754257' 'destroyed']
 ['22' '314.41668008631046' 'present']
 ['16' '319.2813891015393' 'present']
 ['13' '324.26705570130804' 'present']
 ['4' '335.5284647089893' 'present']
 ['5' '351.78690527171176' 'present']
 ['13' '356.17318746884075' 'present']]","[['F121' '7.61058637214744' 'absent']
 ['F105' '86.36217396239358' 'mated']
 ['F53' '109.2549076580494' 'mated']
 ['F78' '129.18581855481636' 'mated']
 ['F5' '142.61073319201844' 'absent']
 ['F206' '155.13580120465483' 'absent']
 ['F170' '165.84998874939978' 'mated']
 ['F19' '185.4312016314752' 'mated']
 ['F43' '230.90443354720378' 'mated']
 ['F162' '264.45821079692496' 'mated']
 ['F183' '284.1567674968442' 'absent']
 ['F26' '341.0367219978219' 'mated']]",567.0,72.25078270554283,15.490142839034794,1452.0,249.2857976166994,53.54433430378456,213.0,36.57715706384182,8.1434180929997,15.0,1.5000000000000002,0.15000000000000008,111.0,0.5138888888888897,0.0023791152263374503
13,0.054,9,360.34147330301334,"[['19' '1.5974285713310201' 'present']
 ['6' '7.438359029140558' 'marauded']
 ['14' '14.44884485758731' 'destroyed']
 ['11' '16.52198234925741' 'present']
 ['18' '16.88540905263851' 'present']
 ['22' '25.99977172517211' 'present']
 ['14' '28.73504340624254' 'present']
 ['19' '29.720261723094197' 'present']
 ['1' '41.343023081137446' 'present']
 ['12' '42.14298112609528' 'marauded']
 ['11' '44.023321479742684' 'presentdestroyed']
 ['2' '50.676586996497186' 'marauded']
 ['11' '57.11211857737858' 'presentdestroyed']
 ['2' '57.61427985279959' 'presentdestroyed']
 ['12' '58.349883688610994' 'marauded']
 ['9' '61.42067561948735' 'destroyed']
 ['19' '63.95282366154326' 'destroyed']
 ['0' '67.40552273829306' 'present']
 ['4' '81.62486676938408' 'present']
 ['11' '85.82186447783405' 'present']
 ['4' '90.33678444035549' 'marauded']
 ['9' '111.07918725990409' 'marauded']
 ['14' '119.67585310960835' 'present']
 ['16' '129.53129230157322' 'present']
 ['12' '137.43361314381744' 'present']
 ['2' '162.90141257584642' 'present']
 ['12' '167.04090258749065' 'present']
 ['4' '167.74015056515003' 'present']
 ['1' '183.8467870118226' 'present']
 ['20' '188.1953112468356' 'marauded']
 ['11' '200.1669581516305' 'present']
 ['23' '202.0710129631262' 'marauded']
 ['0' '202.77354623724963' 'presentdestroyed']
 ['8' '203.86457722133522' 'destroyed']
 ['12' '204.86075095474476' 'presentdestroyed']
 ['5' '206.93691288415286' 'presentdestroyed']
 ['23' '207.096751263178' 'presentdestroyed']
 ['18' '209.28077155782324' 'presentdestroyed']
 ['20' '216.52732623820114' 'present']
 ['12' '216.77599570341275' 'present']
 ['12' '229.55994401092252' 'present']
 ['19' '230.30958439125328' 'present']
 ['14' '234.42712815178504' 'marauded']
 ['5' '234.58862616599535' 'destroyed']
 ['14' '234.70117028017296' 'presentdestroyed']
 ['3' '238.77629058197056' 'presentdestroyed']
 ['9' '248.38633512989168' 'marauded']
 ['18' '264.9046091176872' 'present']
 ['8' '281.1885289290761' 'present']
 ['12' '281.7217382682293' 'marauded']
 ['16' '282.14787302500037' 'presentdestroyed']
 ['4' '283.222032244176' 'presentdestroyed']
 ['4' '283.3986021670304' 'presentdestroyed']
 ['22' '289.24224935589496' 'present']
 ['19' '297.57517356986665' 'present']
 ['3' '299.35436207315763' 'present']
 ['22' '300.5251813521313' 'present']
 ['5' '314.1580423685322' 'present']
 ['18' '314.4000501611679' 'marauded']
 ['5' '321.5148649312054' 'destroyed']
 ['22' '322.4178876301994' 'present']
 ['8' '326.3416439945501' 'marauded']
 ['21' '335.44822241705083' 'present']
 ['21' '335.95595114533677' 'present']
 ['19' '344.81734318985434' 'present']
 ['23' '347.1406135349226' 'present']
 ['1' '352.94504890090815' 'present']
 ['2' '353.3779788145503' 'present']
 ['14' '354.06541386727423' 'present']]","[['F121' '7.608271557332625' 'destroyed']
 ['F24' '22.952105432165958' 'absent']
 ['F91' '91.34555589833528' 'destroyed']
 ['F127' '160.21209023620273' 'mated']
 ['F151' '170.9835099112594' 'mated']
 ['F33' '186.6393971617461' 'mated']
 ['F44' '211.94111385283486' 'mated']
 ['F83' '212.91143621953154' 'mated']
 ['F190' '213.593851817063' 'absent']
 ['F159' '215.87971297819712' 'mated']
 ['F167' '224.58212745210008' 'mated']
 ['F21' '248.2823079744542' 'mated']
 ['F50' '261.1096592375998' 'mated']]",576.0,72.14241281409858,15.226917711996107,1238.0,207.20204938227354,43.64064993238927,467.0,79.37285251187217,16.77031955823132,10.0,0.9999999999999999,0.10000000000000003,74.0,0.3425925925925927,0.0015860768175582976
14,0.054,7,360.30149046298334,"[['22' '7.994585944208631' 'present']
 ['6' '14.162355690909289' 'present']
 ['2' '16.266342360705686' 'marauded']
 ['18' '21.79690225414842' 'presentdestroyed']
 ['19' '27.54126561087107' 'present']
 ['13' '32.18700138960398' 'present']
 ['5' '38.35622194433185' 'present']
 ['21' '41.888473672677385' 'marauded']
 ['0' '46.17071757007596' 'presentdestroyed']
 ['5' '48.08053614033448' 'presentdestroyed']
 ['21' '60.38918294210597' 'present']
 ['1' '64.81735130592608' 'marauded']
 ['13' '66.74583059703981' 'destroyed']
 ['22' '79.71290582733047' 'present']
 ['13' '81.79080124767927' 'marauded']
 ['13' '85.02314068167772' 'destroyed']
 ['9' '90.92150615595763' 'present']
 ['0' '94.64958012057907' 'present']
 ['0' '96.67652781763849' 'present']
 ['19' '116.02931753758766' 'present']
 ['4' '117.70663073344274' 'present']
 ['19' '119.91058944224412' 'present']
 ['16' '122.08176188500735' 'marauded']
 ['22' '122.82107547729042' 'presentdestroyed']
 ['2' '126.6639720549963' 'presentdestroyed']
 ['4' '128.62198049372878' 'presentdestroyed']
 ['9' '130.46467453137234' 'present']
 ['1' '133.89921585505883' 'present']
 ['21' '146.00275210828872' 'present']
 ['9' '147.32155546956994' 'present']
 ['16' '157.64559202427984' 'marauded']
 ['13' '159.61132128790035' 'presentdestroyed']
 ['12' '163.06776397028833' 'presentdestroyed']
 ['3' '166.31024414959458' 'marauded']
 ['19' '174.6150258067462' 'marauded']
 ['2' '176.6572073466657' 'presentdestroyed']
 ['19' '177.88785005738484' 'presentdestroyed']
 ['23' '181.03632450549472' 'presentdestroyed']
 ['12' '184.03976529369382' 'present']
 ['23' '187.81081286757862' 'present']
 ['8' '193.08155832434693' 'present']
 ['20' '207.34329099690416' 'marauded']
 ['21' '208.9851764530455' 'presentdestroyed']
 ['5' '210.38211134227032' 'presentdestroyed']
 ['21' '221.6649964058559' 'present']
 ['21' '224.36060497968612' 'marauded']
 ['19' '225.14073024352277' 'destroyed']
 ['8' '225.6348338713754' 'destroyed']
 ['23' '234.34833822008278' 'present']
 ['21' '235.3359064719403' 'marauded']
 ['16' '239.2485388224549' 'presentdestroyed']
 ['5' '244.55596855150205' 'marauded']
 ['16' '245.9398525080071' 'presentdestroyed']
 ['9' '246.6858641567959' 'presentdestroyed']
 ['6' '251.5429057268203' 'presentdestroyed']
 ['19' '251.79256620920432' 'presentdestroyed']
 ['18' '261.3895422387742' 'marauded']
 ['18' '263.3329658437393' 'presentdestroyed']
 ['3' '266.95615048550036' 'presentdestroyed']
 ['8' '267.21838240737065' 'presentdestroyed']
 ['19' '269.4842976826696' 'marauded']
 ['18' '269.5772209249029' 'presentdestroyed']
 ['5' '285.5904335605226' 'present']
 ['2' '285.6459854282624' 'present']
 ['6' '293.55375629600746' 'marauded']
 ['0' '293.5822182269446' 'presentdestroyed']
 ['4' '302.1451544046063' 'present']
 ['21' '304.32924801800635' 'present']
 ['23' '305.6294279733186' 'present']
 ['13' '306.44717498197804' 'present']
 ['12' '309.48344101973356' 'present']
 ['0' '312.37911095451915' 'present']
 ['6' '314.38492196142215' 'present']
 ['11' '318.27993478799334' 'present']
 ['21' '339.09420247008916' 'present']
 ['3' '346.0789555791488' 'present']
 ['22' '351.11029062492173' 'present']
 ['20' '355.32437832578665' 'present']]","[['F123' '43.97740719771222' 'destroyed']
 ['F188' '47.277630638006464' 'absentdestroyed']
 ['F110' '49.55654830900859' 'mated']
 ['F173' '103.83960016530834' 'mated']
 ['F51' '115.99739031086207' 'mated']
 ['F106' '124.1795401822763' 'destroyed']
 ['F197' '133.40752971734398' 'mated']
 ['F209' '148.68850109278236' 'mated']
 ['F27' '160.56548395080398' 'destroyed']
 ['F3' '196.4656939492901' 'absent']
 ['F44' '211.93879903802005' 'destroyed']
 ['F81' '214.62839019435484' 'absent']
 ['F100' '251.3777419530903' 'absentdestroyed']
 ['F174' '264.0286061150092' 'destroyed']
 ['F23' '265.790779753147' 'destroyed']
 ['F183' '284.15908231165906' 'mated']
 ['F87' '354.1233574584616' 'mated']]",571.0,68.39689361777093,13.149083526375195,1190.0,198.78020010936513,41.68951516609415,549.0,91.46651300107544,19.350847396090114,12.0,1.2,0.12000000000000005,60.0,0.2777777777777776,0.0012860082304526738
15,0.0,16,360.49080231042194,"[['13' '2.6177776043647' 'marauded']
 ['22' '2.789408420239421' 'presentdestroyed']
 ['11' '17.412275060437' 'present']
 ['11' '22.549734751772466' 'marauded']
 ['11' '24.161632402250937' 'presentdestroyed']
 ['13' '35.92539470403667' 'present']
 ['9' '37.467194596673' 'present']
 ['22' '39.988073123631146' 'present']
 ['11' '43.05753984811413' 'present']
 ['19' '44.09215607763325' 'marauded']
 ['6' '52.19572388853986' 'presentdestroyed']
 ['18' '52.898402738492976' 'present']
 ['5' '59.109960210521514' 'present']
 ['1' '60.582207104763775' 'present']
 ['20' '61.2413973757993' 'marauded']
 ['22' '61.55578871089456' 'presentdestroyed']
 ['14' '72.24373112017442' 'present']
 ['8' '73.63680571372582' 'marauded']
 ['11' '75.86251846786634' 'destroyed']
 ['4' '76.69820792809992' 'presentdestroyed']
 ['8' '85.60850845777703' 'present']
 ['1' '87.8729782635906' 'present']
 ['8' '94.48989555876247' 'present']
 ['2' '99.36807459247504' 'marauded']
 ['19' '100.14471545235739' 'presentdestroyed']
 ['22' '113.50341862056433' 'marauded']
 ['4' '121.04611837424872' 'present']
 ['12' '132.30275548689332' 'present']
 ['4' '149.04606268412292' 'present']
 ['3' '149.04741379894438' 'present']
 ['12' '151.00528603478222' 'present']
 ['12' '158.28010416739656' 'marauded']
 ['3' '163.41143630463483' 'presentdestroyed']
 ['8' '172.42975903988153' 'marauded']
 ['20' '176.59790956939514' 'presentdestroyed']
 ['4' '188.89891418749258' 'present']
 ['22' '192.2669493474259' 'present']
 ['0' '202.13744992573078' 'present']
 ['12' '212.0858615803743' 'present']
 ['18' '212.95257002641702' 'present']
 ['13' '219.35127005380696' 'marauded']
 ['16' '225.24376563425716' 'presentdestroyed']
 ['9' '225.83812825982437' 'presentdestroyed']
 ['13' '228.17622413744786' 'present']
 ['14' '235.1007122383653' 'present']
 ['0' '235.9658221986745' 'present']
 ['16' '264.11710273897233' 'present']
 ['19' '269.29055860004615' 'present']
 ['2' '275.58682377661296' 'present']
 ['19' '286.62479099540906' 'present']
 ['16' '289.96708901453684' 'present']
 ['0' '299.0504537958575' 'present']
 ['14' '304.29244610294853' 'present']
 ['2' '305.6864894698214' 'present']
 ['8' '307.7484721647116' 'marauded']
 ['1' '313.14774282211033' 'presentdestroyed']
 ['23' '322.0046467118749' 'present']
 ['6' '334.06031707624635' 'marauded']
 ['14' '336.74110912548946' 'presentdestroyed']
 ['6' '345.5417644561541' 'present']
 ['21' '350.3614437553182' 'present']
 ['2' '351.61103800369915' 'present']
 ['21' '351.8258782152469' 'present']
 ['4' '356.7450307156843' 'present']
 ['3' '358.3934438507253' 'present']
 ['12' '359.47998204027607' 'present']]","[['F212' '39.18563964931341' 'mated']
 ['F54' '70.32264885525016' 'mated']
 ['F91' '91.3501855279649' 'mated']
 ['F20' '108.14883364729805' 'mated']
 ['F149' '109.35710575602523' 'absent']
 ['F49' '112.8255756773327' 'mated']
 ['F145' '145.42159203697835' 'mated']
 ['F204' '146.92760945378606' 'absent']
 ['F14' '150.02770543281295' 'mated']
 ['F157' '151.19270056773905' 'mated']
 ['F112' '156.97449480129424' 'mated']
 ['F155' '183.3947889589364' 'mated']
 ['F203' '204.64026580620438' 'mated']
 ['F184' '213.45416252036068' 'mated']
 ['F190' '213.59616663187782' 'mated']
 ['F148' '219.97057769788532' 'absentdestroyed']
 ['F140' '266.0887831137465' 'absent']
 ['F61' '286.8014824159989' 'mated']
 ['F215' '290.3054120605252' 'mated']
 ['F70' '294.05632044541414' 'mated']]",570.0,69.6696821648343,14.96452055362302,1273.0,217.37114743845387,47.32982880547238,440.0,73.09944045034104,15.661191947064099,0.0,0.0,0.0,0.0,0.0,0.0
16,0.054,6,360.86404705026507,"[['18' '0.29046464307742476' 'present']
 ['9' '6.66266907142866' 'present']
 ['5' '8.129264808039222' 'present']
 ['5' '10.547417398980304' 'present']
 ['11' '12.590761795840768' 'present']
 ['14' '26.45286805756638' 'present']
 ['21' '32.91667929023508' 'present']
 ['18' '33.80182080732158' 'present']
 ['19' '34.72402578646101' 'present']
 ['23' '36.02853986990574' 'present']
 ['22' '40.67650928664517' 'present']
 ['1' '49.806746793474254' 'present']
 ['20' '55.291940189547724' 'present']
 ['11' '59.296806213280185' 'marauded']
 ['9' '85.82087052687109' 'marauded']
 ['13' '86.08862404106456' 'presentdestroyed']
 ['2' '100.11942555232937' 'present']
 ['5' '111.37872542358002' 'present']
 ['13' '130.93861087825843' 'marauded']
 ['9' '133.479930372385' 'presentdestroyed']
 ['11' '138.69268420968726' 'present']
 ['13' '139.49650470260417' 'present']
 ['5' '139.7972869569778' 'marauded']
 ['23' '168.5078956367938' 'present']
 ['12' '169.9641510971623' 'present']
 ['12' '170.78285963684365' 'present']
 ['23' '171.84175916411215' 'present']
 ['8' '172.53438866951115' 'present']
 ['5' '172.69356390677336' 'marauded']
 ['5' '181.95379926820482' 'present']
 ['22' '193.81954377496965' 'present']
 ['19' '195.19367257830004' 'present']
 ['3' '195.73504004213825' 'marauded']
 ['12' '213.16445397166396' 'present']
 ['5' '214.67423523143813' 'present']
 ['2' '220.89250680034212' 'present']
 ['6' '221.32972192445573' 'present']
 ['23' '231.4685195862186' 'present']
 ['23' '233.28706635220152' 'present']
 ['9' '246.71323484529546' 'present']
 ['14' '253.6934141506522' 'present']
 ['14' '259.47140383336415' 'present']
 ['21' '262.0372541084207' 'present']
 ['18' '274.71531507885743' 'present']
 ['4' '276.08914836578754' 'present']
 ['12' '285.0997642850233' 'present']
 ['13' '296.9147271153167' 'present']
 ['2' '299.96164504673385' 'present']
 ['0' '300.28944507180677' 'present']
 ['4' '305.588426901787' 'marauded']
 ['23' '307.00295158023795' 'presentdestroyed']
 ['20' '307.70950507568887' 'presentdestroyed']
 ['22' '313.61822821911534' 'present']
 ['21' '323.89276328201794' 'marauded']
 ['19' '326.4672249362656' 'presentdestroyed']
 ['11' '333.75455303216637' 'marauded']
 ['12' '333.8511576029436' 'destroyed']
 ['13' '342.5153003172103' 'present']
 ['19' '347.23760685002276' 'present']
 ['22' '351.8330757773669' 'marauded']]","[['F123' '43.98203682734185' 'mated']
 ['F189' '48.35734057371767' 'mated']
 ['F146' '56.722821374492106' 'absent']
 ['F31' '62.73687260327206' 'destroyed']
 ['F63' '130.45109849932635' 'mated']
 ['F206' '155.13348638984002' 'absent']
 ['F124' '181.10425570159862' 'mated']
 ['F137' '194.28304203557084' 'mated']
 ['F182' '247.03182280451662' 'absent']
 ['F114' '288.0109718103566' 'mated']
 ['F96' '289.06580483346175' 'absent']]",579.0,74.66434801338463,15.82125407608628,1321.0,223.90708503100427,48.216070495127994,353.0,60.618674395190475,13.168422825468491,8.0,0.7999999999999999,0.08000000000000002,64.0,0.2962962962962962,0.001371742112482852
17,0.0,12,359.91585565279917,"[['22' '1.3655003478264398' 'marauded']
 ['20' '2.930333018847238' 'presentdestroyed']
 ['16' '11.818610385020287' 'present']
 ['4' '25.082489106815864' 'present']
 ['14' '36.298254475056225' 'present']
 ['6' '38.036996681857524' 'present']
 ['1' '42.178114315166766' 'present']
 ['9' '48.04318642978858' 'present']
 ['23' '55.54097370183023' 'present']
 ['9' '63.11955016032952' 'present']
 ['12' '64.19194568263315' 'present']
 ['8' '67.02799594620902' 'marauded']
 ['4' '73.02508612812527' 'presentdestroyed']
 ['3' '73.36093672595858' 'destroyed']
 ['16' '76.86720694722435' 'present']
 ['22' '101.00005378175356' 'present']
 ['3' '106.64033442568727' 'marauded']
 ['12' '115.20940415365949' 'present']
 ['18' '123.36000996460744' 'present']
 ['2' '128.17665608021335' 'present']
 ['19' '138.85782083686604' 'present']
 ['4' '139.26187672612215' 'present']
 ['2' '142.6272629610636' 'present']
 ['9' '145.15170693018453' 'present']
 ['21' '148.5229347779124' 'present']
 ['9' '161.64308099602042' 'present']
 ['2' '162.387038924636' 'present']
 ['1' '166.23351402702184' 'present']
 ['12' '166.86970382841338' 'present']
 ['3' '174.5406552092553' 'marauded']
 ['9' '174.70167201783008' 'destroyed']
 ['1' '179.03512267338238' 'presentdestroyed']
 ['11' '183.41104530640848' 'present']
 ['12' '186.35714181346026' 'present']
 ['22' '197.71351205870454' 'present']
 ['12' '197.74660471406492' 'present']
 ['3' '199.69830747491815' 'present']
 ['11' '201.12441402149153' 'present']
 ['9' '211.8830003357922' 'present']
 ['18' '216.8458406909509' 'present']
 ['18' '242.15327438990883' 'present']
 ['0' '254.2653272906804' 'present']
 ['1' '256.7168815616469' 'marauded']
 ['16' '259.20394178859783' 'presentdestroyed']
 ['14' '259.27350286338435' 'presentdestroyed']
 ['23' '264.7805736519923' 'present']
 ['6' '266.0792991812889' 'present']
 ['11' '266.4625337120626' 'present']
 ['22' '272.8435409347082' 'present']
 ['2' '278.04826082152454' 'present']
 ['23' '283.8428978504298' 'marauded']
 ['2' '285.6311516580388' 'destroyed']
 ['4' '292.4266121046577' 'present']
 ['18' '299.18020577944685' 'present']
 ['22' '310.74233035646034' 'present']
 ['12' '312.8885803040242' 'present']
 ['16' '314.5971518931521' 'present']
 ['22' '319.2542348191391' 'present']
 ['3' '319.95351947302356' 'present']
 ['21' '321.35322841439876' 'marauded']
 ['3' '323.9813494728089' 'presentdestroyed']
 ['21' '326.9765362891579' 'presentdestroyed']
 ['1' '326.98946351840766' 'presentdestroyed']
 ['8' '335.1105378335238' 'marauded']
 ['9' '336.34355781202123' 'presentdestroyed']
 ['23' '343.3659719490952' 'present']
 ['6' '348.60908097562066' 'present']
 ['6' '349.49357465773005' 'present']
 ['0' '352.0904108377825' 'present']
 ['2' '353.38260844418' 'marauded']]","[['F188' '47.27994545282128' 'mated']
 ['F65' '121.57664801527184' 'absent']
 ['F42' '125.9523560378208' 'mated']
 ['F86' '138.2072248023408' 'mated']
 ['F120' '156.502956963556' 'absent']
 ['F25' '159.5256061374488' 'mated']
 ['F27' '160.5677987656188' 'mated']
 ['F18' '192.02547901116253' 'mated']
 ['F64' '194.08550953127641' 'mated']
 ['F12' '194.48287826428052' 'absent']
 ['F163' '199.29612013890534' 'mated']
 ['F85' '199.57723652179462' 'absent']
 ['F150' '203.6493906280521' 'mated']
 ['F116' '205.8777849281795' 'mated']
 ['F38' '239.13425060743236' 'mated']
 ['F182' '247.03645243414624' 'mated']
 ['F30' '264.0550108929652' 'destroyed']]",559.0,72.13639845075653,15.171619121105612,1387.0,233.2031793558258,49.718423209054066,309.0,54.762662800800186,12.299796541899541,0.0,0.0,0.0,0.0,0.0,0.0
18,0.054,12,360.08466762514587,"[['21' '2.271631800963742' 'present']
 ['20' '2.47288992758054' 'marauded']
 ['13' '3.0631244536536064' 'presentdestroyed']
 ['11' '4.89757556280907' 'destroyed']
 ['3' '6.088547844585609' 'destroyed']
 ['12' '17.031768515848164' 'present']
 ['19' '19.787050586730885' 'present']
 ['2' '22.814623839386023' 'present']
 ['0' '26.213952576898873' 'present']
 ['8' '28.716465138728218' 'present']
 ['21' '34.31724860293962' 'present']
 ['19' '64.0843396639364' 'marauded']
 ['19' '64.2473230124959' 'presentdestroyed']
 ['21' '79.13105391724203' 'present']
 ['22' '83.65688039671703' 'present']
 ['19' '93.51157611025005' 'present']
 ['0' '101.10640083878661' 'present']
 ['14' '102.23587717440995' 'marauded']
 ['12' '105.29916347948509' 'destroyed']
 ['22' '106.54682497715164' 'presentdestroyed']
 ['21' '109.19809034098418' 'present']
 ['14' '113.45644290452705' 'present']
 ['11' '114.77132749562085' 'marauded']
 ['13' '119.27945719891258' 'destroyed']
 ['23' '124.81698196032468' 'present']
 ['13' '125.26964901965155' 'present']
 ['20' '126.41976267134835' 'marauded']
 ['22' '127.97158441338988' 'presentdestroyed']
 ['8' '129.89947562049613' 'presentdestroyed']
 ['23' '135.5871865108017' 'marauded']
 ['4' '139.60361869377027' 'presentdestroyed']
 ['22' '142.5501658713132' 'presentdestroyed']
 ['20' '142.65589791526597' 'present']
 ['22' '157.4845066331845' 'present']
 ['0' '165.7116557932861' 'present']
 ['22' '166.4931014625199' 'marauded']
 ['16' '167.68298548566491' 'destroyed']
 ['3' '168.99189836626869' 'presentdestroyed']
 ['2' '172.51053095305818' 'presentdestroyed']
 ['13' '177.93601676615907' 'present']
 ['9' '189.8971439802159' 'present']
 ['4' '192.67158133094983' 'present']
 ['11' '195.0415709698533' 'present']
 ['11' '201.24119898478872' 'marauded']
 ['0' '206.60853549972927' 'presentdestroyed']
 ['4' '210.75780760353635' 'present']
 ['21' '214.43586898765093' 'present']
 ['22' '216.13695093098457' 'present']
 ['2' '220.7644311041508' 'present']
 ['12' '228.64581783698387' 'present']
 ['4' '233.63112624013746' 'present']
 ['21' '240.25890153833552' 'present']
 ['8' '245.66702474779592' 'present']
 ['0' '247.9207885767768' 'present']
 ['22' '250.98506519255096' 'present']
 ['20' '258.7041345547539' 'present']
 ['20' '270.9800770677035' 'present']
 ['2' '303.6692312991914' 'present']
 ['20' '316.208270186688' 'present']
 ['23' '317.86195093748194' 'present']
 ['9' '323.6726374354773' 'present']
 ['16' '333.39919490650607' 'present']
 ['9' '343.2000298088342' 'marauded']
 ['22' '345.4458393489726' 'destroyed']
 ['2' '348.9813664686357' 'destroyed']]","[['F134' '5.50601509805586' 'destroyed']
 ['F39' '25.395393120099985' 'mated']
 ['F32' '34.00276791439235' 'mated']
 ['F125' '62.40220838693128' 'mated']
 ['F31' '62.73918741808688' 'mated']
 ['F206' '167.13811601946963' 'destroyed']
 ['F151' '170.97888028162978' 'destroyed']
 ['F169' '180.15639612583414' 'mated']
 ['F179' '183.65461929865515' 'mated']
 ['F129' '194.24996105600997' 'mated']
 ['F1' '199.45702634695206' 'mated']
 ['F85' '199.57955133660943' 'mated']
 ['F148' '219.97289251270013' 'mated']
 ['F46' '238.26690600712314' 'mated']
 ['F55' '296.1392720074445' 'mated']]",560.0,64.21953503645402,12.343148676506816,1401.0,238.89800865813157,51.064930672384506,316.0,55.45950539728283,12.232206005408845,11.0,1.0999999999999999,0.11000000000000004,76.0,0.351851851851852,0.0016289437585733867
19,0.054,10,360.3800722942725,"[['12' '0.0023148148148148147' 'present']
 ['22' '7.220064068563034' 'present']
 ['8' '11.346188845510458' 'present']
 ['16' '22.23906024005328' 'present']
 ['6' '26.32790652193506' 'present']
 ['13' '28.294081742983217' 'present']
 ['21' '38.11626494255597' 'present']
 ['3' '42.09674195138482' 'present']
 ['5' '44.9995036299568' 'present']
 ['16' '47.251059041309986' 'present']
 ['21' '56.81448452718091' 'present']
 ['11' '57.53183681101267' 'present']
 ['6' '59.74424570585057' 'present']
 ['1' '61.25753321543387' 'present']
 ['2' '74.57013149143839' 'present']
 ['16' '78.60017133224426' 'present']
 ['21' '79.5342335942848' 'present']
 ['11' '80.32658286096515' 'present']
 ['2' '82.07478395330315' 'present']
 ['22' '82.32027259066405' 'present']
 ['1' '84.15212123010942' 'marauded']
 ['5' '85.34321856230348' 'presentdestroyed']
 ['1' '91.27062867191026' 'presentdestroyed']
 ['16' '94.02058572050113' 'present']
 ['12' '94.09488600145887' 'present']
 ['20' '100.6722163118955' 'present']
 ['1' '104.93362812083069' 'present']
 ['9' '114.05125766925882' 'present']
 ['4' '117.16541356385531' 'present']
 ['2' '129.67690964353835' 'marauded']
 ['22' '129.68441038418922' 'destroyed']
 ['5' '131.12909369065443' 'presentdestroyed']
 ['2' '133.324739774488' 'presentdestroyed']
 ['14' '143.94676163791112' 'present']
 ['18' '144.311839286539' 'present']
 ['16' '163.81982238453077' 'present']
 ['16' '168.36691034293034' 'present']
 ['8' '182.6809094577687' 'present']
 ['3' '192.3660756329931' 'present']
 ['9' '200.54408363988068' 'present']
 ['4' '207.13061624332184' 'present']
 ['23' '208.31811222923355' 'present']
 ['21' '211.9287674127916' 'marauded']
 ['18' '212.11081630162784' 'presentdestroyed']
 ['22' '214.02691127201342' 'presentdestroyed']
 ['21' '214.64641913882807' 'destroyed']
 ['1' '220.49176529933993' 'present']
 ['5' '228.17476129417307' 'present']
 ['4' '237.0957024197048' 'present']
 ['13' '247.11227637535183' 'present']
 ['8' '255.15651890882566' 'present']
 ['22' '256.26473292266337' 'present']
 ['3' '259.1290373409655' 'present']
 ['18' '261.63008093060836' 'present']
 ['18' '262.7809347365842' 'present']
 ['12' '271.04854658571094' 'present']
 ['4' '272.1514223485264' 'present']
 ['11' '282.0050985263103' 'present']
 ['2' '292.0248797800818' 'present']
 ['4' '296.10246074954716' 'present']
 ['23' '297.9968674047935' 'present']
 ['9' '302.6801642419439' 'marauded']
 ['21' '310.9694248764958' 'marauded']
 ['3' '313.82088223126306' 'presentdestroyed']
 ['9' '313.83825454954024' 'presentdestroyed']
 ['12' '314.75937977911644' 'destroyed']
 ['3' '315.27359227209297' 'destroyed']
 ['12' '321.68427096345596' 'present']
 ['6' '332.08602384351855' 'present']
 ['18' '336.9345828885741' 'present']
 ['11' '351.4378825310444' 'present']
 ['13' '359.7009725359502' 'present']]","[['F10' '55.19516251077873' 'mated']
 ['F126' '68.69481140295099' 'absent']
 ['F192' '93.63319472269747' 'mated']
 ['F118' '102.20571093476143' 'mated']
 ['F132' '119.53899395423295' 'mated']
 ['F40' '119.55486862959069' 'mated']
 ['F106' '124.18185499709111' 'mated']
 ['F27' '160.56085432117436' 'absent']
 ['F196' '172.49566467236068' 'mated']
 ['F154' '191.74552793290388' 'mated']
 ['F81' '214.62607537954003' 'destroyed']
 ['F6' '215.64454331666818' 'destroyed']
 ['F13' '215.80553535745756' 'destroyed']
 ['F167' '224.57981263728527' 'absent']
 ['F7' '230.44962770435987' 'mated']
 ['F93' '291.574581767244' 'mated']]",567.0,72.11722502709794,15.048654383891853,1490.0,255.465570876238,54.9979857644525,169.0,30.52305239400919,6.881445474680816,15.0,1.5000000000000002,0.15000000000000008,91.0,0.4212962962962968,0.001950445816186555
20,0.054,6,360.48839650443296,"[['9' '0.731913185978107' 'present']
 ['5' '14.135383763011825' 'present']
 ['23' '16.274762708279095' 'marauded']
 ['19' '19.881660994275233' 'presentdestroyed']
 ['18' '24.635183718086353' 'marauded']
 ['23' '25.827084820139564' 'destroyed']
 ['22' '26.275305685283623' 'presentdestroyed']
 ['14' '35.29366068464632' 'marauded']
 ['13' '36.9370099824208' 'destroyed']
 ['14' '37.666949067023424' 'presentdestroyed']
 ['11' '41.323286987289805' 'presentdestroyed']
 ['21' '49.720110078439674' 'present']
 ['1' '66.89480297090826' 'present']
 ['3' '69.56694671724' 'present']
 ['18' '74.7966899929963' 'marauded']
 ['12' '76.7052829835057' 'presentdestroyed']
 ['21' '78.36634222359254' 'presentdestroyed']
 ['0' '80.63445102269772' 'presentdestroyed']
 ['16' '82.15568425793892' 'marauded']
 ['6' '90.27751508352311' 'marauded']
 ['8' '97.23157254646267' 'presentdestroyed']
 ['6' '109.65193491404536' 'present']
 ['6' '126.52329989012055' 'marauded']
 ['0' '148.5617915450748' 'present']
 ['4' '151.8159982612649' 'present']
 ['13' '156.9581608706341' 'marauded']
 ['21' '157.92812444286432' 'destroyed']
 ['16' '164.21248877310933' 'present']
 ['6' '166.67881273496738' 'present']
 ['21' '168.08502565956448' 'present']
 ['1' '178.11434220472165' 'present']
 ['1' '179.361786414019' 'present']
 ['9' '182.96988113530216' 'present']
 ['22' '183.58718303449726' 'present']
 ['6' '185.8701698654211' 'present']
 ['6' '191.5604170119727' 'marauded']
 ['23' '196.89042996408847' 'destroyed']
 ['12' '210.29986534303077' 'present']
 ['23' '215.58366153102997' 'present']
 ['12' '221.63311553055848' 'present']
 ['4' '223.78189990663654' 'marauded']
 ['5' '229.60998745069293' 'presentdestroyed']
 ['22' '240.30703892980213' 'marauded']
 ['1' '244.88010413160004' 'presentdestroyed']
 ['9' '246.69049378642552' 'presentdestroyed']
 ['23' '261.73313044686586' 'present']
 ['22' '263.26746884249457' 'marauded']
 ['14' '268.9766491580037' 'presentdestroyed']
 ['3' '269.477325924131' 'destroyed']
 ['4' '276.08451873615786' 'present']
 ['23' '285.53597516034245' 'marauded']
 ['9' '297.22026296392386' 'present']
 ['23' '297.9922377751638' 'present']
 ['6' '307.7239170002955' 'present']
 ['16' '317.4400722005293' 'present']
 ['22' '333.23463942941027' 'present']
 ['12' '352.1104335844896' 'present']
 ['0' '352.9060858702665' 'present']
 ['2' '353.6965491377247' 'present']
 ['23' '357.1433779428743' 'present']]","[['F121' '7.60595674251781' 'absent']
 ['F201' '122.46189290572126' 'mated']
 ['F79' '129.2084253415708' 'destroyed']
 ['F47' '130.47855269225823' 'destroyed']
 ['F2' '149.2525340656609' 'mated']
 ['F127' '160.20977542138792' 'destroyed']
 ['F36' '175.6050852066417' 'mated']
 ['F119' '186.20803421365892' 'mated']
 ['F208' '211.63240549650237' 'mated']
 ['F182' '247.03413761933143' 'destroyed']
 ['F174' '264.0262913001944' 'destroyed']
 ['F140' '266.09109792856134' 'destroyed']
 ['F59' '274.9006983869838' 'mated']]",569.0,70.11930428850738,14.425117938110855,1221.0,209.22629086367778,45.82845603859936,491.0,79.09346119837952,16.64148876473171,13.0,1.3,0.13000000000000006,63.0,0.2916666666666666,0.0013503086419753075
21,0.054,14,360.79380582998425,"[['22' '1.6019366566093707' 'present']
 ['19' '7.405564426034215' 'present']
 ['3' '14.486617806219298' 'marauded']
 ['1' '14.895808690593082' 'destroyed']
 ['13' '26.809201692331637' 'present']
 ['23' '31.285418448140174' 'present']
 ['2' '43.65325822273328' 'present']
 ['8' '47.880312316621' 'present']
 ['5' '52.867935618115986' 'present']
 ['12' '53.883664781018766' 'present']
 ['8' '54.73938673598276' 'present']
 ['12' '64.78999271174864' 'present']
 ['12' '71.49762278528516' 'present']
 ['11' '75.9836884175188' 'present']
 ['18' '90.29775511384064' 'present']
 ['8' '100.93320356854052' 'marauded']
 ['9' '102.73861363597534' 'presentdestroyed']
 ['3' '103.66957525131936' 'presentdestroyed']
 ['16' '114.38148879547354' 'present']
 ['6' '117.04157034611406' 'marauded']
 ['13' '126.88290457841218' 'present']
 ['0' '130.77940940761346' 'present']
 ['11' '132.6177805102992' 'present']
 ['4' '147.7315445602082' 'present']
 ['0' '148.82890693970245' 'present']
 ['14' '149.9286203615279' 'marauded']
 ['1' '154.79962383938135' 'presentdestroyed']
 ['22' '162.02203821300137' 'present']
 ['1' '168.6505879525736' 'present']
 ['12' '175.01702009099606' 'present']
 ['18' '176.00844164924638' 'present']
 ['3' '186.1672842687504' 'present']
 ['23' '187.81544249720824' 'marauded']
 ['14' '204.70832789658772' 'present']
 ['3' '210.43881544865485' 'present']
 ['18' '210.57825033272178' 'present']
 ['18' '221.9345127462516' 'present']
 ['23' '222.4752274957253' 'present']
 ['23' '226.37165008360552' 'present']
 ['8' '226.44745569993339' 'present']
 ['3' '236.57868465992368' 'present']
 ['18' '241.8952904012969' 'present']
 ['5' '243.4180052924562' 'present']
 ['6' '252.07144771631954' 'marauded']
 ['13' '257.3212695378499' 'presentdestroyed']
 ['8' '264.4386019399479' 'marauded']
 ['22' '264.66707937637375' 'presentdestroyed']
 ['18' '267.4899098011417' 'destroyed']
 ['12' '271.5019050188479' 'presentdestroyed']
 ['20' '282.3676016441337' 'present']
 ['0' '292.32717389032274' 'present']
 ['13' '293.5566535551665' 'present']
 ['3' '299.0040279746581' 'present']
 ['4' '300.3718978157826' 'present']
 ['3' '304.0815406599344' 'present']
 ['9' '336.8420172375073' 'present']
 ['12' '349.9141601244485' 'present']
 ['5' '351.22805202208446' 'present']
 ['22' '353.0976249865711' 'present']
 ['19' '357.47414668616335' 'present']]","[['F121' '7.6129011869622545' 'mated']
 ['F101' '65.96360987354423' 'mated']
 ['F56' '76.33645526979484' 'mated']
 ['F45' '99.09050916810719' 'mated']
 ['F164' '119.67948883301555' 'destroyed']
 ['F161' '155.35505937513423' 'absentdestroyed']
 ['F120' '156.5052717783708' 'destroyed']
 ['F15' '166.8233576986332' 'absent']
 ['F124' '181.1019408867838' 'absent']
 ['F186' '199.02733141781823' 'mated']
 ['F109' '207.38867433371271' 'mated']
 ['F153' '213.55392784071282' 'mated']
 ['F35' '223.98139963560433' 'mated']
 ['F117' '227.26193288301525' 'mated']
 ['F75' '232.1702285018586' 'mated']
 ['F98' '235.3207857495934' 'mated']
 ['F202' '238.84015235896268' 'mated']
 ['F96' '289.0681196482766' 'mated']
 ['F180' '329.0237901350735' 'mated']]",573.0,72.6935255683568,15.324962852374531,1456.0,243.47040878085866,51.96063081879641,258.0,42.66023499881221,8.843803557789904,13.0,1.3,0.13000000000000006,81.0,0.3750000000000003,0.0017361111111111095
22,0.054,6,360.2551120748054,"[['3' '4.293488257028363' 'present']
 ['12' '11.336352176191195' 'marauded']
 ['2' '13.686331021784136' 'presentdestroyed']
 ['23' '15.14937278446507' 'presentdestroyed']
 ['12' '15.613165656576383' 'destroyed']
 ['23' '17.59044173461035' 'presentdestroyed']
 ['12' '31.16598381922916' 'present']
 ['12' '37.25173332645118' 'present']
 ['2' '48.211958536641035' 'present']
 ['12' '48.63574373689602' 'marauded']
 ['9' '49.521729074026716' 'presentdestroyed']
 ['1' '51.07226618148797' 'destroyed']
 ['14' '58.661705696134014' 'present']
 ['19' '66.62149900624924' 'present']
 ['4' '79.00289530370088' 'present']
 ['12' '82.41175097295192' 'present']
 ['1' '91.81923522779316' 'marauded']
 ['19' '92.83475458631588' 'presentdestroyed']
 ['6' '97.23858514506009' 'presentdestroyed']
 ['19' '119.42846273266912' 'present']
 ['12' '132.30738511652294' 'present']
 ['1' '146.255394419113' 'marauded']
 ['21' '173.5173631357428' 'marauded']
 ['21' '176.29393738683788' 'presentdestroyed']
 ['1' '182.58179298569465' 'present']
 ['9' '182.65105439687972' 'present']
 ['1' '183.85141664145223' 'marauded']
 ['19' '186.03331128039676' 'presentdestroyed']
 ['5' '189.39213056072262' 'presentdestroyed']
 ['11' '200.40963227069594' 'marauded']
 ['4' '211.85983814015444' 'present']
 ['20' '212.9582909258506' 'present']
 ['23' '221.28941408544608' 'marauded']
 ['5' '230.32386341059316' 'marauded']
 ['4' '235.04506288637728' 'destroyed']
 ['8' '262.01094617347263' 'present']
 ['8' '262.8034075730797' 'present']
 ['21' '277.6654888672586' 'marauded']
 ['5' '277.73837763565' 'presentdestroyed']
 ['21' '283.6269178668451' 'presentdestroyed']
 ['0' '294.20737703235324' 'present']
 ['6' '301.5275191275824' 'present']
 ['2' '318.28831646297465' 'present']
 ['0' '319.0447432260032' 'present']
 ['12' '321.28848166305664' 'present']
 ['8' '321.67580688315206' 'present']
 ['5' '321.98912808845023' 'present']
 ['18' '323.88784383458534' 'present']
 ['3' '330.546438434431' 'present']
 ['12' '333.00108217805797' 'present']
 ['5' '353.04468223638577' 'present']
 ['18' '354.53127960505395' 'marauded']
 ['1' '355.6368103848044' 'presentdestroyed']
 ['14' '356.8933636302339' 'destroyed']
 ['20' '358.24846152738775' 'presentdestroyed']]","[['F176' '15.604299695934321' 'absentdestroyed']
 ['F95' '138.01475283787127' 'mated']
 ['F107' '163.12065975914695' 'mated']
 ['F36' '175.60277039182688' 'destroyed']
 ['F144' '183.47548052790785' 'mated']
 ['F133' '186.93367077936497' 'destroyed']
 ['F81' '214.63070500916965' 'mated']
 ['F13' '215.80785017227237' 'mated']
 ['F111' '221.80144297071683' 'destroyed']
 ['F80' '232.40364883085036' 'destroyed']
 ['F60' '274.75984751876837' 'mated']]",573.0,70.09805176435236,14.526083317857417,1304.0,222.5768978719821,48.185511660025234,394.0,65.65576791375966,14.063556931383856,14.0,1.4000000000000001,0.14000000000000007,91.0,0.4212962962962968,0.001950445816186555
23,0.054,8,360.25500793151923,"[['0' '7.641043507229305' 'marauded']
 ['2' '8.557045349767249' 'presentdestroyed']
 ['0' '10.655150424155824' 'presentdestroyed']
 ['22' '26.004401354801736' 'present']
 ['21' '27.37702752408543' 'present']
 ['12' '37.726656425536255' 'present']
 ['5' '37.74991707905751' 'present']
 ['2' '43.888227975152844' 'marauded']
 ['5' '46.993463919017806' 'presentdestroyed']
 ['5' '48.085165769964114' 'presentdestroyed']
 ['21' '53.17545871770102' 'present']
 ['1' '56.96276462523621' 'marauded']
 ['5' '60.926181045546045' 'presentdestroyed']
 ['5' '62.9156737873689' 'presentdestroyed']
 ['11' '63.86152347004035' 'present']
 ['13' '67.36041289186657' 'present']
 ['3' '74.33624096603666' 'present']
 ['2' '83.82104970093673' 'marauded']
 ['21' '85.75521900118814' 'presentdestroyed']
 ['2' '100.124055181959' 'marauded']
 ['13' '103.73363997954495' 'presentdestroyed']
 ['9' '104.05808811399883' 'presentdestroyed']
 ['16' '109.89464708703015' 'present']
 ['11' '110.8731703430299' 'marauded']
 ['22' '111.58728785407702' 'presentdestroyed']
 ['0' '119.14983014149493' 'present']
 ['2' '121.43907750204433' 'present']
 ['9' '123.51767721266518' 'present']
 ['14' '130.0894033615523' 'present']
 ['1' '132.6511068465346' 'present']
 ['20' '138.03505755829747' 'marauded']
 ['19' '148.28932117777543' 'present']
 ['4' '152.19305270786305' 'present']
 ['19' '154.66453984214115' 'present']
 ['12' '160.1865211862165' 'present']
 ['11' '166.6414755447948' 'present']
 ['20' '172.49946149815912' 'marauded']
 ['13' '177.5338398361495' 'presentdestroyed']
 ['19' '177.9391281695719' 'presentdestroyed']
 ['2' '182.03859474147626' 'present']
 ['4' '193.0352379249491' 'present']
 ['21' '195.02105825717555' 'present']
 ['18' '226.59535524256012' 'present']
 ['12' '230.48058708136597' 'present']
 ['16' '233.66874097251778' 'present']
 ['9' '235.61508125569205' 'present']
 ['19' '236.22793856493067' 'present']
 ['4' '247.59833070138507' 'present']
 ['12' '253.12415440636272' 'present']
 ['22' '255.61532121029902' 'present']
 ['16' '256.9238466456019' 'present']
 ['12' '267.3612837395648' 'present']
 ['12' '269.91655672478544' 'present']
 ['18' '271.9864626778807' 'present']
 ['13' '277.1846944914079' 'present']
 ['13' '279.04016518588656' 'present']
 ['1' '279.74016211281497' 'present']
 ['19' '281.93770915285467' 'present']
 ['21' '290.45665645354313' 'present']
 ['6' '300.6309581623912' 'present']
 ['0' '321.3844986256815' 'present']
 ['22' '330.2776479762729' 'present']
 ['8' '349.4559041789389' 'present']
 ['22' '352.0521938276636' 'present']
 ['19' '354.52936694628386' 'present']]","[['F125' '62.39526394248683' 'absentdestroyed']
 ['F31' '62.734557788457245' 'destroyed']
 ['F205' '97.73876221355658' 'mated']
 ['F158' '97.76666036276583' 'mated']
 ['F88' '158.30560151755625' 'mated']
 ['F143' '182.15461958515593' 'mated']
 ['F13' '215.80322054264275' 'absent']
 ['F193' '239.18056509535043' 'mated']
 ['F57' '257.63621859707047' 'mated']
 ['F77' '295.91876614007043' 'mated']
 ['F94' '329.7599439683557' 'mated']]",578.0,70.54934754592536,14.71182340760106,1428.0,239.78717308747025,50.61836720356836,276.0,48.47705323278024,10.925832645621552,9.0,0.8999999999999999,0.09000000000000002,75.0,0.3472222222222224,0.0016075102880658422
