id,probability_maraud,successful_mating,next_foraging_time,mar_attempts,mate_attempts,foraging_events,foraging_hrs,foraging_sqhrs,staying_events,staying_hrs,staying_sqhrs,repairing_events,repairing_hrs,repairing_sqhrs,marauding_events,marauding_hrs,marauding_sqhrs,traveling_events,traveling_hrs,traveling_sqhrs
0,0.054,13,360.13686195600394,"[['6' '0.023148148148148147' 'present']
 ['19' '13.099808825186049' 'present']
 ['13' '21.412497302498934' 'present']
 ['8' '21.709683328771238' 'present']
 ['10' '31.38362981676942' 'present']
 ['18' '42.22361939704284' 'present']
 ['11' '43.033782217340836' 'present']
 ['8' '45.397998712912376' 'present']
 ['23' '56.680947216935' 'present']
 ['8' '63.730112038057044' 'present']
 ['11' '72.42576349963097' 'present']
 ['9' '84.80216843864498' 'present']
 ['9' '100.39714311295327' 'present']
 ['8' '109.40504314779771' 'present']
 ['11' '126.72852501732542' 'present']
 ['22' '127.92920363744808' 'present']
 ['13' '132.5969177822677' 'marauded']
 ['8' '133.68741925343863' 'presentdestroyed']
 ['22' '147.28016085245' 'present']
 ['23' '153.5754196134844' 'marauded']
 ['4' '171.77367990162867' 'present']
 ['6' '171.970329841233' 'marauded']
 ['23' '173.51610075748275' 'presentdestroyed']
 ['6' '181.49193580561513' 'present']
 ['8' '195.42405420511497' 'present']
 ['6' '210.32685206766118' 'present']
 ['22' '228.60096920736657' 'present']
 ['19' '232.24383673842232' 'marauded']
 ['10' '256.75201115483577' 'present']
 ['23' '256.8172425375109' 'present']
 ['4' '281.9413764336127' 'marauded']
 ['13' '294.466891007978' 'present']
 ['13' '294.7916477239431' 'present']
 ['11' '301.7794527767744' 'present']
 ['8' '303.35269853305937' 'present']
 ['23' '309.3265113569949' 'marauded']
 ['23' '316.67902638650054' 'marauded']
 ['22' '328.1456607671317' 'present']
 ['8' '334.4382854177533' 'marauded']
 ['11' '337.0333380677066' 'destroyed']
 ['8' '341.49472070966505' 'presentdestroyed']
 ['16' '343.76736476157805' 'present']
 ['8' '354.31374059027695' 'present']]","[['F109' '80.44896312542296' 'absent']
 ['F170' '106.74257820849628' 'mated']
 ['F95' '118.760495496656' 'mated']
 ['F201' '170.44142060826834' 'mated']
 ['F98' '171.52595247249204' 'mated']
 ['F81' '175.98109919527062' 'destroyed']
 ['F67' '184.78715298555272' 'mated']
 ['F164' '189.06330491149544' 'mated']
 ['F46' '191.34870943037325' 'mated']
 ['F165' '200.9899300249395' 'mated']
 ['F64' '209.47152127150753' 'mated']
 ['F188' '228.13399515732337' 'absent']
 ['F15' '249.5891453561738' 'mated']
 ['F61' '266.2773651739051' 'mated']
 ['F56' '305.5152543853193' 'mated']
 ['F35' '308.74209524026196' 'mated']
 ['F169' '347.76000174760907' 'absent']]",562.0,70.9074797458657,15.528530274488713,1405.0,235.799028137817,50.716669390903,299.0,49.01912998156991,10.33587967415211,11.0,1.0999999999999999,0.11000000000000004,70.0,3.24074074074074,0.150034293552812
1,0.0,7,360.0350362178643,"[['8' '3.721522118425112' 'present']
 ['9' '13.601023811709581' 'present']
 ['6' '25.1969834789437' 'present']
 ['10' '38.09651876273987' 'marauded']
 ['6' '45.030186264379196' 'presentdestroyed']
 ['9' '60.73490060321577' 'present']
 ['0' '64.737376206071' 'present']
 ['23' '91.20050631790096' 'present']
 ['9' '98.77660489152922' 'present']
 ['23' '104.08016522928459' 'present']
 ['19' '112.57094833758464' 'present']
 ['4' '114.15914027627524' 'present']
 ['13' '117.12403431735503' 'present']
 ['16' '135.27842044069888' 'present']
 ['9' '140.48214793408823' 'present']
 ['23' '162.88186165093765' 'present']
 ['9' '169.05447511790794' 'present']
 ['11' '172.16829912312025' 'present']
 ['8' '176.97995440201288' 'present']
 ['18' '181.04473028389708' 'present']
 ['16' '195.49296702739326' 'present']
 ['9' '209.1675990103434' 'present']
 ['4' '223.58417631716' 'present']
 ['9' '226.69710112008573' 'marauded']
 ['13' '238.76299052982478' 'present']
 ['19' '240.79910334442707' 'present']
 ['9' '241.34344786912024' 'present']
 ['11' '243.048785388756' 'present']
 ['0' '247.7586790868801' 'marauded']
 ['22' '261.53837489645593' 'marauded']
 ['10' '265.597000893753' 'presentdestroyed']
 ['4' '273.32724395286345' 'present']
 ['16' '287.33298464058333' 'present']
 ['6' '293.09338701081117' 'present']
 ['10' '339.00851424522943' 'present']
 ['22' '358.25204479211607' 'present']]","[['F173' '68.18296561639377' 'mated']
 ['F196' '76.36918874288769' 'absent']
 ['F28' '91.61354132355389' 'mated']
 ['F138' '139.58050172257697' 'mated']
 ['F151' '140.0371961370585' 'absent']
 ['F53' '163.1599876741905' 'mated']
 ['F122' '170.84065420213255' 'mated']
 ['F14' '190.86072612945208' 'absent']
 ['F136' '196.63786534448246' 'mated']
 ['F20' '224.25120497015484' 'mated']
 ['F79' '251.38623293536992' 'destroyed']]",564.0,66.14192664229014,13.698487937095102,1593.0,269.62006335650955,57.920004562280106,141.0,24.332606422518893,5.24278342043655,0.0,0.0,0.0,0.0,0.0,0.0
2,0.0,12,360.43221850077055,"[['13' '3.1557250475525165' 'marauded']
 ['11' '12.466048666367488' 'present']
 ['19' '22.936284525497896' 'present']
 ['16' '28.811695774951406' 'marauded']
 ['10' '32.4180968967779' 'destroyed']
 ['16' '37.017591192885085' 'present']
 ['22' '43.93323265711587' 'present']
 ['6' '44.983889968082906' 'present']
 ['6' '50.636861555825995' 'present']
 ['6' '52.610454102542306' 'present']
 ['22' '55.112284175726636' 'present']
 ['16' '58.938779201437406' 'marauded']
 ['11' '60.521086850373486' 'presentdestroyed']
 ['23' '60.60914854273246' 'destroyed']
 ['22' '70.44680943999774' 'present']
 ['4' '75.12723270703694' 'present']
 ['23' '89.6001650985838' 'present']
 ['16' '93.60395746444242' 'present']
 ['18' '94.67221422228795' 'present']
 ['11' '99.8685270985956' 'present']
 ['0' '104.10567132777199' 'present']
 ['9' '123.06798228206601' 'marauded']
 ['16' '132.8172724305616' 'present']
 ['10' '140.80718783750328' 'present']
 ['9' '148.67228880694822' 'marauded']
 ['6' '149.56117844631447' 'presentdestroyed']
 ['0' '150.69092084380674' 'presentdestroyed']
 ['4' '159.66992136868234' 'present']
 ['13' '166.74694427770856' 'present']
 ['13' '168.72029745726547' 'present']
 ['22' '174.35159741128797' 'present']
 ['23' '174.97592953768046' 'present']
 ['10' '186.6882854254707' 'present']
 ['16' '191.29407437493097' 'marauded']
 ['18' '196.06602917631696' 'presentdestroyed']
 ['10' '204.35184557672503' 'present']
 ['13' '205.08681525760898' 'marauded']
 ['18' '206.5306523625217' 'presentdestroyed']
 ['13' '211.43795226245587' 'presentdestroyed']
 ['10' '215.70470985702434' 'present']
 ['8' '216.72277823670387' 'present']
 ['23' '236.16630933121093' 'present']
 ['13' '242.4966061005762' 'present']
 ['9' '242.9693589375968' 'present']
 ['23' '253.10376542175607' 'present']
 ['8' '274.9280876038481' 'present']
 ['8' '280.72608518643085' 'present']
 ['8' '281.6177773008137' 'present']
 ['8' '287.85823408838513' 'present']
 ['0' '290.9019128989231' 'present']
 ['10' '295.53978900325154' 'marauded']
 ['18' '313.64611850492014' 'present']
 ['13' '318.658412414653' 'marauded']
 ['19' '319.88452396202814' 'presentdestroyed']
 ['8' '320.85839892117036' 'presentdestroyed']
 ['0' '326.39019699722326' 'present']
 ['8' '333.51079440981437' 'marauded']
 ['8' '342.9401732794801' 'present']
 ['0' '358.34098533496086' 'present']]","[['F148' '80.42213804403434' 'mated']
 ['F110' '83.60032556517493' 'absent']
 ['F85' '109.00087146325203' 'mated']
 ['F120' '139.67115896544811' 'mated']
 ['F211' '160.82864356173909' 'mated']
 ['F116' '165.06789706803147' 'mated']
 ['F52' '179.40604420892555' 'mated']
 ['F60' '187.92752527665115' 'mated']
 ['F87' '206.0805486976147' 'destroyed']
 ['F42' '221.6226481164988' 'mated']
 ['F112' '222.83353174255345' 'absent']
 ['F197' '224.2977980458084' 'mated']
 ['F21' '269.21565240970597' 'absent']
 ['F189' '281.47034895941107' 'mated']
 ['F51' '282.7298201292864' 'mated']
 ['F69' '292.8402449087651' 'mated']]",558.0,67.75267178160996,13.737393930015216,1376.0,231.480348680965,49.292147076363435,362.0,60.97951797681261,13.211227446429154,0.0,0.0,0.0,0.0,0.0,0.0
3,0.0,8,360.11167167219844,"[['10' '25.0716697493258' 'present']
 ['9' '33.88297886854652' 'present']
 ['0' '43.549634450936345' 'present']
 ['9' '47.16303117662463' 'present']
 ['10' '48.922688965231565' 'present']
 ['16' '86.64625974181646' 'present']
 ['6' '90.87373693778949' 'present']
 ['22' '107.64461978801974' 'present']
 ['22' '107.69091608431604' 'present']
 ['9' '114.68709430616867' 'present']
 ['13' '140.14511041027893' 'present']
 ['13' '141.68433839785837' 'marauded']
 ['16' '146.65678716599473' 'presentdestroyed']
 ['16' '158.3021890678583' 'present']
 ['10' '177.0712208246659' 'present']
 ['22' '177.49251374183123' 'present']
 ['4' '179.4367444778297' 'present']
 ['10' '191.80279546105274' 'present']
 ['19' '193.39487844541082' 'marauded']
 ['18' '199.09082099557511' 'destroyed']
 ['11' '218.56344395787602' 'present']
 ['10' '219.8280858188848' 'present']
 ['23' '222.75078660746524' 'marauded']
 ['13' '223.59544957607523' 'presentdestroyed']
 ['8' '234.46318565540864' 'present']
 ['18' '234.70076955374546' 'marauded']
 ['6' '236.44449222584876' 'destroyed']
 ['23' '238.42267491920379' 'destroyed']
 ['16' '248.71460830470397' 'present']
 ['18' '276.9707598119696' 'present']
 ['8' '288.69257203098294' 'present']
 ['10' '291.71908835192664' 'present']
 ['19' '292.806395853894' 'present']
 ['11' '301.8257490730707' 'present']
 ['0' '305.1310116755339' 'present']
 ['9' '307.43059197782173' 'marauded']
 ['13' '311.0115917674113' 'presentdestroyed']
 ['18' '317.7180387088597' 'present']
 ['22' '320.6775000667241' 'present']
 ['19' '329.2220795906599' 'present']
 ['4' '331.5079492382473' 'present']
 ['18' '337.2228149546325' 'present']
 ['18' '351.7909106577352' 'present']
 ['4' '351.9723295177505' 'marauded']
 ['0' '352.635528752009' 'presentdestroyed']
 ['11' '356.43260410167125' 'presentdestroyed']]","[['F145' '52.92166132541943' 'mated']
 ['F85' '108.97772331510387' 'absent']
 ['F1' '173.26560221931902' 'mated']
 ['F81' '176.00424734341877' 'mated']
 ['F14' '190.88387427760023' 'mated']
 ['F26' '198.4356761591846' 'destroyed']
 ['F34' '226.7354703832317' 'destroyed']
 ['F68' '232.1930940798864' 'mated']
 ['F166' '277.89509246703983' 'mated']
 ['F63' '289.9169987148318' 'mated']
 ['F29' '299.70858973471127' 'mated']
 ['F35' '308.7189470921138' 'absentdestroyed']]",570.0,69.7290160100165,14.185063087333132,1526.0,253.8604756538534,53.71028521337862,218.0,36.687177918722924,7.9599089903609554,0.0,0.0,0.0,0.0,0.0,0.0
4,0.054,9,360.3039500067423,"[['22' '3.4698966711623584' 'present']
 ['6' '25.333442687661147' 'marauded']
 ['6' '33.116419917559355' 'present']
 ['22' '40.4294609477639' 'marauded']
 ['10' '45.607917899701675' 'presentdestroyed']
 ['0' '55.56212898486969' 'present']
 ['23' '63.49074780129434' 'present']
 ['23' '70.02971692047606' 'present']
 ['13' '87.09514233151013' 'present']
 ['13' '117.66466401548146' 'present']
 ['9' '118.57307766023577' 'present']
 ['11' '119.66577510208857' 'present']
 ['23' '122.99401542640808' 'present']
 ['16' '125.14132649267958' 'present']
 ['22' '125.73868243231668' 'present']
 ['22' '126.54984032730846' 'marauded']
 ['18' '132.67208994711618' 'presentdestroyed']
 ['13' '136.29216561075515' 'present']
 ['23' '162.2775046162472' 'present']
 ['11' '164.62273692087535' 'present']
 ['11' '172.07570653052764' 'present']
 ['0' '186.24016952644268' 'present']
 ['9' '204.75427400469798' 'marauded']
 ['9' '205.281697576522' 'presentdestroyed']
 ['23' '206.99296290096407' 'destroyed']
 ['10' '211.8358083119381' 'presentdestroyed']
 ['9' '234.61310708688023' 'present']
 ['0' '247.42695198683023' 'present']
 ['8' '250.36943723411002' 'present']
 ['19' '259.0610983242483' 'present']
 ['18' '274.30788571045247' 'present']
 ['16' '276.71343667941346' 'present']
 ['10' '282.5252668540194' 'present']
 ['22' '284.03032750397125' 'present']
 ['22' '290.32025575443333' 'present']
 ['18' '291.06594287697794' 'present']
 ['13' '294.4205947116817' 'present']
 ['13' '299.64449365844104' 'present']
 ['6' '300.4767225799664' 'present']
 ['19' '301.12365787772404' 'marauded']
 ['23' '320.5631990913463' 'present']
 ['6' '328.99491764190896' 'present']
 ['16' '333.4670581366001' 'present']
 ['16' '334.26835997758576' 'marauded']
 ['10' '336.3702711121635' 'presentdestroyed']
 ['13' '358.80121712304015' 'marauded']]","[['F109' '80.47211127357112' 'mated']
 ['F162' '93.23791718785992' 'mated']
 ['F115' '118.06943954074237' 'absent']
 ['F177' '159.68077116758099' 'absent']
 ['F43' '165.05617744956052' 'mated']
 ['F215' '170.8573593656448' 'absent']
 ['F207' '188.2242728177088' 'mated']
 ['F31' '190.09007655292163' 'mated']
 ['F168' '208.81839205588878' 'destroyed']
 ['F134' '229.34148966588106' 'mated']
 ['F106' '237.67895659974923' 'mated']
 ['F190' '242.06939429067717' 'mated']
 ['F38' '262.92319209430207' 'mated']
 ['F51' '282.6835238329901' 'absent']
 ['F88' '338.527118930534' 'destroyed']]",571.0,72.4668181073866,15.016221582547635,1453.0,245.51153059194215,51.89156844432017,227.0,37.23987276846401,7.756797190392151,14.0,1.4000000000000001,0.14000000000000007,75.0,3.4722222222222214,0.16075102880658423
5,0.0,8,360.23729101346754,"[['10' '18.121679079415767' 'present']
 ['16' '33.95436525163019' 'present']
 ['19' '69.64815702551235' 'present']
 ['6' '69.93057560031616' 'present']
 ['10' '79.80796806276653' 'present']
 ['23' '91.48771902789981' 'marauded']
 ['19' '91.61278990655718' 'presentdestroyed']
 ['16' '91.65477120513853' 'presentdestroyed']
 ['22' '95.77336591552077' 'presentdestroyed']
 ['23' '100.02879699969128' 'present']
 ['19' '108.13323630292766' 'present']
 ['6' '118.07742874332105' 'present']
 ['19' '133.09670194752687' 'present']
 ['18' '150.8800776400137' 'present']
 ['10' '166.27718052773102' 'marauded']
 ['23' '171.34971566264164' 'presentdestroyed']
 ['18' '187.93869017413516' 'present']
 ['11' '190.96840598717165' 'present']
 ['16' '195.70042090061628' 'present']
 ['10' '203.17860063247693' 'present']
 ['8' '204.3014742339146' 'present']
 ['18' '212.7524418466018' 'present']
 ['16' '214.603526667775' 'present']
 ['13' '223.54915327977892' 'present']
 ['8' '228.93109287442994' 'present']
 ['8' '233.26641581114202' 'present']
 ['8' '233.31271210743833' 'present']
 ['4' '240.17875999893093' 'present']
 ['11' '240.5398481320279' 'present']
 ['23' '270.72194825053833' 'present']
 ['9' '290.6442955519411' 'present']
 ['22' '294.3871013951475' 'present']
 ['18' '303.42342367523247' 'present']
 ['10' '306.41624253858373' 'present']
 ['22' '306.73351733136343' 'present']
 ['18' '315.3103207932564' 'present']
 ['16' '317.46591085590757' 'marauded']
 ['23' '355.89328379400894' 'present']
 ['0' '356.58636067673206' 'present']
 ['6' '359.7083899644554' 'present']]","[['F126' '12.528148375386788' 'mated']
 ['F196' '76.39233689103584' 'mated']
 ['F210' '155.9656903575497' 'absent']
 ['F10' '180.29009666476577' 'absent']
 ['F181' '204.04881240789064' 'mated']
 ['F127' '218.45665251690968' 'mated']
 ['F37' '220.85360898079136' 'mated']
 ['F112' '222.8566798907016' 'mated']
 ['F156' '240.1130301488301' 'mated']
 ['F78' '258.0555240691024' 'absent']
 ['F76' '326.07626385828337' 'mated']]",566.0,69.80969441674293,14.972784702723494,1594.0,271.91664410963386,58.38199026476779,101.0,18.50282569808842,4.279059984614478,0.0,0.0,0.0,0.0,0.0,0.0
6,0.054,12,359.7930480679771,"[['10' '3.550470876368603' 'present']
 ['8' '5.276061124520885' 'marauded']
 ['0' '8.686105057042711' 'presentdestroyed']
 ['4' '11.544580438752543' 'presentdestroyed']
 ['8' '20.823871174470998' 'present']
 ['10' '27.485905609891113' 'present']
 ['22' '43.000887447916234' 'present']
 ['8' '45.08572445788818' 'present']
 ['9' '69.5852945717522' 'present']
 ['13' '70.9541741673435' 'present']
 ['10' '72.06972379322302' 'present']
 ['16' '77.39832961692576' 'marauded']
 ['22' '79.7023279599778' 'presentdestroyed']
 ['11' '89.8914464150894' 'present']
 ['10' '95.87990773770144' 'present']
 ['9' '100.25084681665697' 'marauded']
 ['4' '119.28412676912293' 'present']
 ['0' '129.04210472287429' 'marauded']
 ['16' '133.64497947105536' 'presentdestroyed']
 ['9' '144.1146041748743' 'present']
 ['11' '145.0958220768286' 'present']
 ['11' '149.38366509120408' 'present']
 ['9' '153.7300757157242' 'present']
 ['10' '171.51924143028398' 'present']
 ['23' '174.90423389046526' 'present']
 ['23' '175.4315709019872' 'present']
 ['0' '185.972469102649' 'present']
 ['19' '192.5106320683773' 'present']
 ['10' '194.7841640884223' 'present']
 ['22' '206.7260597446732' 'present']
 ['16' '210.15405374383113' 'present']
 ['9' '211.51061172103462' 'present']
 ['9' '211.8437446450659' 'present']
 ['9' '239.31701587789973' 'present']
 ['19' '264.38887657532155' 'present']
 ['0' '280.545344619562' 'marauded']
 ['0' '281.72800299914184' 'presentdestroyed']
 ['18' '307.05590193832006' 'present']
 ['13' '309.34224177154374' 'present']
 ['22' '317.5056944111982' 'marauded']
 ['8' '322.36428424561' 'presentdestroyed']
 ['16' '332.72486415113576' 'present']
 ['9' '345.5515962874976' 'marauded']
 ['0' '350.1988922647328' 'presentdestroyed']
 ['18' '356.3710677277069' 'present']]","[['F65' '16.482773523808188' 'mated']
 ['F180' '59.66904268417861' 'mated']
 ['F92' '86.40368305274741' 'absent']
 ['F92' '86.44997934904372' 'absent']
 ['F198' '92.96141520493907' 'mated']
 ['F133' '139.78863987377272' 'mated']
 ['F212' '142.7001452471222' 'absent']
 ['F12' '148.62017247724233' 'mated']
 ['F210' '156.011986653846' 'mated']
 ['F135' '189.80560637667426' 'mated']
 ['F202' '190.87793265683973' 'mated']
 ['F160' '213.898021687857' 'mated']
 ['F161' '249.03794374540263' 'mated']
 ['F204' '260.84284409138' 'mated']
 ['F62' '265.1050743451709' 'absent']
 ['F143' '294.704813274111' 'mated']]",574.0,69.83899728019651,13.82089886292674,1435.0,241.72196156761444,51.91736196414403,249.0,42.86843415515398,9.206895934138588,13.0,1.3,0.13000000000000006,93.0,4.305555555555557,0.19933127572016426
7,0.0,17,360.02049700110484,"[['4' '0.023148148148148147' 'present']
 ['22' '3.4236003748660617' 'present']
 ['11' '4.825893347060156' 'present']
 ['16' '6.673553827596935' 'present']
 ['4' '13.545517436454038' 'marauded']
 ['18' '17.386968545877586' 'presentdestroyed']
 ['9' '21.747912430912013' 'present']
 ['19' '31.540063209663614' 'marauded']
 ['16' '32.42689752502518' 'presentdestroyed']
 ['10' '32.93238380696077' 'destroyed']
 ['6' '65.76055079811842' 'present']
 ['0' '66.83139019773331' 'present']
 ['4' '69.98070651019952' 'present']
 ['13' '76.46742738970308' 'present']
 ['4' '91.59658923670256' 'present']
 ['23' '92.22576576241865' 'present']
 ['6' '155.1708118463656' 'marauded']
 ['4' '166.89870414049403' 'present']
 ['9' '170.8743692437899' 'present']
 ['18' '203.47880544281315' 'marauded']
 ['16' '206.98471613020806' 'destroyed']
 ['9' '210.09619468799403' 'presentdestroyed']
 ['11' '220.71044937850422' 'present']
 ['22' '235.83580418836783' 'present']
 ['8' '241.32463630984725' 'present']
 ['8' '255.44134436277776' 'present']
 ['22' '257.1189018340923' 'marauded']
 ['11' '259.2965818909173' 'destroyed']
 ['10' '273.2875324884037' 'present']
 ['22' '275.1435446982488' 'present']
 ['18' '280.8225219694031' 'present']
 ['6' '289.4462039475596' 'present']
 ['19' '301.7158440795364' 'present']
 ['11' '301.872045369367' 'present']
 ['23' '313.12423659206314' 'present']
 ['10' '325.20651388174514' 'present']
 ['10' '328.9570800751239' 'marauded']
 ['6' '330.08575416826994' 'presentdestroyed']
 ['10' '332.2630940561941' 'presentdestroyed']
 ['22' '335.05465079404064' 'presentdestroyed']
 ['23' '353.5426550277838' 'present']
 ['6' '356.43471970422706' 'present']]","[['F30' '30.80938473382005' 'mated']
 ['F213' '49.91762466509271' 'mated']
 ['F178' '87.71406332621014' 'mated']
 ['F191' '99.63723932744217' 'mated']
 ['F59' '104.00030559774238' 'mated']
 ['F199' '119.81620099121002' 'mated']
 ['F193' '135.15305966774926' 'mated']
 ['F158' '152.7619265647676' 'mated']
 ['F210' '155.98883850569786' 'destroyed']
 ['F73' '163.71908291771894' 'mated']
 ['F1' '173.24245407117087' 'absent']
 ['F25' '183.43536202306302' 'mated']
 ['F77' '214.10213266067564' 'mated']
 ['F119' '247.29017501303775' 'mated']
 ['F192' '264.2385244427168' 'destroyed']
 ['F21' '269.2388005578541' 'mated']
 ['F111' '272.65728923887167' 'mated']
 ['F89' '273.1968383153674' 'mated']
 ['F6' '306.2919626164705' 'mated']
 ['F88' '338.55026707868217' 'mated']]",555.0,68.73927630542106,14.19588142855979,1486.0,254.98344958102987,54.8496600425033,203.0,36.409525942269006,8.159876959796215,0.0,0.0,0.0,0.0,0.0,0.0
8,0.054,7,359.9583498993177,"[['19' '8.166110331116656' 'present']
 ['0' '13.324695569220937' 'present']
 ['11' '18.72904801997708' 'present']
 ['11' '24.351724479132518' 'present']
 ['19' '25.989425427735284' 'present']
 ['23' '26.661795962095056' 'present']
 ['22' '26.84835954561421' 'marauded']
 ['13' '30.60149353836229' 'presentdestroyed']
 ['23' '37.6462751610124' 'present']
 ['22' '55.41138077926757' 'present']
 ['22' '56.16920978979031' 'present']
 ['22' '56.51236934424916' 'present']
 ['11' '57.86385634961518' 'present']
 ['23' '60.149769626042165' 'present']
 ['9' '66.73346968945448' 'marauded']
 ['23' '72.35467621530465' 'presentdestroyed']
 ['0' '78.09107101529598' 'present']
 ['0' '79.73665135602917' 'present']
 ['16' '80.74248231454335' 'present']
 ['19' '89.39484859381528' 'present']
 ['22' '89.67256760331173' 'present']
 ['18' '97.66107827163596' 'present']
 ['6' '98.75546531327298' 'present']
 ['9' '98.99631202141634' 'marauded']
 ['19' '109.0575227662787' 'present']
 ['16' '114.0495820541052' 'present']
 ['19' '115.21549218650614' 'present']
 ['6' '119.2363679139487' 'present']
 ['6' '158.39093150335594' 'present']
 ['4' '203.2411882924289' 'present']
 ['18' '205.10941023856932' 'present']
 ['6' '208.9617953892727' 'present']
 ['18' '215.65183507762504' 'present']
 ['19' '221.33008058783935' 'present']
 ['9' '221.42266190528932' 'present']
 ['11' '235.71144178396995' 'present']
 ['11' '236.50767046169747' 'present']
 ['4' '248.65826286214624' 'present']
 ['9' '261.61828699423853' 'present']
 ['13' '267.2109573130573' 'present']
 ['4' '271.03279758164354' 'present']
 ['11' '274.84745078850267' 'present']
 ['6' '288.93993804352056' 'present']
 ['0' '293.88602868031955' 'present']
 ['6' '310.8434353368699' 'marauded']
 ['22' '316.589751923196' 'presentdestroyed']
 ['16' '320.70342781524715' 'present']
 ['13' '323.79665901138316' 'present']
 ['18' '324.6074541018877' 'present']
 ['22' '330.7784406720656' 'present']
 ['16' '341.3912326585071' 'present']
 ['13' '341.75708716607915' 'present']]","[['F0' '73.07143015584454' 'absentdestroyed']
 ['F92' '86.42683120089556' 'absent']
 ['F92' '86.47312749719187' 'absent']
 ['F99' '99.07908639787858' 'destroyed']
 ['F49' '112.79472442013272' 'mated']
 ['F105' '122.53077637510543' 'mated']
 ['F18' '150.225875042589' 'mated']
 ['F142' '166.5806336559021' 'mated']
 ['F215' '170.88050751379296' 'mated']
 ['F10' '180.31324481291392' 'mated']
 ['F67' '184.74085668925642' 'absent']
 ['F184' '199.0648105859961' 'absent']
 ['F127' '218.43350436876153' 'absent']
 ['F101' '224.1945220980722' 'mated']
 ['F63' '289.8938505666836' 'absent']
 ['F195' '296.2120686664076' 'absent']]",569.0,72.11854291521071,15.209718786285789,1531.0,257.62107091436604,54.502912820997274,142.0,24.3009957881593,5.27269260491695,12.0,1.2,0.12000000000000005,103.0,4.768518518518524,0.22076474622770872
9,0.054,11,360.1956409184597,"[['13' '3.913098928774781' 'marauded']
 ['4' '9.170108263963343' 'presentdestroyed']
 ['11' '33.573224615449774' 'present']
 ['18' '37.94486363849538' 'marauded']
 ['19' '45.29984533553227' 'present']
 ['13' '51.75615805134254' 'present']
 ['0' '53.326834547518594' 'present']
 ['23' '72.30837991900835' 'present']
 ['6' '73.45618549504088' 'present']
 ['4' '78.02848001576939' 'present']
 ['19' '112.52465204128833' 'present']
 ['18' '124.75769802461807' 'present']
 ['16' '145.81985457082226' 'present']
 ['18' '147.38832293076177' 'present']
 ['19' '152.8754729403614' 'present']
 ['22' '158.77239463898044' 'present']
 ['19' '175.1094007325897' 'present']
 ['22' '176.14985466169156' 'present']
 ['22' '179.37879178054322' 'present']
 ['10' '222.09436390534387' 'present']
 ['10' '232.30889388306514' 'present']
 ['19' '241.89505129041706' 'present']
 ['10' '252.9854929336921' 'present']
 ['11' '256.41647046888767' 'present']
 ['10' '264.7196172436439' 'present']
 ['8' '264.8604782224476' 'present']
 ['8' '268.27047975846887' 'present']
 ['22' '274.1212089873123' 'present']
 ['8' '284.87226216406293' 'present']
 ['6' '293.43349775284486' 'present']
 ['13' '294.5131873042743' 'present']
 ['10' '296.0194759509877' 'marauded']
 ['22' '312.3669571566519' 'marauded']
 ['6' '327.1740236943028' 'present']
 ['0' '356.3795385440904' 'present']]","[['F144' '19.74162139262236' 'mated']
 ['F40' '53.8694670895243' 'mated']
 ['F149' '79.89457139392145' 'mated']
 ['F11' '108.03610370884796' 'mated']
 ['F176' '162.90880434474144' 'mated']
 ['F201' '170.3719761638239' 'absent']
 ['F84' '180.2062267175104' 'mated']
 ['F75' '202.5808318432207' 'mated']
 ['F5' '234.3785768104215' 'mated']
 ['F83' '238.77738489680863' 'mated']
 ['F147' '267.1949045648884' 'mated']
 ['F21' '269.1925042615578' 'absent']
 ['F33' '328.57399907230234' 'mated']]",557.0,69.95968791720878,15.03979784273586,1554.0,260.25967525215606,55.1855988151971,138.0,24.55424498654649,5.510091567207817,16.0,1.6000000000000003,0.1600000000000001,81.0,3.749999999999999,0.1736111111111109
10,0.054,8,360.32793940730124,"[['13' '0.18390041442947666' 'present']
 ['4' '0.31489854197871686' 'present']
 ['8' '6.208496464239891' 'present']
 ['18' '9.130763206260909' 'present']
 ['16' '28.073167370598956' 'present']
 ['11' '32.66629103815273' 'present']
 ['0' '50.94238031660602' 'marauded']
 ['6' '58.81674045841333' 'present']
 ['18' '76.40894758677715' 'present']
 ['16' '88.60186554286742' 'present']
 ['23' '108.13598795178036' 'marauded']
 ['6' '110.53018130162903' 'presentdestroyed']
 ['0' '114.58140537975696' 'destroyed']
 ['4' '116.68995409515297' 'marauded']
 ['13' '132.3328453725469' 'marauded']
 ['8' '142.86210473818295' 'marauded']
 ['0' '170.85909309088584' 'present']
 ['23' '177.07570549806115' 'marauded']
 ['8' '180.05998334290086' 'presentdestroyed']
 ['8' '199.43117824890123' 'present']
 ['16' '209.72457600520357' 'present']
 ['0' '214.41424317476347' 'present']
 ['6' '215.25266423939058' 'present']
 ['16' '216.31991272311464' 'present']
 ['0' '230.12423020944635' 'present']
 ['19' '244.82461844036288' 'present']
 ['11' '247.23933756722369' 'present']
 ['11' '259.3428781872136' 'present']
 ['6' '268.9823285793649' 'present']
 ['9' '276.5659659715273' 'present']
 ['11' '281.4045463626758' 'present']
 ['23' '301.721048370332' 'present']
 ['6' '315.48052419433293' 'present']
 ['11' '318.85197021598344' 'present']
 ['16' '323.67356794944186' 'present']
 ['11' '330.15088719396834' 'present']
 ['6' '334.3309807335221' 'present']
 ['22' '335.24899513271606' 'present']
 ['13' '342.4456761612088' 'present']
 ['16' '344.47912827828037' 'marauded']
 ['6' '357.96596174820814' 'present']
 ['0' '359.1521494363451' 'present']]","[['F0' '73.09457830399269' 'mated']
 ['F92' '86.49627564534002' 'mated']
 ['F117' '139.9147069465981' 'destroyed']
 ['F67' '184.76400483740457' 'absent']
 ['F102' '193.53360279000776' 'mated']
 ['F16' '195.55098531323074' 'mated']
 ['F186' '197.46614919378766' 'mated']
 ['F118' '208.15420853714127' 'mated']
 ['F62' '265.1282224933191' 'mated']
 ['F206' '280.7127103993417' 'mated']]",576.0,70.67450136633632,13.835760426310221,1400.0,241.4828272964463,52.457158931488614,264.0,42.89196341014297,8.73621003466816,13.0,1.3,0.13000000000000006,82.0,3.7962962962962954,0.17575445816186536
11,0.054,9,360.2551617652373,"[['8' '9.596452912479434' 'present']
 ['23' '23.819508927589844' 'present']
 ['19' '38.01142167103061' 'present']
 ['13' '43.048429569646416' 'marauded']
 ['8' '45.351702416616085' 'presentdestroyed']
 ['0' '49.36950110327376' 'presentdestroyed']
 ['13' '54.15084255434125' 'present']
 ['23' '63.53704409759063' 'present']
 ['10' '104.19664985104164' 'present']
 ['23' '104.67334870943411' 'present']
 ['8' '147.43673335224847' 'present']
 ['6' '147.81582829709856' 'present']
 ['4' '184.53679260244877' 'present']
 ['22' '188.5423794884436' 'present']
 ['6' '193.25101632440587' 'marauded']
 ['8' '195.5247503775446' 'presentdestroyed']
 ['9' '198.4913287230347' 'presentdestroyed']
 ['22' '207.73519164514212' 'present']
 ['0' '214.47474184643502' 'present']
 ['0' '220.96455797969648' 'present']
 ['13' '225.8992136392899' 'present']
 ['13' '237.9349369983386' 'present']
 ['9' '291.2369576126476' 'marauded']
 ['9' '293.7122732202934' 'presentdestroyed']
 ['8' '299.3333352077899' 'present']
 ['19' '301.5175115536701' 'present']
 ['8' '302.67775944235996' 'present']
 ['18' '307.6237136149116' 'present']
 ['19' '310.3473879696278' 'present']
 ['10' '315.1427508449902' 'present']
 ['22' '318.8406309710338' 'marauded']
 ['18' '337.79214072971143' 'marauded']
 ['18' '352.5596211553915' 'present']]","[['F140' '21.956582334050434' 'mated']
 ['F209' '41.50649660618915' 'mated']
 ['F39' '87.08917120422083' 'mated']
 ['F96' '89.71915954391449' 'mated']
 ['F141' '144.7092174541583' 'mated']
 ['F82' '165.932402746188' 'mated']
 ['F91' '168.40736857266108' 'mated']
 ['F201' '170.4182724601202' 'absent']
 ['F164' '189.04015676334728' 'absent']
 ['F161' '249.01479559725448' 'absent']
 ['F167' '249.08753835983615' 'mated']
 ['F203' '267.30692827510984' 'mated']
 ['F88' '326.50397078238586' '']]",567.0,72.19938807147244,15.021726862013585,1500.0,252.97727683337115,53.9616894528779,180.0,30.903131634598193,6.7044424055990515,5.0,0.5,0.05000000000000001,75.0,3.4722222222222214,0.16075102880658423
12,0.0,6,359.9062037659759,"[['19' '12.400828893397392' 'present']
 ['11' '15.943076143488568' 'marauded']
 ['11' '21.1335743830847' 'presentdestroyed']
 ['13' '22.858985584908385' 'presentdestroyed']
 ['13' '29.728203989974475' 'present']
 ['19' '36.58643369455896' 'present']
 ['8' '37.132349292050066' 'present']
 ['13' '38.34617245572015' 'marauded']
 ['23' '56.905950655174' 'present']
 ['16' '62.41328108817466' 'marauded']
 ['9' '88.19322846784732' 'present']
 ['22' '88.74288000185278' 'present']
 ['6' '95.50075209991515' 'present']
 ['19' '106.58519233826773' 'present']
 ['8' '108.53161038322172' 'present']
 ['6' '118.02115805915956' 'present']
 ['13' '137.83799553496485' 'marauded']
 ['16' '139.21771453126942' 'presentdestroyed']
 ['23' '146.95442079994697' 'present']
 ['6' '147.86212459339487' 'marauded']
 ['4' '167.95630988820838' 'present']
 ['0' '169.05443062771317' 'present']
 ['18' '170.56403817503946' 'present']
 ['11' '172.12200282682394' 'present']
 ['22' '179.10693673129174' 'present']
 ['0' '186.6152211371825' 'marauded']
 ['19' '193.28826511510732' 'presentdestroyed']
 ['6' '201.60430349751923' 'present']
 ['16' '210.65519625784344' 'present']
 ['13' '214.3505051836661' 'present']
 ['13' '215.58201669326408' 'marauded']
 ['10' '220.0206784114774' 'presentdestroyed']
 ['6' '222.83054764958348' 'presentdestroyed']
 ['19' '223.0672455320519' 'presentdestroyed']
 ['0' '225.16966239272236' 'present']
 ['6' '225.50488279232482' 'marauded']
 ['11' '249.0093299310664' 'present']
 ['0' '254.77377974911215' 'present']
 ['22' '259.3260845685425' 'present']
 ['6' '267.0804791909444' 'present']
 ['8' '272.86755771549747' 'present']
 ['22' '279.2960435117064' 'present']
 ['4' '279.58621416738026' 'present']
 ['10' '279.8824684094517' 'present']
 ['19' '299.59278729858625' 'present']
 ['16' '326.2003337160695' 'present']
 ['10' '341.43990045833334' 'present']
 ['11' '356.5955736761119' 'present']]","[['F125' '62.1381571342959' 'mated']
 ['F153' '129.76589472413116' 'mated']
 ['F179' '180.87453450689318' 'mated']
 ['F3' '182.23743792438665' 'mated']
 ['F208' '188.69952216339365' 'absentdestroyed']
 ['F31' '190.06692840477348' 'absentdestroyed']
 ['F46' '191.3255612822251' 'destroyed']
 ['F4' '216.8614188626164' 'destroyed']
 ['F127' '218.41035622061338' 'destroyed']
 ['F47' '322.45743984348195' 'mated']
 ['F183' '337.84681576610626' 'mated']]",565.0,72.09531503595832,14.337181419010884,1399.0,238.86347550307673,51.7463303942064,286.0,49.09685966842296,10.766526333627263,0.0,0.0,0.0,0.0,0.0,0.0
13,0.054,5,359.9860251407028,"[['19' '8.61899124821017' 'marauded']
 ['0' '15.773409938017727' 'presentdestroyed']
 ['9' '28.062201710986866' 'present']
 ['18' '51.353670482032484' 'present']
 ['4' '57.1428023161809' 'present']
 ['9' '58.8407251716687' 'present']
 ['9' '59.25697416662639' 'marauded']
 ['18' '64.92484494639513' 'presentdestroyed']
 ['0' '65.33804159144228' 'destroyed']
 ['4' '74.79517776144684' 'present']
 ['6' '77.14121222093063' 'present']
 ['10' '79.31446545763247' 'present']
 ['22' '91.62114580449816' 'present']
 ['0' '94.38806519776422' 'marauded']
 ['4' '97.56916147936165' 'presentdestroyed']
 ['18' '100.29678263197788' 'presentdestroyed']
 ['0' '104.52611524465284' 'present']
 ['8' '107.6768566523232' 'marauded']
 ['9' '126.37473023563466' 'present']
 ['22' '135.43889615307398' 'present']
 ['8' '142.58777456725835' 'present']
 ['4' '143.40703236534168' 'marauded']
 ['6' '143.84332680312434' 'presentdestroyed']
 ['16' '146.61049086969842' 'presentdestroyed']
 ['23' '147.35443332011656' 'presentdestroyed']
 ['16' '154.43564209509998' 'marauded']
 ['9' '170.39659109557692' 'present']
 ['23' '176.56491087655908' 'present']
 ['6' '178.77737398405827' 'marauded']
 ['0' '241.5951405756407' 'present']
 ['18' '251.54596955255127' 'present']
 ['10' '251.75928662109433' 'marauded']
 ['19' '262.17521581308665' 'present']
 ['18' '275.15866663886607' 'present']
 ['23' '277.25702653617634' 'present']
 ['22' '280.12368715278046' 'present']
 ['6' '303.85177532904146' 'present']
 ['8' '325.6623729281546' 'marauded']
 ['23' '343.2728027703915' 'marauded']
 ['18' '347.7573651402763' 'presentdestroyed']
 ['18' '349.5247186611052' 'presentdestroyed']
 ['22' '355.59104162854123' 'present']]","[['F129' '82.71680460951178' 'mated']
 ['F18' '150.20272689444084' 'destroyed']
 ['F72' '151.10654967278768' 'mated']
 ['F177' '159.7270674638773' 'absentdestroyed']
 ['F108' '191.29660362818086' 'mated']
 ['F185' '199.5160839935504' 'mated']
 ['F50' '203.210981778351' 'mated']
 ['F77' '214.07898451252748' 'absent']
 ['F20' '224.2280568220067' 'absent']
 ['F197' '224.27464989766025' 'absent']
 ['F88' '326.4808226342377' 'destroyed']]",565.0,71.42735367359225,14.478117989708105,1294.0,221.09977985401426,48.18543091907532,362.0,61.25748325857237,13.070711971183734,23.0,2.3000000000000007,0.23000000000000015,87.0,4.027777777777777,0.1864711934156376
14,0.0,11,360.17581197255714,"[['23' '1.0591866799450644' 'present']
 ['8' '3.767818414721409' 'present']
 ['22' '4.0223897880975565' 'present']
 ['23' '9.306383024954343' 'present']
 ['8' '10.585875949524283' 'present']
 ['18' '36.13781912719801' 'present']
 ['19' '71.37895868763198' 'present']
 ['10' '72.53037047414793' 'present']
 ['16' '80.69618601824705' 'present']
 ['8' '89.6091589091104' 'present']
 ['10' '100.78569474674916' 'marauded']
 ['22' '109.16113947468602' 'marauded']
 ['6' '114.70658340073557' 'destroyed']
 ['11' '115.28310376274237' 'presentdestroyed']
 ['23' '123.26229448537482' 'present']
 ['18' '148.8511469360891' 'present']
 ['22' '150.78561009408804' 'present']
 ['10' '152.31890089304434' 'marauded']
 ['18' '169.54944915053414' 'present']
 ['8' '175.89261698270866' 'present']
 ['11' '176.8984321479195' 'marauded']
 ['4' '182.8183688805779' 'presentdestroyed']
 ['6' '187.06704092633137' 'present']
 ['16' '192.36658679892795' 'present']
 ['8' '219.90564582063487' 'present']
 ['9' '222.36185883868106' 'present']
 ['22' '224.02020733482382' 'present']
 ['23' '230.7219457589904' 'present']
 ['11' '244.54552820840883' 'marauded']
 ['6' '266.7218957519475' 'present']
 ['9' '271.63038372682007' 'present']
 ['13' '284.8222656117729' 'present']
 ['10' '298.56063070049595' 'present']
 ['16' '303.7170242153895' 'marauded']
 ['18' '304.25523286509616' 'presentdestroyed']
 ['23' '342.9754637732687' 'present']]","[['F171' '47.61091275800557' 'mated']
 ['F45' '56.61810161820264' 'mated']
 ['F27' '64.9547733640894' 'absent']
 ['F93' '67.9465210736321' 'mated']
 ['F49' '112.77157627198457' 'absentdestroyed']
 ['F86' '128.9332556018868' 'mated']
 ['F22' '139.81076741794527' 'mated']
 ['F123' '149.89832734693613' 'absent']
 ['F211' '160.80549541359093' 'absent']
 ['F90' '175.9440243656401' 'mated']
 ['F10' '180.24380036846946' 'absentdestroyed']
 ['F131' '187.51029318838033' 'mated']
 ['F159' '201.63379425584114' 'mated']
 ['F87' '206.10369684576284' 'mated']
 ['F74' '273.68863010063234' 'mated']
 ['F195' '296.23521681455577' 'mated']]",563.0,73.1656657671803,15.914568397415662,1469.0,249.9652006742649,53.2589450494192,206.0,36.980541957369866,8.188434705517471,0.0,0.0,0.0,0.0,0.0,0.0
15,0.0,10,360.18381421705817,"[['23' '12.13860140410506' 'present']
 ['13' '23.605617071626465' 'present']
 ['4' '34.09170284503746' 'present']
 ['23' '34.87245744535799' 'marauded']
 ['19' '46.02291656559484' 'marauded']
 ['22' '46.36731631631674' 'presentdestroyed']
 ['16' '46.84884398583282' 'presentdestroyed']
 ['8' '50.44168129128919' 'presentdestroyed']
 ['6' '58.55561131172074' 'present']
 ['8' '90.14847643500836' 'present']
 ['9' '92.99823291098724' 'present']
 ['0' '95.49386206717497' 'present']
 ['23' '101.00821946698842' 'present']
 ['0' '102.56769307628731' 'present']
 ['4' '104.4284073791718' 'present']
 ['8' '113.86380575987822' 'present']
 ['0' '118.94028205821158' 'present']
 ['23' '130.1641772655352' 'present']
 ['16' '140.00255299297035' 'present']
 ['0' '146.2174728433563' 'present']
 ['23' '153.7217159097807' 'present']
 ['18' '156.90310561685826' 'present']
 ['22' '159.70557480919953' 'present']
 ['8' '166.4086781161039' 'present']
 ['9' '183.35724409004527' 'present']
 ['23' '187.87913789165833' 'present']
 ['18' '198.0967084254108' 'present']
 ['13' '204.05304189127304' 'present']
 ['23' '204.106642271872' 'present']
 ['13' '213.97583013953016' 'present']
 ['19' '221.06999819330358' 'present']
 ['23' '224.33286694374945' 'marauded']
 ['8' '256.32886865798537' 'present']
 ['18' '265.9712130779879' 'present']
 ['6' '267.1267754872407' 'present']
 ['22' '277.8431443739175' 'present']
 ['9' '293.7585695165897' 'present']
 ['23' '296.48554538739444' 'present']
 ['10' '298.06163436360146' 'present']
 ['11' '298.9865047293096' 'present']
 ['6' '301.8733827972657' 'present']
 ['16' '307.73114062595533' 'marauded']
 ['10' '319.0632048754278' 'present']
 ['13' '320.458654798821' 'marauded']
 ['10' '333.43234858133195' 'present']
 ['22' '338.54684831779537' 'marauded']
 ['9' '343.73892316672465' 'presentdestroyed']
 ['4' '346.06534605796105' 'marauded']
 ['18' '346.6541668464099' 'presentdestroyed']
 ['18' '353.2616956631921' 'presentdestroyed']]","[['F107' '8.224529101208045' 'mated']
 ['F104' '100.24161264245524' 'mated']
 ['F123' '149.92147549508428' 'mated']
 ['F177' '159.75021561202544' 'mated']
 ['F201' '170.39512431197204' 'absent']
 ['F54' '174.75600063101064' 'mated']
 ['F179' '180.85138635874503' 'absent']
 ['F24' '218.8447558165725' 'mated']
 ['F42' '221.59949996835064' 'absent']
 ['F78' '258.1018203653987' 'mated']
 ['F124' '269.373331837788' 'mated']
 ['F214' '280.3340738703717' 'mated']
 ['F9' '306.58121694555086' 'mated']
 ['F88' '326.4345263379414' 'absentdestroyed']]",578.0,72.04592984056383,14.864203543055194,1448.0,245.43921469619787,53.03093896662314,259.0,42.62431068141495,9.028956145075899,0.0,0.0,0.0,0.0,0.0,0.0
16,0.054,7,360.49207642016245,"[['8' '2.2878928702492978' 'present']
 ['6' '4.598396089253386' 'present']
 ['4' '6.622219534052398' 'present']
 ['9' '12.200221898868264' 'marauded']
 ['23' '37.69257145730869' 'marauded']
 ['13' '39.14398372885997' 'presentdestroyed']
 ['4' '47.908464332665325' 'present']
 ['6' '61.30921602766355' 'present']
 ['18' '67.25918065294229' 'present']
 ['19' '70.19083865044388' 'marauded']
 ['4' '77.68044443768842' 'present']
 ['11' '96.64351411772144' 'present']
 ['23' '100.68200984884339' 'present']
 ['8' '108.76246884602836' 'present']
 ['22' '114.9975083686354' 'marauded']
 ['4' '116.62022165863989' 'destroyed']
 ['11' '117.04224768638645' 'presentdestroyed']
 ['19' '117.42010294168223' 'presentdestroyed']
 ['9' '117.5687126220199' 'destroyed']
 ['13' '126.85609627689598' 'present']
 ['11' '136.5658266293925' 'present']
 ['13' '140.89295358503' 'present']
 ['18' '143.35154276504494' 'present']
 ['8' '168.33023604129266' 'marauded']
 ['10' '169.74712348295247' 'presentdestroyed']
 ['8' '171.83113716276893' 'presentdestroyed']
 ['8' '177.92196396469038' 'present']
 ['10' '184.48930751541607' 'present']
 ['18' '198.0504121291145' 'present']
 ['13' '204.64612668267205' 'present']
 ['6' '206.87561839034896' 'present']
 ['19' '217.49214510048017' 'marauded']
 ['13' '227.44535329475752' 'marauded']
 ['8' '248.03841898963998' 'present']
 ['6' '254.2194831071971' 'present']
 ['0' '254.82007604540846' 'present']
 ['10' '255.5284291848941' 'present']
 ['8' '262.8313346262546' 'marauded']
 ['13' '263.3330367923149' 'destroyed']
 ['23' '264.6401111407842' 'presentdestroyed']
 ['11' '275.4384532332255' 'present']
 ['9' '283.94709607778327' 'present']
 ['19' '309.80328964979697' 'marauded']
 ['13' '310.7472114527129' 'destroyed']
 ['9' '311.7959771319436' 'presentdestroyed']
 ['23' '354.0863396602814' 'marauded']]","[['F196' '76.34604059473953' 'destroyed']
 ['F174' '106.41503456473535' 'mated']
 ['F105' '122.50762822695728' '']
 ['F117' '139.93785509474625' 'absent']
 ['F177' '159.70391931572914' 'absent']
 ['F81' '175.95795104712246' '']
 ['F137' '209.0928815932123' 'mated']
 ['F200' '236.19902073196818' 'mated']
 ['F2' '244.65002612364498' 'mated']
 ['F79' '251.40938108351807' 'mated']
 ['F13' '281.4341497866411' 'mated']
 ['F58' '297.6050282530786' 'mated']]",567.0,71.44200099769212,14.575608506101844,1353.0,224.51599998504008,47.511406776453576,345.0,59.3284496066928,13.103315952725787,13.0,1.3,0.13000000000000006,74.0,3.425925925925925,0.1586076817558298
17,0.0,10,360.1074441853971,"[['13' '2.8140419463829245' 'present']
 ['11' '11.761441461668387' 'present']
 ['10' '16.258974546728258' 'present']
 ['4' '19.47332994588286' 'present']
 ['8' '26.48353153295289' 'present']
 ['23' '36.252011653775554' 'present']
 ['6' '43.25411921000105' 'present']
 ['8' '52.71448294022419' 'present']
 ['22' '53.854173232926954' 'present']
 ['19' '73.916091704928' 'present']
 ['0' '84.83624215347518' 'present']
 ['4' '108.40441111694953' 'present']
 ['11' '112.32873614333849' 'present']
 ['0' '112.88693020934184' 'present']
 ['8' '120.11526955967275' 'present']
 ['0' '126.37851203171577' 'present']
 ['11' '154.92359224181536' 'marauded']
 ['9' '169.22267049784585' 'present']
 ['8' '174.83528413331058' 'present']
 ['13' '177.56416901009865' 'marauded']
 ['9' '195.42321106124487' 'present']
 ['13' '200.3293329965487' 'marauded']
 ['23' '205.31771067493997' 'presentdestroyed']
 ['19' '210.61703831531742' 'present']
 ['10' '219.8743821151811' 'marauded']
 ['8' '222.8440975303373' 'presentdestroyed']
 ['6' '224.97986529836402' 'destroyed']
 ['9' '231.98111639105056' 'present']
 ['10' '243.84833155113' 'present']
 ['6' '252.6345471856827' 'marauded']
 ['22' '261.8112956430192' 'marauded']
 ['13' '264.4444751182913' 'destroyed']
 ['13' '268.67600940599107' 'present']
 ['13' '269.70610581393214' 'present']
 ['19' '278.17037723988324' 'present']
 ['4' '278.7836224546061' 'present']
 ['13' '286.75066830832367' 'marauded']
 ['18' '291.5357071584256' 'presentdestroyed']
 ['23' '306.7164462952806' 'present']
 ['18' '310.3140339960912' 'present']
 ['19' '324.92325847321706' 'marauded']
 ['6' '327.68805314618794' 'presentdestroyed']
 ['4' '332.8683164538007' 'present']
 ['22' '346.0978750396247' 'present']
 ['9' '348.09557309506306' 'present']
 ['22' '358.9411049263334' 'present']]","[['F80' '19.826656354950497' 'mated']
 ['F27' '64.97792151223756' 'mated']
 ['F36' '66.307234475357' 'mated']
 ['F70' '70.8282290570821' 'mated']
 ['F115' '118.09258768889052' 'mated']
 ['F19' '127.51600957969936' 'mated']
 ['F7' '129.10781069190827' 'mated']
 ['F151' '140.06034428520664' 'mated']
 ['F72' '151.08340152463953' 'absent']
 ['F55' '156.29447467502175' 'destroyed']
 ['F10' '180.26694851661762' 'destroyed']
 ['F3' '182.2142897762385' 'destroyed']
 ['F175' '187.08578792053137' 'mated']
 ['F16' '195.5278371650826' 'absent']
 ['F26' '198.45882430733275' 'mated']
 ['F185' '199.49293584540226' 'absent']
 ['F168' '208.79524390774063' 'absent']
 ['F97' '226.03102163307324' 'destroyed']
 ['F35' '308.69579894396566' 'absent']
 ['F88' '326.41137818979325' 'destroyed']
 ['F88' '326.45767448608956' 'destroyed']]",570.0,71.33661575876422,15.766655536414152,1433.0,239.99327838798794,51.118409609244935,280.0,48.80987725578595,10.202111285620386,0.0,0.0,0.0,0.0,0.0,0.0
18,0.054,8,360.41156764157785,"[['9' '20.808649551741826' 'marauded']
 ['11' '24.103088438279528' 'presentdestroyed']
 ['16' '27.694090773302516' 'presentdestroyed']
 ['9' '27.803084027218542' 'presentdestroyed']
 ['4' '37.19336279891399' 'present']
 ['9' '54.27877963549552' 'marauded']
 ['23' '66.70189852739787' 'present']
 ['4' '67.08332786919408' 'present']
 ['10' '77.21136385951303' 'present']
 ['22' '78.28089051722714' 'marauded']
 ['16' '79.55638622793631' 'presentdestroyed']
 ['0' '81.80738620399532' 'presentdestroyed']
 ['0' '85.19682369120042' 'presentdestroyed']
 ['10' '87.43972756910424' 'present']
 ['0' '91.27016801848517' 'present']
 ['4' '91.55029294040625' 'present']
 ['10' '105.63494141272622' 'marauded']
 ['22' '106.2289321420899' 'presentdestroyed']
 ['16' '113.14412744424357' 'present']
 ['4' '117.36783671845681' 'marauded']
 ['0' '145.1190792123123' 'present']
 ['16' '148.14129319896375' 'present']
 ['6' '152.62357844472226' 'present']
 ['9' '170.35029479928062' 'present']
 ['10' '192.7788836124642' 'present']
 ['16' '199.56223208020154' 'present']
 ['16' '200.52239164840285' 'present']
 ['23' '217.12539445269167' 'present']
 ['10' '217.92355924886047' 'marauded']
 ['23' '222.13103343624203' 'destroyed']
 ['4' '225.38956869264803' 'present']
 ['4' '234.18359938220001' 'present']
 ['22' '252.2653473753175' 'present']
 ['22' '254.0943305170367' 'present']
 ['11' '260.70289530046864' 'present']
 ['8' '264.8141819261513' 'present']
 ['23' '285.9748923185419' 'present']
 ['13' '292.03223153514324' 'marauded']
 ['11' '302.00313543556445' 'present']
 ['10' '313.55128135846746' 'present']
 ['22' '324.6310142511115' 'present']
 ['16' '329.01258956846766' 'present']
 ['6' '338.24687823547345' 'present']
 ['9' '346.0151359470829' 'present']]","[['F114' '76.28760043844915' 'mated']
 ['F129' '82.69365646136363' 'destroyed']
 ['F170' '106.71943006034813' 'absentdestroyed']
 ['F113' '125.21449114795521' 'mated']
 ['F117' '139.9610032428944' 'mated']
 ['F212' '142.72329339527036' 'mated']
 ['F208' '188.7226703115418' 'mated']
 ['F128' '189.7865497250191' 'mated']
 ['F17' '210.69149847834524' 'mated']
 ['F44' '221.68680748084398' 'destroyed']
 ['F169' '347.7831498957572' 'mated']]",554.0,71.79731458933536,15.929169637911128,1405.0,241.43039917740523,51.89414286140071,249.0,42.46474123764669,9.00459389905486,9.0,0.8999999999999999,0.09000000000000002,76.0,3.5185185185185177,0.16289437585733868
19,0.054,8,360.0377007199257,"[['4' '10.191003698824215' 'present']
 ['16' '11.107906017308345' 'present']
 ['6' '14.939062054480896' 'present']
 ['9' '28.833761755839777' 'present']
 ['13' '32.512325080098314' 'present']
 ['0' '54.23503582598474' 'marauded']
 ['22' '73.99892997529757' 'marauded']
 ['8' '76.0097640650258' 'presentdestroyed']
 ['13' '81.19533756335689' 'presentdestroyed']
 ['13' '85.75343125749878' 'present']
 ['23' '86.5327131623371' 'present']
 ['18' '95.64616004883052' 'marauded']
 ['23' '97.94560303708774' 'presentdestroyed']
 ['4' '100.86318395193568' 'presentdestroyed']
 ['9' '114.73339060246498' 'present']
 ['0' '120.08862377348977' 'present']
 ['11' '129.95487254828328' 'present']
 ['16' '135.47101303329148' 'present']
 ['18' '151.04453989487607' 'present']
 ['4' '157.24933470501063' 'present']
 ['9' '162.42746929190875' 'marauded']
 ['18' '164.72498796181694' 'destroyed']
 ['4' '164.92843864953613' 'presentdestroyed']
 ['6' '169.14091406907366' 'destroyed']
 ['11' '179.76864646569388' 'marauded']
 ['6' '196.0841873911036' 'present']
 ['13' '206.70606811014355' 'present']
 ['9' '213.83056181473754' 'present']
 ['10' '233.11849106148279' 'marauded']
 ['10' '243.36638019680686' 'present']
 ['6' '248.58266334752633' 'marauded']
 ['9' '256.59811598300683' 'present']
 ['0' '261.43602898682906' 'present']
 ['23' '277.21073023988004' 'present']
 ['11' '277.4337407767926' 'present']
 ['4' '280.89590784457835' 'marauded']
 ['22' '317.2890417314228' 'present']
 ['10' '327.7573308171881' 'present']
 ['16' '331.12293863672016' 'present']
 ['8' '332.35978729473453' 'present']
 ['8' '344.7505417286987' 'present']
 ['0' '346.2728525163709' 'marauded']
 ['18' '351.49758822572176' 'destroyed']
 ['6' '355.90561948518354' 'present']
 ['0' '357.32462979705133' 'marauded']]","[['F130' '14.325620067159715' 'mated']
 ['F154' '91.08596207084697' 'mated']
 ['F121' '135.0763146227809' 'mated']
 ['F55' '156.3176228231699' 'mated']
 ['F10' '180.2206522203213' 'destroyed']
 ['F179' '180.82823821059688' 'destroyed']
 ['F168' '208.84154020403693' 'mated']
 ['F97' '226.0541697812214' 'mated']
 ['F205' '231.55798739575562' 'mated']
 ['F200' '236.17587258382002' 'destroyed']
 ['F51' '282.70667198113824' 'destroyed']
 ['F41' '295.79168196318267' 'mated']
 ['F169' '347.7368535994609' 'destroyed']]",551.0,70.40122034614302,14.66305471608817,1323.0,228.16795776028567,49.38289894326245,330.0,57.34751444351529,12.241482684332318,12.0,1.2,0.12000000000000005,67.0,3.101851851851851,0.14360425240054867
20,0.0,7,360.1783066665733,"[['13' '8.050116814783346' 'marauded']
 ['4' '14.976872619583483' 'presentdestroyed']
 ['9' '18.28384410522646' 'present']
 ['6' '25.0506871826474' 'marauded']
 ['13' '33.179418518101365' 'present']
 ['0' '49.32320480697747' 'present']
 ['4' '68.25513253267233' 'present']
 ['4' '70.85638155995738' 'present']
 ['18' '73.71137380759224' 'present']
 ['16' '81.92115306638367' 'present']
 ['19' '83.75656196945201' 'present']
 ['23' '103.87957415246643' 'present']
 ['11' '107.8485374196897' 'present']
 ['6' '107.96943651948074' 'present']
 ['4' '108.77159916113933' 'present']
 ['19' '119.32688238822877' 'present']
 ['8' '123.8806866564388' 'present']
 ['13' '125.16088695922157' 'marauded']
 ['19' '127.64836281892933' 'presentdestroyed']
 ['16' '135.32471673699519' 'marauded']
 ['8' '158.9840380998113' 'present']
 ['23' '171.30341936634534' 'present']
 ['9' '173.06245151576636' 'present']
 ['4' '175.15137117486557' 'marauded']
 ['13' '189.8355146274703' 'present']
 ['8' '191.324788201063' 'marauded']
 ['22' '224.06650363112013' 'marauded']
 ['23' '230.9103579368522' 'presentdestroyed']
 ['8' '233.35900840373463' 'present']
 ['22' '240.9119002059221' 'present']
 ['13' '242.09315008378354' 'marauded']
 ['11' '242.20710219579598' 'destroyed']
 ['4' '249.74764739863207' 'present']
 ['18' '264.8458858839868' 'marauded']
 ['6' '266.7681920482438' 'presentdestroyed']
 ['19' '270.6877226455419' 'destroyed']
 ['6' '270.8949859856909' 'destroyed']
 ['11' '283.22613696009836' 'present']
 ['8' '286.8535815480051' 'marauded']
 ['23' '288.097734552069' 'destroyed']
 ['10' '295.68608529954787' 'present']
 ['8' '295.6915028095351' 'marauded']
 ['6' '303.18107322558603' 'present']
 ['13' '325.4697219118737' 'marauded']
 ['11' '328.99999208044545' 'presentdestroyed']
 ['22' '336.99223734623774' 'present']]","[['F146' '71.71229772299097' 'mated']
 ['F170' '106.69628191219998' 'absent']
 ['F150' '133.92546730037037' 'mated']
 ['F165' '200.96678187679134' 'absent']
 ['F163' '218.43138607178952' 'mated']
 ['F192' '264.261672590865' 'mated']
 ['F147' '267.17175641674027' 'destroyed']
 ['F66' '273.74806874777465' 'mated']
 ['F139' '319.45594420757834' 'mated']
 ['F155' '350.94890064694937' 'mated']]",562.0,67.98560558333958,13.548686016864371,1270.0,218.6168868748309,47.21982689558622,437.0,73.45079350145531,15.741363104835798,0.0,0.0,0.0,0.0,0.0,0.0
21,0.0,11,360.88154733287945,"[['8' '1.6088541645049437' 'present']
 ['16' '11.154202313604642' 'present']
 ['10' '26.68840785386782' 'present']
 ['11' '29.309426164878452' 'present']
 ['18' '40.102441323423314' 'present']
 ['6' '57.55251864596345' 'marauded']
 ['18' '69.68292777681953' 'marauded']
 ['18' '73.53596192693252' 'destroyed']
 ['0' '81.76108990769902' 'present']
 ['16' '88.05059908787533' 'present']
 ['18' '92.75806334530344' 'present']
 ['18' '128.91407126729607' 'present']
 ['16' '138.51876508686752' 'present']
 ['22' '153.85091123258684' 'present']
 ['4' '166.30745170329615' 'marauded']
 ['6' '169.79721714435146' 'presentdestroyed']
 ['4' '170.9339473686252' 'presentdestroyed']
 ['4' '178.4343044779418' 'present']
 ['6' '179.36709432097464' 'present']
 ['8' '181.07519050295394' 'present']
 ['13' '206.57114337779083' 'present']
 ['6' '209.32871210942622' 'present']
 ['13' '211.16924995147363' 'present']
 ['19' '215.95804598261114' 'present']
 ['4' '219.6249524929045' 'present']
 ['10' '225.2284212903642' 'present']
 ['19' '226.08697735731747' 'present']
 ['8' '230.5266474432154' 'present']
 ['9' '249.0858441097118' 'present']
 ['4' '252.88223266686788' 'present']
 ['4' '256.7479020176674' 'present']
 ['9' '281.5660534565848' 'present']
 ['23' '295.1327043738622' 'present']
 ['19' '335.6963600776765' 'present']
 ['6' '344.55861331953986' 'present']
 ['22' '351.46294625187335' 'present']
 ['8' '356.76569986875853' 'present']]","[['F99' '99.10223454602674' 'mated']
 ['F48' '102.29152226406417' 'mated']
 ['F100' '123.87708458982301' 'mated']
 ['F132' '131.90406702193698' 'mated']
 ['F57' '158.93523265920143' 'mated']
 ['F94' '180.16852257276787' 'mated']
 ['F8' '190.1479813471825' 'mated']
 ['F184' '199.08795873414425' 'mated']
 ['F75' '202.55768369507254' 'absent']
 ['F194' '213.18530980034046' 'mated']
 ['F34' '226.75861853137985' 'mated']
 ['F103' '247.194941019474' 'mated']]",562.0,70.56546866509741,14.52050524037195,1608.0,271.4275687529728,58.97805322751797,109.0,18.135908196802387,3.7954167286889096,0.0,0.0,0.0,0.0,0.0,0.0
22,0.054,5,360.1544347340614,"[['19' '8.572694951913872' 'present']
 ['8' '14.86414767341222' 'present']
 ['6' '57.04929361132619' 'marauded']
 ['8' '59.03581130783916' 'presentdestroyed']
 ['8' '65.31329638614291' 'present']
 ['23' '67.59588188562806' 'present']
 ['13' '81.24163385965319' 'present']
 ['4' '117.99905227908816' 'marauded']
 ['16' '129.64248797809242' 'present']
 ['8' '132.36173700266124' 'present']
 ['13' '132.87053143436688' 'present']
 ['19' '134.00211541345598' 'present']
 ['23' '136.18927626132015' 'present']
 ['9' '138.32292682735715' 'marauded']
 ['19' '146.67185431899898' 'present']
 ['18' '149.7069746364243' 'present']
 ['4' '179.483040774126' 'marauded']
 ['4' '180.4212693096359' 'presentdestroyed']
 ['16' '193.05178860545078' 'present']
 ['4' '197.23634133056763' 'marauded']
 ['0' '207.74158861986112' 'marauded']
 ['0' '208.16436535503215' 'presentdestroyed']
 ['11' '223.08698159480224' 'present']
 ['6' '237.58621554358058' 'present']
 ['6' '243.02590017106832' 'present']
 ['8' '256.07777840559027' 'present']
 ['16' '256.4408502738668' 'present']
 ['4' '262.3454766811005' 'marauded']
 ['10' '264.0075031306025' 'destroyed']
 ['18' '270.87526829690586' 'present']
 ['23' '292.5145280215485' 'present']
 ['8' '295.6452065132388' 'present']
 ['8' '297.13184117557876' 'marauded']
 ['19' '309.9495859460933' 'present']
 ['11' '328.32493481712896' 'present']
 ['9' '334.3610557476026' 'present']]","[['F171' '47.58776460985742' 'absent']
 ['F110' '83.62347371332308' 'mated']
 ['F23' '165.37578288010866' 'mated']
 ['F4' '216.88456701076456' 'mated']
 ['F44' '221.70995562899213' 'mated']
 ['F101' '224.17137394992406' 'absent']
 ['F188' '228.15714330547152' 'mated']
 ['F38' '262.9000439461539' 'destroyed']
 ['F58' '297.58188010493046' 'destroyed']]",565.0,69.9303422838893,13.752114025783918,1387.0,235.89778125753878,50.773892456022104,293.0,48.690732067623536,10.459144103250512,15.0,1.5000000000000002,0.15000000000000008,86.0,3.9814814814814805,0.18432784636488314
23,0.054,7,360.094722303354,"[['13' '2.2957955853380434' 'present']
 ['10' '14.728374286949213' 'marauded']
 ['6' '15.76192161714868' 'presentdestroyed']
 ['18' '32.35651632981795' 'present']
 ['8' '41.69515573683113' 'present']
 ['13' '47.57922972098673' 'marauded']
 ['0' '52.21278049937997' 'presentdestroyed']
 ['8' '53.57377814449481' 'presentdestroyed']
 ['6' '57.195589907622484' 'present']
 ['6' '58.16932402414706' 'present']
 ['6' '71.44885932970435' 'present']
 ['19' '73.9623880012243' 'marauded']
 ['8' '75.24428504069157' 'presentdestroyed']
 ['10' '77.76339912910335' 'presentdestroyed']
 ['11' '88.99312983731296' 'present']
 ['10' '93.30403265384653' 'present']
 ['13' '105.08565362526676' 'present']
 ['22' '105.47003162965923' 'present']
 ['19' '110.87510549291841' 'marauded']
 ['0' '126.33221573541947' 'present']
 ['0' '130.02554844517556' 'present']
 ['11' '140.11235145870708' 'present']
 ['8' '155.61838638084888' 'present']
 ['10' '167.51080055451231' 'present']
 ['22' '171.48548906138905' 'present']
 ['6' '175.84682725399176' 'present']
 ['18' '189.0953049052794' 'marauded']
 ['4' '194.96692891194186' 'presentdestroyed']
 ['8' '195.4784540812483' 'presentdestroyed']
 ['18' '199.0445246992788' 'present']
 ['11' '204.8072551930475' 'present']
 ['8' '207.4332603570035' 'present']
 ['16' '208.8430063250285' 'marauded']
 ['11' '209.21425253245164' 'presentdestroyed']
 ['13' '231.98313284664746' 'present']
 ['4' '234.5619508849695' 'present']
 ['9' '235.9751704403904' 'present']
 ['13' '240.10556188435012' 'present']
 ['8' '241.4315543949314' 'present']
 ['0' '244.43678873971396' 'marauded']
 ['9' '252.02267332866987' 'presentdestroyed']
 ['18' '257.0204170129072' 'marauded']
 ['4' '257.5546719412994' 'presentdestroyed']
 ['11' '260.092641558963' 'presentdestroyed']
 ['9' '269.9301183695286' 'present']
 ['22' '278.22273937536' 'present']
 ['10' '278.9533556321041' 'present']
 ['11' '291.2208793249615' 'present']
 ['8' '300.97059088180714' 'present']
 ['10' '319.4465687442766' 'present']
 ['16' '320.65713151895085' 'present']
 ['16' '325.32296131417615' 'present']
 ['9' '327.68961095670784' 'present']
 ['11' '328.6347543377113' 'present']
 ['19' '339.72971471642234' 'present']
 ['22' '341.795657473272' 'present']
 ['22' '354.64252734048154' 'present']
 ['10' '356.12507345611476' 'present']
 ['13' '356.18033108159483' 'present']]","[['F172' '161.83110074213906' 'mated']
 ['F71' '180.7404971843187' 'mated']
 ['F187' '204.65043925712723' 'mated']
 ['F182' '218.39288281054087' 'mated']
 ['F78' '258.0786722172505' 'absentdestroyed']
 ['F152' '267.9123731179455' 'mated']
 ['F157' '279.10050647072273' 'mated']
 ['F32' '285.5141001165869' 'mated']
 ['F58' '297.5587319567823' 'absent']]",565.0,72.38519135428318,15.654991166905218,1358.0,233.78624694023802,51.2670541442237,285.0,48.760210549273204,10.63132133970318,12.0,1.2,0.12000000000000005,85.0,3.9351851851851842,0.1821844993141287
