id,probability_maraud,successful_mating,next_foraging_time,mar_attempts,mate_attempts,foraging_events,foraging_hrs,foraging_sqhrs,staying_events,staying_hrs,staying_sqhrs,repairing_events,repairing_hrs,repairing_sqhrs,marauding_events,marauding_hrs,marauding_sqhrs,traveling_events,traveling_hrs,traveling_sqhrs
0,0.0,9,360.11832173804123,"[['4' '8.887815818691998' 'present']
 ['22' '16.778769388318885' 'present']
 ['8' '18.298206099896554' 'marauded']
 ['13' '27.612886841171285' 'present']
 ['20' '27.784074575389745' 'present']
 ['13' '39.384542822524544' 'present']
 ['4' '56.92727794352939' 'marauded']
 ['22' '99.51891403854799' 'present']
 ['3' '102.26884090866747' 'marauded']
 ['13' '109.42169782143293' 'presentdestroyed']
 ['6' '113.4416871617924' 'present']
 ['9' '118.53848136276031' 'present']
 ['4' '124.84785659606007' 'present']
 ['4' '130.22075806623192' 'present']
 ['22' '130.8263256072058' 'present']
 ['14' '132.08711469739856' 'marauded']
 ['22' '132.7261648547422' 'presentdestroyed']
 ['13' '133.21642481948695' 'presentdestroyed']
 ['1' '140.55030301546546' 'present']
 ['3' '143.62827078576052' 'marauded']
 ['7' '149.27135980614625' 'presentdestroyed']
 ['8' '156.0779871603923' 'present']
 ['20' '162.99566659789647' 'present']
 ['22' '186.14498784693978' 'present']
 ['20' '189.487408723037' 'present']
 ['8' '193.4293248455421' 'present']
 ['8' '219.19268796763384' 'present']
 ['13' '223.6354857388456' 'present']
 ['13' '239.31735071370673' 'present']
 ['20' '239.76446551247946' 'present']
 ['3' '242.12286669244742' 'present']
 ['6' '244.836338101507' 'present']
 ['15' '245.8609142685936' 'present']
 ['15' '252.95291142607988' 'present']
 ['15' '276.53152468363567' 'present']
 ['20' '295.9633235127608' 'present']
 ['9' '309.72948971251685' 'present']
 ['6' '331.97748780243023' 'present']
 ['6' '331.9821174320599' 'marauded']
 ['22' '349.80611119163717' 'present']]","[['F11' '21.5233916023891' 'destroyed']
 ['F129' '102.11757753558112' 'absent']
 ['F105' '125.4529232036044' 'mated']
 ['F136' '141.9093059146555' 'mated']
 ['F124' '148.8048221129832' 'destroyed']
 ['F54' '159.23120981016112' 'mated']
 ['F159' '180.34507903057087' 'mated']
 ['F211' '203.54985928261235' 'mated']
 ['F28' '209.0592039262607' 'mated']
 ['F103' '229.5430836640333' 'mated']
 ['F190' '251.3405670886979' 'mated']
 ['F89' '257.9812686711497' 'absent']
 ['F10' '344.6850864832752' 'mated']]",575.0,74.17215805048126,15.276685976605288,1473.0,249.28129222030938,53.8484156990908,227.0,36.55325688199985,7.403542133556536,0.0,0.0,0.0,0.0,0.0,0.0
1,0.054,19,360.0096001696632,"[['13' '4.943418742034028' 'present']
 ['22' '8.702088538320872' 'present']
 ['9' '15.546734985210657' 'marauded']
 ['14' '18.492711717193774' 'presentdestroyed']
 ['9' '25.942823101988328' 'present']
 ['15' '36.5128451016781' 'present']
 ['20' '44.57302815151461' 'present']
 ['9' '63.91263406995675' 'marauded']
 ['7' '68.63125850507981' 'presentdestroyed']
 ['15' '83.45734142241403' 'present']
 ['22' '83.50472591051917' 'present']
 ['15' '112.40533165998013' 'present']
 ['15' '124.73210226436751' 'present']
 ['8' '126.17431402204537' 'present']
 ['14' '151.7260098187381' 'present']
 ['8' '152.62882323001952' 'present']
 ['8' '163.13351589721117' 'present']
 ['6' '206.9954323735827' 'marauded']
 ['9' '216.26412368216657' 'present']
 ['15' '230.98568621646166' 'present']
 ['14' '231.8635294087799' 'present']
 ['13' '245.7232820163459' 'present']
 ['3' '265.6676421970198' 'marauded']
 ['4' '266.4803205623948' 'presentdestroyed']
 ['7' '292.2356651364233' 'present']
 ['22' '313.18821962511345' 'present']
 ['20' '327.50361387555915' 'present']
 ['6' '334.8670261219483' 'present']
 ['3' '338.1315861064534' 'present']
 ['14' '340.32569813762814' 'present']
 ['4' '340.82626261944927' 'present']
 ['15' '345.51770838136105' 'present']]","[['F131' '77.04815849938164' 'mated']
 ['F4' '127.1375408919801' 'mated']
 ['F124' '148.807136927798' 'mated']
 ['F117' '154.24411844797584' 'mated']
 ['F122' '157.3689666945621' 'mated']
 ['F167' '167.68858150646622' 'absent']
 ['F182' '179.5680949033344' 'absent']
 ['F47' '186.3058374804476' 'mated']
 ['F34' '186.94208572034987' 'mated']
 ['F40' '198.35137406298625' 'mated']
 ['F169' '201.1194891049953' 'mated']
 ['F75' '204.5872086112526' 'mated']
 ['F12' '217.64986850258344' 'mated']
 ['F207' '221.84807234072818' 'mated']
 ['F119' '223.13669106431104' 'mated']
 ['F68' '243.9016872174815' 'mated']
 ['F187' '251.16030948902' 'mated']
 ['F137' '277.1308228056143' 'mated']
 ['F162' '285.92250528423796' 'mated']
 ['F127' '287.8729337754307' 'mated']
 ['F214' '290.46672010077367' 'mated']]",570.0,67.5177261150694,12.905058790904189,1561.0,266.24028847116114,56.67374596058969,150.0,24.548684286235996,5.182990604758226,14.0,1.4000000000000001,0.14000000000000007,83.0,0.3842592592592596,0.0017789780521261986
2,0.0,5,360.0799477483735,"[['4' '8.03805262081363' 'present']
 ['8' '8.79093165838321' 'present']
 ['9' '28.26188118416001' 'present']
 ['6' '35.26967583273585' 'present']
 ['8' '53.076686666087824' 'present']
 ['9' '53.67181069251648' 'present']
 ['1' '59.431078987823334' 'present']
 ['22' '65.86215419849195' 'present']
 ['1' '71.44393947683551' 'present']
 ['9' '93.27763577099047' 'marauded']
 ['9' '108.58193072913683' 'present']
 ['1' '124.3834549276782' 'marauded']
 ['9' '146.92040050355726' 'marauded']
 ['8' '148.826969440387' 'destroyed']
 ['7' '152.7424947560288' 'presentdestroyed']
 ['8' '156.89700861452846' 'present']
 ['4' '180.86926581780384' 'present']
 ['3' '194.67581584158063' 'present']
 ['20' '199.37636451739914' 'present']
 ['7' '230.3337730723255' 'present']
 ['13' '235.88899966822632' 'present']
 ['13' '236.0646800770207' 'present']
 ['6' '237.9226270995539' 'present']
 ['1' '244.12964061586482' 'marauded']
 ['13' '278.0796811531515' 'marauded']
 ['8' '286.53238849207014' 'present']
 ['8' '289.832877242469' 'marauded']
 ['14' '301.2242715435918' 'present']
 ['13' '303.2722648938677' 'present']
 ['3' '305.4001160309623' 'marauded']
 ['1' '307.47375711918863' 'presentdestroyed']
 ['9' '309.8373551653471' 'presentdestroyed']
 ['4' '310.64830873637925' 'destroyed']
 ['7' '321.0916907405378' 'present']
 ['13' '358.1335696781699' 'present']]","[['F143' '17.958859782659548' 'mated']
 ['F200' '148.23595093905956' 'destroyed']
 ['F210' '157.08669241528543' 'mated']
 ['F180' '162.30786157837116' 'mated']
 ['F66' '165.5195054340732' 'mated']
 ['F135' '203.84615912772793' 'mated']
 ['F55' '207.79433160812775' 'absent']
 ['F0' '253.24691999660723' 'absent']
 ['F127' '287.87061896061584' 'absent']
 ['F139' '311.09008686598423' 'destroyed']]",581.0,68.96081412796204,13.6609251438818,1468.0,248.32268740214502,53.55394522988088,253.0,42.872029121316274,9.403936608865994,0.0,0.0,0.0,0.0,0.0,0.0
3,0.054,9,360.3720815187872,"[['6' '31.742870018007025' 'present']
 ['22' '42.83970971399468' 'present']
 ['13' '57.76266742922129' 'present']
 ['6' '62.49161185574912' 'present']
 ['7' '72.9994709865437' 'marauded']
 ['15' '82.26987388109814' 'present']
 ['15' '87.56678990257726' 'marauded']
 ['8' '98.49543465371909' 'present']
 ['1' '100.54752416913752' 'present']
 ['15' '105.50360493403618' 'marauded']
 ['7' '114.43932794310516' 'present']
 ['9' '128.0317536526351' 'marauded']
 ['4' '142.1751231098161' 'present']
 ['15' '144.93993606192444' 'present']
 ['8' '162.0258582449884' 'present']
 ['9' '174.85723859309365' 'present']
 ['4' '176.19129950477944' 'present']
 ['14' '181.79975470928977' 'marauded']
 ['1' '183.64987113578553' 'presentdestroyed']
 ['7' '186.1044562106488' 'presentdestroyed']
 ['14' '205.68292924470387' 'present']
 ['13' '214.36804357971266' 'present']
 ['1' '250.74121436011694' 'marauded']
 ['6' '251.65287706203293' 'presentdestroyed']
 ['15' '257.6837042273268' 'present']
 ['8' '263.9951972115166' 'present']
 ['8' '266.5632572844232' 'present']
 ['20' '270.14960774499934' 'present']
 ['14' '270.58190587558283' 'present']
 ['13' '271.4259638041904' 'present']
 ['7' '272.07480585069277' 'marauded']
 ['13' '274.9988987594288' 'presentdestroyed']
 ['7' '289.8897386155718' 'present']
 ['13' '317.71793595982274' 'present']
 ['8' '339.08581602022093' 'marauded']
 ['13' '341.09476245245736' 'presentdestroyed']
 ['4' '344.7299140981027' 'presentdestroyed']
 ['6' '350.01630966833375' 'marauded']
 ['6' '353.5984170962738' 'presentdestroyed']]","[['F138' '21.56062167812272' 'mated']
 ['F213' '38.1036975498239' 'mated']
 ['F188' '127.06192827005731' 'mated']
 ['F56' '166.30486103751946' 'mated']
 ['F172' '169.5484835723999' 'mated']
 ['F121' '201.38518907441986' 'mated']
 ['F8' '220.85146600606572' 'mated']
 ['F58' '244.54435464994046' 'mated']
 ['F96' '274.2079211894235' 'destroyed']
 ['F95' '316.112052043803' 'mated']]",579.0,68.71059034858523,13.628016498964428,1380.0,234.13187335393076,50.68587577799229,336.0,55.18941134094959,11.629358422467199,16.0,1.6000000000000003,0.1600000000000001,83.0,0.3842592592592596,0.0017789780521261986
4,0.054,8,360.19716384372066,"[['13' '5.70001147104271' 'present']
 ['1' '6.364186646675491' 'present']
 ['3' '26.50649140042501' 'present']
 ['3' '27.834124678486877' 'marauded']
 ['20' '31.765565610614694' 'presentdestroyed']
 ['20' '36.233278344479565' 'present']
 ['1' '40.2907820382767' 'present']
 ['14' '47.679306192426196' 'present']
 ['15' '57.131071388806205' 'present']
 ['9' '68.40505588079989' 'present']
 ['13' '81.49277233242117' 'present']
 ['20' '83.90043957464678' 'present']
 ['22' '85.96444680465301' 'present']
 ['1' '91.24973632227086' 'present']
 ['20' '92.00215253804399' 'present']
 ['22' '93.55962847280033' 'present']
 ['8' '96.90863972494644' 'present']
 ['20' '98.82606443736293' 'present']
 ['15' '107.66363196916562' 'marauded']
 ['13' '109.60955558176327' 'presentdestroyed']
 ['14' '120.00390391389776' 'present']
 ['20' '135.22549540451666' 'present']
 ['8' '148.38469784185617' 'present']
 ['9' '163.77308891927632' 'present']
 ['20' '174.638725460236' 'present']
 ['8' '177.78655756754807' 'present']
 ['9' '186.5624081381869' 'present']
 ['14' '205.17955306527176' 'marauded']
 ['13' '212.45303962926403' 'presentdestroyed']
 ['8' '219.8742938521557' 'present']
 ['14' '232.49136340954695' 'present']
 ['13' '235.2277998898111' 'present']
 ['6' '259.28935983256287' 'present']
 ['1' '282.61489637536226' 'marauded']
 ['3' '287.8916464326857' 'presentdestroyed']
 ['8' '294.45927626457234' 'present']
 ['6' '319.7278312945861' 'marauded']
 ['20' '351.35571568803744' 'present']
 ['6' '358.3332599039041' 'present']]","[['F99' '43.68815928733955' 'mated']
 ['F49' '55.96139194093936' 'mated']
 ['F173' '56.600994973556006' 'mated']
 ['F117' '154.24180363316103' 'absent']
 ['F104' '173.064621134847' 'mated']
 ['F28' '209.05688911144588' 'destroyed']
 ['F81' '213.36608915234277' 'mated']
 ['F103' '229.53845403440369' 'absent']
 ['F9' '256.6149623470556' 'mated']
 ['F168' '261.751553562477' 'absent']
 ['F18' '264.3457939978273' 'mated']
 ['F39' '303.1848358402971' 'mated']]",583.0,66.32588372974719,12.357608457251635,1527.0,261.5194833454476,56.278502152194896,180.0,30.59999500974997,6.567145633468823,13.0,1.3,0.13000000000000006,86.0,0.39814814814814853,0.0018432784636488323
5,0.0,7,360.2620104441981,"[['14' '10.680690927641148' 'present']
 ['15' '55.54991393590239' 'present']
 ['1' '59.43570861745297' 'present']
 ['7' '68.6544281252822' 'present']
 ['13' '88.2564556597874' 'present']
 ['8' '108.55901957569988' 'present']
 ['6' '109.51853353103213' 'present']
 ['22' '114.47302117698473' 'present']
 ['14' '115.73666092973693' 'present']
 ['13' '122.64256698668794' 'present']
 ['22' '127.41010718603339' 'present']
 ['6' '164.49114731856952' 'present']
 ['3' '169.54467800237265' 'present']
 ['14' '200.21700712953114' 'present']
 ['6' '203.02731518480516' 'present']
 ['1' '220.31939998027534' 'present']
 ['7' '224.45458033716673' 'marauded']
 ['4' '232.32149937475103' 'present']
 ['1' '232.77612401180903' 'present']
 ['4' '237.26524798944655' 'present']
 ['15' '255.19659166381078' 'present']
 ['4' '255.69110274463532' 'present']
 ['3' '259.00108836660155' 'present']
 ['14' '270.34056389032855' 'marauded']
 ['6' '281.1135352366519' 'present']
 ['13' '282.1165270599663' 'present']
 ['4' '299.8714127543697' 'present']
 ['20' '303.62528688166833' 'marauded']
 ['6' '305.9687249285526' 'destroyed']
 ['13' '315.1716347705758' 'present']
 ['22' '327.5704289491494' 'present']
 ['15' '331.5018786836828' 'present']
 ['6' '332.0867470616896' 'present']
 ['1' '333.2300644124361' 'present']
 ['8' '340.3084023136088' 'marauded']
 ['8' '353.1390760590202' 'present']]","[['F11' '21.525706417203914' 'mated']
 ['F215' '59.34131929076187' 'absent']
 ['F102' '131.58603265328847' 'mated']
 ['F62' '158.70713422129336' 'mated']
 ['F23' '175.47892959986072' 'mated']
 ['F55' '207.79896123775737' 'mated']
 ['F77' '266.717924087746' 'mated']
 ['F142' '287.55496992617566' 'mated']
 ['F10' '344.68277166846036' 'destroyed']]",573.0,67.02558238463786,12.379349662430533,1575.0,268.9300136416854,57.728526688804,139.0,24.323099253807488,5.44257557631196,0.0,0.0,0.0,0.0,0.0,0.0
6,0.054,11,359.96673891465537,"[['20' '10.929864630526142' 'marauded']
 ['8' '40.3620292115143' 'present']
 ['4' '50.77959317907921' 'present']
 ['4' '61.10167306012554' 'present']
 ['14' '67.28040548661119' 'present']
 ['4' '81.41508959326362' 'present']
 ['15' '82.67949333212782' 'marauded']
 ['20' '85.82379419306977' 'presentdestroyed']
 ['15' '96.20727158531894' 'present']
 ['3' '103.54198945758279' 'present']
 ['20' '115.08103778812503' 'marauded']
 ['7' '115.5320908020342' 'destroyed']
 ['13' '133.06517876362662' 'present']
 ['14' '137.6911461325806' 'present']
 ['7' '140.25950776321267' 'marauded']
 ['15' '145.64775524555517' 'destroyed']
 ['22' '151.06864075573048' 'present']
 ['3' '151.45791062757849' 'marauded']
 ['14' '166.9647508163949' 'present']
 ['22' '169.8554315584324' 'marauded']
 ['20' '179.57095057044558' 'present']
 ['20' '182.23250075154698' 'marauded']
 ['22' '193.39183784379557' 'present']
 ['7' '207.07008500406016' 'marauded']
 ['20' '223.11677488964696' 'present']
 ['14' '226.70113422771288' 'present']
 ['13' '227.50029686807483' 'present']
 ['13' '238.82780873623682' 'present']
 ['13' '241.20387781028128' 'present']
 ['20' '281.2921254286346' 'present']
 ['13' '281.5349668645599' 'present']
 ['8' '283.15718074546356' 'marauded']
 ['7' '285.2424883706991' 'destroyed']
 ['14' '289.47869624926795' 'presentdestroyed']
 ['14' '291.1378994709223' 'present']
 ['3' '293.0639903130311' 'present']
 ['20' '295.96795314239046' 'present']
 ['4' '308.19413567363273' 'marauded']
 ['3' '309.9602868563161' 'presentdestroyed']
 ['13' '322.81617692469655' 'present']
 ['13' '327.53757025127885' 'present']
 ['13' '327.7269109577653' 'present']
 ['13' '337.13027983099903' 'present']
 ['9' '338.2259986293649' 'marauded']
 ['1' '341.31949015846084' 'presentdestroyed']
 ['13' '342.5438128680802' 'destroyed']
 ['1' '355.99436033234497' 'present']
 ['4' '358.16710723096946' 'present']]","[['F128' '29.252802390584666' 'mated']
 ['F31' '76.2493236556063' 'mated']
 ['F71' '129.99408618817483' 'mated']
 ['F38' '132.37827645050206' 'mated']
 ['F184' '135.37381588217775' 'mated']
 ['F6' '157.47027950460745' 'destroyed']
 ['F62' '158.70481940647855' 'destroyed']
 ['F185' '161.85897765023097' 'mated']
 ['F182' '179.57040971814922' 'mated']
 ['F1' '180.11805824314118' 'absent']
 ['F73' '201.2485178879089' 'mated']
 ['F94' '220.59173905775225' 'mated']
 ['F76' '232.915350138469' 'mated']
 ['F204' '248.91269978203545' 'absent']
 ['F163' '269.9980797865341' 'mated']
 ['F125' '287.8000023680955' 'destroyed']
 ['F125' '287.80463199772515' 'destroyed']]",564.0,71.42089210356635,15.241624395489232,1299.0,219.3271630720034,46.729678153465564,391.0,67.29554924487664,14.527833276013943,18.0,1.8000000000000005,0.1800000000000001,77.0,0.3564814814814817,0.0016503772290809313
7,0.054,13,360.06196380201897,"[['13' '9.369207345014575' 'present']
 ['1' '15.482267087026301' 'marauded']
 ['15' '16.47074485622324' 'presentdestroyed']
 ['6' '26.43529270949278' 'present']
 ['14' '26.910681445551266' 'present']
 ['14' '30.13483456344108' 'present']
 ['6' '44.74401232884499' 'present']
 ['14' '47.1275717345644' 'marauded']
 ['1' '54.43192075072139' 'destroyed']
 ['22' '59.09595700093591' 'present']
 ['1' '71.62071037950393' 'present']
 ['13' '73.81598502708627' 'present']
 ['22' '98.70056243645877' 'present']
 ['4' '126.84793239899348' 'present']
 ['4' '141.43248145984572' 'marauded']
 ['1' '145.87604343283704' 'presentdestroyed']
 ['3' '147.69798788314858' 'destroyed']
 ['1' '167.37278663368295' 'present']
 ['14' '193.2175553168541' 'present']
 ['8' '197.6902186249358' 'present']
 ['6' '200.29069571451177' 'present']
 ['13' '206.56877845873285' 'present']
 ['8' '219.19731759726346' 'present']
 ['22' '219.32130652603004' 'present']
 ['3' '231.92123746838445' 'present']
 ['13' '235.89362929785594' 'present']
 ['4' '252.41640661939033' 'present']
 ['20' '270.7573213844453' 'present']
 ['20' '274.1393873278581' 'present']
 ['8' '285.9837147012328' 'present']
 ['4' '295.88367006271204' 'marauded']
 ['6' '297.2360455128346' 'presentdestroyed']
 ['13' '304.38976386234225' 'present']
 ['13' '316.52124710525175' 'present']
 ['15' '323.7883301583955' 'marauded']
 ['3' '324.60809620495775' 'destroyed']
 ['14' '348.38136043612525' 'present']
 ['8' '357.5481121348329' 'marauded']
 ['14' '359.15242075980336' 'destroyed']]","[['F44' '76.86606909938892' 'mated']
 ['F192' '85.79341394844917' 'mated']
 ['F5' '87.97242682728768' 'absent']
 ['F161' '89.52519646612058' 'mated']
 ['F59' '115.81601030710425' 'mated']
 ['F189' '149.11432510919082' 'mated']
 ['F33' '155.22225067195225' 'mated']
 ['F167' '167.69089632128103' 'mated']
 ['F123' '176.01094029886553' 'mated']
 ['F22' '216.98667929918324' 'mated']
 ['F12' '217.64755368776864' 'absent']
 ['F199' '257.5531226060463' 'mated']
 ['F89' '257.9835834859645' 'mated']
 ['F168' '261.75386837729184' 'mated']
 ['F48' '273.769683815801' 'mated']
 ['F156' '297.35631860601177' 'destroyed']
 ['F29' '311.68933617899796' 'absent']]",559.0,71.65610386946983,15.710436271055244,1461.0,254.24460179785322,55.50654152504605,177.0,32.18812192993872,7.1597308360778475,16.0,1.6000000000000003,0.1600000000000001,77.0,0.3564814814814817,0.0016503772290809313
8,0.054,7,360.2583652421512,"[['6' '3.2680052888166213' 'present']
 ['13' '9.82148637242437' 'present']
 ['13' '18.328639245112416' 'marauded']
 ['3' '21.171955964902793' 'presentdestroyed']
 ['6' '30.2348430957363' 'present']
 ['14' '32.27727820225165' 'marauded']
 ['9' '46.32588041397148' 'present']
 ['14' '48.33100729320531' 'present']
 ['14' '53.759539212494374' 'marauded']
 ['14' '73.87634531682177' 'present']
 ['15' '85.35436961389658' 'present']
 ['9' '96.81714517860226' 'present']
 ['22' '99.54061731677139' 'present']
 ['6' '132.9052036633284' 'present']
 ['6' '136.38625853274897' 'marauded']
 ['22' '151.33217075744295' 'present']
 ['6' '165.42351439654317' 'present']
 ['1' '169.7929702158255' 'present']
 ['14' '172.59755363102946' 'present']
 ['3' '191.00505101751793' 'present']
 ['15' '220.04853123219203' 'present']
 ['9' '221.29529221569237' 'present']
 ['14' '238.55444639728776' 'present']
 ['6' '239.79341165720433' 'present']
 ['22' '243.1182286518127' 'present']
 ['7' '254.74935408528208' 'marauded']
 ['13' '261.3679068508842' 'destroyed']
 ['7' '271.3890024968293' 'marauded']
 ['20' '271.87395657343274' 'presentdestroyed']
 ['7' '278.4614470360905' 'presentdestroyed']
 ['15' '290.4576689837831' 'present']
 ['4' '290.55645567352326' 'present']
 ['4' '290.56108530315294' 'present']
 ['15' '301.5465056008392' 'present']
 ['6' '302.23050744073385' 'present']
 ['7' '317.3783438803753' 'present']
 ['3' '327.7690606674496' 'marauded']
 ['9' '339.26595663537967' 'present']
 ['9' '353.14247509296894' 'present']]","[['F71' '129.99177137336002' 'absent']
 ['F201' '135.31027870974077' 'absent']
 ['F136' '141.9046762850259' 'destroyed']
 ['F194' '144.62056864861478' 'mated']
 ['F157' '149.5943447816723' 'mated']
 ['F80' '156.20317424511626' 'mated']
 ['F7' '170.63849363872902' 'mated']
 ['F15' '291.88127151527766' 'mated']
 ['F178' '292.8268683977373' 'mated']
 ['F92' '299.22807692413335' 'mated']]",561.0,67.32954938385251,14.199832187208312,1449.0,248.34040930334518,54.48806599767596,251.0,42.4894733624454,9.05316772911863,15.0,1.5000000000000002,0.15000000000000008,82.0,0.3796296296296299,0.001757544581618654
9,0.054,11,359.90868972354326,"[['1' '10.482284911356185' 'present']
 ['15' '14.07818629760723' 'present']
 ['13' '20.985319957266427' 'present']
 ['6' '22.58935862082174' 'present']
 ['7' '24.514761243867493' 'present']
 ['14' '29.1875393976231' 'present']
 ['20' '33.87179367414731' 'present']
 ['7' '44.279400354427274' 'present']
 ['22' '56.524910415124744' 'marauded']
 ['3' '62.85286291990572' 'presentdestroyed']
 ['15' '71.9001076740409' 'marauded']
 ['6' '95.75526783852234' 'present']
 ['13' '98.39441988502281' 'marauded']
 ['3' '103.47556210573461' 'presentdestroyed']
 ['6' '103.53740451346852' 'presentdestroyed']
 ['1' '127.18688798171378' 'present']
 ['14' '131.20420484542475' 'marauded']
 ['22' '140.60930765004193' 'present']
 ['6' '163.66380274944726' 'present']
 ['3' '172.41343551189863' 'present']
 ['8' '176.0229873892854' 'marauded']
 ['7' '181.4380785734323' 'presentdestroyed']
 ['7' '187.3321751025569' 'present']
 ['6' '198.30765486587597' 'marauded']
 ['8' '199.9663820686132' 'presentdestroyed']
 ['1' '217.7936213699408' 'present']
 ['7' '220.37861916097876' 'present']
 ['4' '223.31046305962226' 'marauded']
 ['1' '227.95212764552215' 'presentdestroyed']
 ['8' '230.71198546849337' 'destroyed']
 ['1' '233.9287893915493' 'marauded']
 ['15' '235.87429745249798' 'presentdestroyed']
 ['15' '239.37461592263813' 'presentdestroyed']
 ['4' '265.21249434210586' 'present']
 ['6' '278.6236022526868' 'present']
 ['3' '280.7545435214078' 'marauded']
 ['1' '281.7545664356256' 'destroyed']
 ['3' '284.926433056193' 'presentdestroyed']
 ['3' '286.9000030683924' 'destroyed']
 ['4' '310.32212506419864' 'present']
 ['1' '351.613278704174' 'present']
 ['20' '353.928475345928' 'marauded']
 ['15' '355.95701955414967' 'presentdestroyed']
 ['15' '357.32297537030115' 'presentdestroyed']]","[['F83' '93.72800888000403' 'mated']
 ['F102' '131.58371783847366' 'destroyed']
 ['F25' '153.28683229575574' 'mated']
 ['F134' '171.33486500649283' 'mated']
 ['F191' '175.40797197349465' 'mated']
 ['F182' '179.5657800885196' 'destroyed']
 ['F64' '222.3548141911981' 'mated']
 ['F103' '229.53613921958888' 'destroyed']
 ['F204' '248.91501459685026' 'mated']
 ['F88' '254.75209159941411' 'mated']
 ['F107' '258.15881260169584' 'mated']
 ['F42' '270.1787030504722' 'mated']
 ['F37' '271.23061206075226' 'mated']
 ['F174' '280.99988667432063' 'destroyed']
 ['F60' '320.7867489015864' 'mated']]",573.0,74.49652606791982,16.835691118697362,1316.0,223.67825162811542,48.081581835923,354.0,60.20626516971229,12.963651209323174,13.0,1.3,0.13000000000000006,71.0,0.3287037037037038,0.001521776406035664
10,0.0,9,359.9884232289135,"[['13' '2.594622713805566' 'present']
 ['22' '7.96813076987951' 'present']
 ['9' '15.033954839115015' 'marauded']
 ['4' '18.77120855081869' 'destroyed']
 ['14' '19.348294423196627' 'destroyed']
 ['3' '20.527907333128685' 'destroyed']
 ['4' '22.049168112473847' 'destroyed']
 ['9' '24.068768825685996' 'present']
 ['14' '27.209669782690472' 'present']
 ['9' '30.41883405391314' 'present']
 ['3' '35.094456767064244' 'present']
 ['22' '36.880550123215' 'marauded']
 ['4' '50.824354962857946' 'present']
 ['7' '65.21191003382636' 'present']
 ['15' '68.19491238759146' 'present']
 ['15' '73.39216689173045' 'marauded']
 ['1' '78.78657605194108' 'presentdestroyed']
 ['4' '79.45513660143384' 'presentdestroyed']
 ['6' '81.58652275146696' 'present']
 ['14' '82.38711393718918' 'present']
 ['13' '85.89453492138279' 'marauded']
 ['9' '95.30025212763086' 'present']
 ['20' '101.6715659358219' 'present']
 ['15' '107.05873386148329' 'present']
 ['8' '121.74820128654292' 'present']
 ['13' '142.6719134341633' 'present']
 ['9' '154.77226089608416' 'present']
 ['8' '166.77070686720998' 'present']
 ['13' '166.88378063531516' 'present']
 ['7' '186.3791839400443' 'present']
 ['8' '198.92271405378642' 'present']
 ['1' '217.0584955983849' 'present']
 ['20' '220.45512276573345' 'marauded']
 ['1' '220.74232786342353' 'destroyed']
 ['8' '223.84638699218354' 'presentdestroyed']
 ['8' '230.716615098123' 'present']
 ['15' '232.28558842692462' 'present']
 ['13' '250.09171340504116' 'present']
 ['4' '274.8669038306602' 'marauded']
 ['22' '279.7230252589881' 'presentdestroyed']
 ['22' '282.1128159814866' 'presentdestroyed']
 ['7' '283.3677974176341' 'present']
 ['3' '294.1913255529985' 'marauded']
 ['15' '300.4565233261291' 'presentdestroyed']
 ['7' '321.09632037016746' 'present']
 ['1' '327.96277258376455' 'present']
 ['6' '328.8044212425483' 'present']
 ['13' '333.18540520154704' 'present']
 ['8' '344.25671340021466' 'present']
 ['15' '347.6935221256725' 'present']
 ['7' '349.9983599433573' 'present']
 ['7' '350.8882036655795' 'present']]","[['F97' '35.506953582808' 'mated']
 ['F153' '52.36358058574639' 'mated']
 ['F177' '98.93476403899717' 'mated']
 ['F147' '106.75193553278092' 'mated']
 ['F33' '143.21530622750782' 'absent']
 ['F144' '167.1112115665072' 'mated']
 ['F149' '181.44030485691698' 'mated']
 ['F205' '185.82461282560556' 'mated']
 ['F169' '201.1171742901805' 'absent']
 ['F181' '209.29237224763466' 'mated']
 ['F85' '224.2065411696627' 'destroyed']
 ['F67' '258.3273128334759' 'mated']]",555.0,69.34866310377203,14.183480507975322,1474.0,247.97638405739877,52.75520710193649,243.0,42.68890758651947,9.679033265703758,0.0,0.0,0.0,0.0,0.0,0.0
11,0.0,5,360.1373034256225,"[['9' '12.131948904173523' 'marauded']
 ['9' '23.67711038397511' 'marauded']
 ['3' '23.866589182086983' 'presentdestroyed']
 ['14' '28.869328586735882' 'presentdestroyed']
 ['1' '31.053812148639658' 'presentdestroyed']
 ['22' '47.10232581338343' 'present']
 ['15' '47.58181454084738' 'present']
 ['8' '52.186164783275174' 'present']
 ['4' '55.3683603010586' 'present']
 ['14' '68.75778002857915' 'present']
 ['3' '70.02804984242742' 'marauded']
 ['4' '73.11009436878737' 'presentdestroyed']
 ['20' '84.21026211551526' 'present']
 ['4' '87.42681148724826' 'present']
 ['20' '95.69763643080358' 'present']
 ['8' '98.90610740497091' 'marauded']
 ['6' '103.5102535652851' 'presentdestroyed']
 ['20' '131.18448433120483' 'marauded']
 ['15' '136.68412350032483' 'destroyed']
 ['15' '147.73866719557665' 'present']
 ['14' '150.03434890874854' 'present']
 ['3' '150.288248974111' 'present']
 ['3' '155.71830529546384' 'present']
 ['7' '159.6282188477351' 'present']
 ['6' '164.24678501109952' 'present']
 ['4' '177.37865603339864' 'marauded']
 ['20' '179.1669335300755' 'presentdestroyed']
 ['4' '188.3540604909879' 'present']
 ['7' '201.63696100678956' 'marauded']
 ['15' '208.92727677523416' 'present']
 ['1' '222.68903671959796' 'present']
 ['13' '229.61821897345573' 'present']
 ['14' '241.02982306426463' 'present']
 ['3' '248.37559038949968' 'marauded']
 ['4' '250.456269157022' 'destroyed']
 ['9' '260.8160793703374' 'present']
 ['1' '293.7004678558011' 'present']
 ['3' '302.83058689649846' 'present']
 ['7' '305.7388073366902' 'present']
 ['4' '335.9727920692856' 'present']]","[['F131' '77.04584368456683' 'destroyed']
 ['F212' '120.75220093133855' 'mated']
 ['F70' '166.21370046017498' 'mated']
 ['F202' '191.3298345289318' 'mated']
 ['F169' '201.11254466055087' 'absent']
 ['F158' '223.9229697942969' 'mated']
 ['F43' '263.0493953385773' 'mated']
 ['F96' '274.20560637460864' 'absent']]",579.0,73.17099105873167,15.77074477139286,1382.0,238.18874034271596,51.50710496718075,279.0,48.79625386423489,10.772788175267257,0.0,0.0,0.0,0.0,0.0,0.0
12,0.0,11,360.27899417079516,"[['9' '17.16172273039471' 'present']
 ['14' '27.2142994123201' 'present']
 ['14' '30.036439591676643' 'present']
 ['22' '33.40962686005122' 'present']
 ['22' '42.03905523186366' 'present']
 ['3' '58.45983767191608' 'present']
 ['7' '73.88790391901824' 'present']
 ['13' '75.48367660571198' 'present']
 ['1' '79.16402936752647' 'marauded']
 ['8' '82.08995458322445' 'destroyed']
 ['15' '82.26524425146852' 'destroyed']
 ['22' '92.45608057960676' 'present']
 ['20' '95.59300680117397' 'marauded']
 ['4' '96.88177282513395' 'presentdestroyed']
 ['1' '104.79944941699107' 'present']
 ['9' '106.76348052811154' 'present']
 ['13' '108.23066636424421' 'present']
 ['4' '128.577313393801' 'present']
 ['22' '134.46503867744389' 'present']
 ['20' '153.58500822053958' 'present']
 ['4' '160.26198198384122' 'marauded']
 ['3' '160.59728503427647' 'presentdestroyed']
 ['22' '160.90282520032113' 'presentdestroyed']
 ['3' '172.5788910936094' 'present']
 ['7' '174.62742945974938' 'present']
 ['3' '179.15895900193308' 'marauded']
 ['20' '203.81379608282458' 'marauded']
 ['4' '236.1186195918546' 'present']
 ['22' '237.06421339121067' 'present']
 ['8' '269.7958394630677' 'present']
 ['7' '272.83974307871335' 'present']
 ['13' '281.10583592374104' 'marauded']
 ['9' '296.30809600134427' 'present']
 ['1' '301.4062611318086' 'present']
 ['20' '339.30440925172235' 'marauded']
 ['1' '341.62282221894907' 'presentdestroyed']
 ['1' '356.77569540588735' 'present']]","[['F141' '25.282622797810635' 'absent']
 ['F153' '52.361265770931574' 'absent']
 ['F35' '110.25413605333273' 'mated']
 ['F13' '112.96528744005161' 'mated']
 ['F101' '118.32181332909884' 'mated']
 ['F20' '123.13854686200109' 'mated']
 ['F201' '135.31259352455558' 'mated']
 ['F33' '143.2106765978782' 'absent']
 ['F56' '166.30254622270465' 'destroyed']
 ['F182' '179.56115045888998' 'destroyed']
 ['F159' '180.34276421575606' 'destroyed']
 ['F109' '182.90092749988398' 'destroyed']
 ['F183' '203.25954479504153' 'mated']
 ['F55' '207.79664642294256' 'destroyed']
 ['F132' '209.16298503029319' 'destroyed']
 ['F116' '228.20056541853177' 'mated']
 ['F203' '259.5219012597057' 'mated']
 ['F112' '299.9256985330025' 'mated']
 ['F29' '311.6916509938128' 'mated']
 ['F2' '311.96155121680323' 'mated']]",559.0,72.01528951882197,16.296403347447544,1424.0,245.16912779058984,52.89915248542051,247.0,42.9828845624924,9.571740753929069,0.0,0.0,0.0,0.0,0.0,0.0
13,0.054,8,360.3237454484834,"[['9' '8.758109838651624' 'present']
 ['20' '15.017846840061596' 'present']
 ['3' '26.308213842542404' 'present']
 ['4' '35.35076216789312' 'present']
 ['8' '47.18879620856074' 'marauded']
 ['7' '56.047698868323415' 'present']
 ['15' '76.6804767502896' 'present']
 ['14' '85.11380574069997' 'present']
 ['8' '90.20763206481553' 'present']
 ['22' '91.09238286654676' 'present']
 ['20' '96.15678833646076' 'present']
 ['7' '100.66535095402125' 'marauded']
 ['7' '106.815984732336' 'presentdestroyed']
 ['8' '112.44687629383245' 'marauded']
 ['3' '118.38038223053742' 'presentdestroyed']
 ['7' '157.99866675759958' 'marauded']
 ['15' '169.55535291404206' 'marauded']
 ['4' '171.43776965674712' 'presentdestroyed']
 ['1' '173.40292271770846' 'presentdestroyed']
 ['7' '182.38091379725986' 'marauded']
 ['20' '192.16162599170997' 'present']
 ['8' '197.69484825456541' 'present']
 ['7' '207.27000472264288' 'present']
 ['3' '221.51699528517887' 'present']
 ['1' '245.97323884372946' 'present']
 ['20' '256.9816517996558' 'present']
 ['22' '275.7073619903081' 'present']
 ['4' '277.784045587167' 'present']
 ['7' '280.02826308706375' 'present']
 ['15' '283.611701900321' 'marauded']
 ['22' '286.0483791341838' 'destroyed']
 ['4' '316.34866782260923' 'present']
 ['6' '322.1844669066451' 'present']
 ['1' '332.94526240882556' 'present']
 ['3' '334.1651730837863' 'present']
 ['8' '342.4213065396716' 'present']
 ['8' '343.45033527307436' 'marauded']
 ['6' '359.6033982769895' 'present']
 ['8' '359.6852946982512' 'present']]","[['F72' '109.91700084684582' 'mated']
 ['F188' '127.0596134552425' 'absent']
 ['F102' '131.58140302365885' 'absent']
 ['F152' '152.66080146401342' 'mated']
 ['F198' '168.88949317566997' 'mated']
 ['F1' '180.1226878727708' 'mated']
 ['F159' '180.33813458612644' 'absent']
 ['F74' '234.74288501210336' 'mated']
 ['F176' '253.38213141859424' 'mated']
 ['F146' '313.2579584059271' 'mated']
 ['F36' '330.78018997571803' 'mated']]",559.0,70.32674999966665,14.20608293810673,1414.0,239.27015489036927,50.909096407866,301.0,49.143906854583456,10.258277464222793,10.0,0.9999999999999999,0.10000000000000003,86.0,0.39814814814814853,0.0018432784636488323
14,0.054,6,360.4707962769921,"[['3' '2.54239808273973' 'marauded']
 ['15' '26.61132116429949' 'present']
 ['9' '34.37486119989216' 'marauded']
 ['4' '41.70091790497772' 'present']
 ['7' '61.019882398283656' 'present']
 ['13' '61.862226734142155' 'present']
 ['1' '76.19297682403474' 'present']
 ['15' '77.30642251889397' 'present']
 ['7' '78.07061455625166' 'present']
 ['1' '94.10312928478683' 'present']
 ['6' '106.05217943662431' 'marauded']
 ['1' '115.08308436013566' 'present']
 ['1' '115.64800514230133' 'present']
 ['3' '118.8412578294999' 'present']
 ['15' '123.38397420682904' 'present']
 ['20' '133.99718114164318' 'present']
 ['6' '138.1665496411447' 'marauded']
 ['20' '156.5756475646249' 'marauded']
 ['22' '159.85336641527297' 'presentdestroyed']
 ['9' '167.03448475147775' 'present']
 ['13' '177.7041161771087' 'present']
 ['4' '179.3281153634326' 'present']
 ['20' '185.42950736580985' 'present']
 ['9' '189.6674199710337' 'present']
 ['9' '189.6720496006633' 'present']
 ['1' '206.96800347418903' 'marauded']
 ['1' '215.71483464167193' 'marauded']
 ['9' '218.3071753975349' 'presentdestroyed']
 ['3' '238.33472893744874' 'present']
 ['8' '245.1195212205144' 'present']
 ['13' '245.24209996626374' 'present']
 ['20' '246.5971987242021' 'present']
 ['1' '248.3368110818324' 'marauded']
 ['1' '250.48530496345626' 'presentdestroyed']
 ['4' '254.7854377235768' 'presentdestroyed']
 ['6' '256.5867158834931' 'marauded']
 ['13' '258.67552156726344' 'presentdestroyed']
 ['22' '284.7695267124807' 'present']
 ['3' '289.4977552788093' 'present']
 ['4' '319.404312556295' 'present']
 ['8' '319.732952367741' 'marauded']
 ['8' '320.4281415381561' 'presentdestroyed']
 ['20' '340.5081260092437' 'present']
 ['7' '350.30075623434' 'marauded']]","[['F111' '121.94116970356893' 'mated']
 ['F195' '136.67264082268852' 'mated']
 ['F109' '182.9032423146988' 'mated']
 ['F26' '185.63787068387649' 'mated']
 ['F46' '240.32823231600275' 'mated']
 ['F58' '244.54203983512565' 'absent']
 ['F89' '257.97895385633484' 'absentdestroyed']
 ['F96' '274.21255081905315' 'mated']]",575.0,68.00262619507663,13.482678479202335,1342.0,223.32115503807253,47.065916531169115,406.0,67.23517052355753,13.558328957179144,12.0,1.2,0.12000000000000005,72.0,0.3333333333333334,0.0015432098765432085
15,0.054,12,360.2532790267871,"[['22' '3.6572024854733214' 'marauded']
 ['1' '6.072474036915599' 'presentdestroyed']
 ['14' '27.218929041949725' 'marauded']
 ['3' '29.589000224405517' 'presentdestroyed']
 ['8' '31.277690768339944' 'presentdestroyed']
 ['1' '81.91027119757075' 'present']
 ['9' '89.92942991030007' 'present']
 ['6' '99.02434443026914' 'present']
 ['8' '119.55236503460914' 'present']
 ['6' '127.00407511056201' 'present']
 ['8' '178.41024786749452' 'present']
 ['9' '187.4352660554435' 'marauded']
 ['22' '188.48679140625802' 'presentdestroyed']
 ['9' '195.89428604843246' 'present']
 ['13' '200.94032304671353' 'marauded']
 ['1' '217.0631252280145' 'present']
 ['9' '219.11677407159019' 'present']
 ['14' '231.21416710496234' 'present']
 ['13' '240.1944821500114' 'present']
 ['20' '246.45517575048478' 'present']
 ['8' '254.2145862698366' 'present']
 ['4' '255.52670080225016' 'present']
 ['8' '265.4589881494375' 'marauded']
 ['20' '271.93696359557725' 'presentdestroyed']
 ['7' '285.46996517592703' 'present']
 ['6' '297.23141588320493' 'present']
 ['3' '299.7751800077158' 'present']
 ['7' '315.00835281281854' 'marauded']
 ['14' '316.4458160996666' 'presentdestroyed']
 ['20' '345.8549037077416' 'present']]","[['F91' '55.52716845608423' 'absent']
 ['F131' '77.04121405493721' 'absent']
 ['F51' '77.498060955544' 'mated']
 ['F164' '140.21812533902175' 'mated']
 ['F33' '143.21299141269301' 'absent']
 ['F196' '146.85116550268262' 'mated']
 ['F166' '155.78387958907678' 'mated']
 ['F169' '201.11485947536568' 'destroyed']
 ['F79' '211.58515027262288' 'mated']
 ['F87' '213.5431515806475' 'mated']
 ['F78' '219.52072134372668' 'mated']
 ['F17' '220.9134202289916' 'mated']
 ['F0' '253.25154962623685' 'mated']
 ['F168' '261.74923874766216' 'absent']
 ['F174' '281.0022014891355' 'mated']
 ['F139' '311.09240168079907' 'mated']
 ['F100' '340.7621707922193' 'mated']
 ['F145' '356.8568358876334' 'absent']]",564.0,70.64381547369476,14.622761736986812,1490.0,250.98751955176058,54.06097754067217,223.0,36.50685777401304,7.841556696072285,15.0,1.5000000000000002,0.15000000000000008,90.0,0.41666666666666713,0.0019290123456790105
16,0.0,11,360.3866477330461,"[['3' '7.169416669640285' 'present']
 ['4' '19.268510801146917' 'present']
 ['20' '21.518810350927456' 'present']
 ['15' '22.628290412838727' 'marauded']
 ['13' '23.152152369791892' 'destroyed']
 ['4' '24.736242211946088' 'presentdestroyed']
 ['9' '25.175379326038513' 'destroyed']
 ['7' '25.662877787974335' 'presentdestroyed']
 ['22' '41.384624916964476' 'present']
 ['8' '42.983269913704184' 'present']
 ['14' '96.86319055496139' 'present']
 ['6' '97.77668456038002' 'present']
 ['15' '123.51497770807005' 'present']
 ['7' '135.39502940639377' 'present']
 ['6' '139.02931952808962' 'present']
 ['6' '150.46322011357586' 'marauded']
 ['1' '157.7339810739574' 'present']
 ['6' '163.79204288240572' 'marauded']
 ['3' '169.93303571922615' 'presentdestroyed']
 ['14' '173.0873708140475' 'marauded']
 ['3' '173.1382769733315' 'presentdestroyed']
 ['4' '183.56240130259346' 'present']
 ['3' '190.32730507561539' 'present']
 ['3' '197.4365693403329' 'present']
 ['9' '207.29318436390477' 'present']
 ['22' '219.702371588201' 'present']
 ['7' '234.59047493242142' 'marauded']
 ['13' '235.8843700385967' 'presentdestroyed']
 ['15' '242.92723903613836' 'present']
 ['4' '249.53951777707024' 'present']
 ['6' '266.3089610849911' 'present']
 ['7' '288.9375492850106' 'present']
 ['3' '299.5193979600042' 'present']
 ['3' '305.3954864013326' 'present']
 ['14' '315.1718623032793' 'present']
 ['1' '325.0452123317541' 'marauded']
 ['6' '329.39364773552427' 'presentdestroyed']
 ['1' '338.1238646568406' 'present']
 ['4' '356.93617787822427' 'present']]","[['F193' '35.39917177613991' 'mated']
 ['F3' '41.30560297493012' 'mated']
 ['F65' '83.92227354052474' 'mated']
 ['F5' '87.97474164210249' 'mated']
 ['F126' '142.20724957198755' 'mated']
 ['F21' '153.58285033541372' 'destroyed']
 ['F80' '156.20085943030145' 'destroyed']
 ['F115' '165.44571852204496' 'destroyed']
 ['F182' '179.5634652737048' 'destroyed']
 ['F159' '180.34044940094125' 'destroyed']
 ['F53' '203.3379383609651' 'mated']
 ['F150' '207.0885816195355' 'absent']
 ['F132' '209.165299845108' 'mated']
 ['F50' '223.0237875897288' 'mated']
 ['F140' '250.4367050174117' 'mated']
 ['F24' '312.33227113373647' 'mated']
 ['F145' '356.85915070244823' 'mated']]",572.0,72.07450436633616,14.894898336453641,1472.0,251.262592578757,53.456047981488496,211.0,36.76625757226676,7.945679093974139,0.0,0.0,0.0,0.0,0.0,0.0
17,0.0,5,360.42263248039455,"[['14' '1.2572052045797222' 'present']
 ['13' '5.704641100672339' 'present']
 ['6' '31.74749964763665' 'marauded']
 ['7' '43.206448488450285' 'present']
 ['9' '47.1663466643511' 'present']
 ['15' '56.3475669138908' 'present']
 ['9' '64.01726369958637' 'present']
 ['7' '70.24698888277297' 'marauded']
 ['7' '73.89253354864786' 'presentdestroyed']
 ['4' '79.35050697180422' 'marauded']
 ['15' '103.7654437968664' 'present']
 ['6' '111.28160442448902' 'present']
 ['15' '111.74980938293979' 'present']
 ['20' '114.76728677629008' 'marauded']
 ['8' '117.64527060361311' 'presentdestroyed']
 ['1' '120.2466634119082' 'presentdestroyed']
 ['7' '172.86292579546765' 'present']
 ['20' '173.3909824718689' 'marauded']
 ['14' '174.24510490243935' 'presentdestroyed']
 ['3' '177.7642285150554' 'destroyed']
 ['20' '180.710564952204' 'presentdestroyed']
 ['14' '190.75616085630764' 'present']
 ['1' '220.5753192228252' 'present']
 ['22' '237.84641540822872' 'present']
 ['9' '242.215327175925' 'present']
 ['3' '242.74041404270633' 'present']
 ['13' '245.25135922552298' 'present']
 ['4' '255.5864731150057' 'marauded']
 ['15' '257.5108744669899' 'presentdestroyed']
 ['22' '271.82240435596685' 'present']
 ['15' '281.3994294613487' 'present']
 ['7' '284.9394667674065' 'present']
 ['8' '296.39188336822303' 'present']
 ['4' '307.78379732987963' 'present']
 ['4' '309.0143922458951' 'present']
 ['14' '331.18663314881763' 'marauded']
 ['1' '344.9246105686913' 'present']
 ['4' '345.94946249424993' 'marauded']]","[['F170' '144.00387180607953' 'mated']
 ['F45' '160.52268230098224' 'mated']
 ['F41' '217.87471741914726' 'mated']
 ['F106' '272.23798241702866' 'mated']
 ['F19' '325.6801715418937' 'mated']]",561.0,70.39082634361995,15.651602607435011,1403.0,240.7945148162907,51.82966172988648,283.0,48.83885151116051,10.829016237558273,0.0,0.0,0.0,0.0,0.0,0.0
18,0.0,8,360.0546668177729,"[['8' '0.6902535843333021' 'present']
 ['15' '0.8938870060641488' 'present']
 ['3' '13.298736810802628' 'marauded']
 ['3' '13.605125488779205' 'presentdestroyed']
 ['9' '21.210929380600717' 'present']
 ['14' '22.751143058413223' 'present']
 ['3' '35.08982713743461' 'present']
 ['22' '35.760266641535914' 'marauded']
 ['8' '42.97864028407455' 'destroyed']
 ['20' '47.809587642252446' 'marauded']
 ['1' '51.412017007033775' 'presentdestroyed']
 ['1' '57.352944045700454' 'present']
 ['15' '69.09669589731715' 'marauded']
 ['13' '72.59639787700455' 'destroyed']
 ['14' '75.91051683954174' 'destroyed']
 ['1' '80.4654712406199' 'present']
 ['3' '84.33254561696906' 'present']
 ['14' '87.35422744695244' 'marauded']
 ['14' '101.3128808216697' 'present']
 ['3' '120.3161352667498' 'present']
 ['8' '131.87375122723085' 'present']
 ['8' '159.78298035470658' 'marauded']
 ['13' '168.2448216169745' 'present']
 ['4' '176.7426716582145' 'present']
 ['15' '184.89937219169846' 'marauded']
 ['4' '195.3098717251677' 'present']
 ['22' '197.51928076850504' 'present']
 ['8' '198.58286399165897' 'present']
 ['4' '201.49772231306306' 'present']
 ['9' '218.3025457679053' 'present']
 ['6' '225.9803603746097' 'marauded']
 ['4' '232.3168697451214' 'presentdestroyed']
 ['6' '234.9371756591378' 'marauded']
 ['4' '247.8311883520145' 'present']
 ['9' '249.73756748953272' 'present']
 ['9' '272.2627570906716' 'present']
 ['7' '280.0328927166934' 'present']
 ['20' '280.393595227034' 'present']
 ['4' '293.67011199643133' 'present']
 ['20' '298.20074962193365' 'present']
 ['8' '304.8241499545246' 'present']
 ['9' '310.62666854883713' 'present']
 ['15' '330.3619304564539' 'present']
 ['8' '344.252083770585' 'present']
 ['20' '346.76426757779245' 'present']]","[['F82' '76.33379666836775' 'destroyed']
 ['F131' '77.0388992401224' '']
 ['F129' '102.11989235039593' 'mated']
 ['F110' '105.45736019098285' 'mated']
 ['F69' '134.57959689927844' 'mated']
 ['F151' '146.45822592892284' 'mated']
 ['F7' '170.6361788239142' 'absent']
 ['F86' '174.17135630507144' 'mated']
 ['F150' '207.0908964343503' 'mated']
 ['F203' '259.5195864448909' 'absent']
 ['F114' '283.2551083926766' 'mated']
 ['F93' '300.56742871969374' 'mated']]",567.0,70.38795694976544,14.267242082307975,1395.0,234.64781372234398,50.40003222899435,329.0,54.99095231375086,11.353063852272179,0.0,0.0,0.0,0.0,0.0,0.0
19,0.0,10,360.0437208952293,"[['7' '1.3346215128640253' 'present']
 ['7' '7.819394098532949' 'present']
 ['7' '8.101909729897987' 'present']
 ['6' '8.257653522183777' 'marauded']
 ['13' '15.320914594673772' 'present']
 ['4' '25.911722671934335' 'marauded']
 ['7' '26.882036483606267' 'presentdestroyed']
 ['9' '28.063583822278613' 'presentdestroyed']
 ['9' '30.423463683542767' 'presentdestroyed']
 ['22' '50.04454802246628' 'present']
 ['20' '73.64819863746463' 'present']
 ['20' '82.74832677848843' 'present']
 ['9' '85.45118426536698' 'marauded']
 ['15' '91.99323283020742' 'destroyed']
 ['7' '114.72515010663625' 'present']
 ['14' '115.2400963807813' 'present']
 ['15' '122.6110563849804' 'present']
 ['20' '122.66630956811159' 'present']
 ['9' '125.42280790210997' 'present']
 ['7' '135.39039977676416' 'present']
 ['4' '174.91918751871395' 'present']
 ['15' '178.68028508300372' 'present']
 ['20' '185.02916438551998' 'present']
 ['6' '189.972940144498' 'present']
 ['6' '193.3446009309993' 'present']
 ['20' '196.96248927575064' 'present']
 ['15' '214.45919954421493' 'present']
 ['1' '216.26037843023278' 'present']
 ['20' '218.3331569470036' 'present']
 ['1' '225.51277705786498' 'marauded']
 ['20' '233.9310248008825' 'present']
 ['7' '252.95901715411648' 'present']
 ['22' '263.9302522004153' 'marauded']
 ['7' '273.8176472127759' 'marauded']
 ['15' '276.526895054006' 'presentdestroyed']
 ['9' '309.1537394157593' 'present']
 ['22' '319.372248781939' 'marauded']
 ['9' '323.5631868561789' 'presentdestroyed']
 ['9' '324.14386251006164' 'presentdestroyed']
 ['8' '326.9902430211968' 'present']
 ['9' '328.20263517943056' 'present']
 ['15' '329.52351809149667' 'present']
 ['4' '340.2407493699499' 'present']
 ['20' '354.4052835210251' 'marauded']]","[['F52' '18.203646895460086' 'mated']
 ['F84' '120.07758577376872' 'mated']
 ['F33' '143.21762104232263' 'absent']
 ['F155' '151.40159966386273' 'mated']
 ['F6' '157.47259431942226' 'mated']
 ['F98' '216.9256888417634' 'mated']
 ['F103' '229.5407688492185' 'destroyed']
 ['F133' '247.90983785833208' 'mated']
 ['F171' '260.11528088640597' 'mated']
 ['F96' '274.2102360042383' 'destroyed']
 ['F125' '287.8023171829103' 'absent']
 ['F108' '290.26696644611957' 'mated']
 ['F156' '297.3586334208266' 'mated']
 ['F63' '316.4699039974499' 'mated']]",560.0,71.11047272157649,15.031099588330765,1399.0,241.98200339483932,52.352152280004844,274.0,46.93725025691637,10.240155704002392,0.0,0.0,0.0,0.0,0.0,0.0
20,0.054,6,360.5282938846413,"[['9' '13.723861344971283' 'present']
 ['13' '15.853965464350301' 'present']
 ['3' '21.11456868772948' 'present']
 ['1' '27.321865232827594' 'present']
 ['1' '38.83610318941755' 'present']
 ['8' '42.98789954333382' 'present']
 ['22' '43.51518598691607' 'present']
 ['8' '51.08793882725899' 'marauded']
 ['22' '52.444327291206754' 'destroyed']
 ['3' '55.04221915662139' 'presentdestroyed']
 ['22' '56.52028078549511' 'destroyed']
 ['6' '67.23932933074273' 'present']
 ['3' '68.89425153340191' 'present']
 ['4' '105.10802371377403' 'marauded']
 ['4' '115.63909449132221' 'present']
 ['15' '118.5407232801268' 'present']
 ['14' '125.91819290207307' 'present']
 ['22' '126.88120625653048' 'present']
 ['13' '139.08151250485386' 'marauded']
 ['15' '144.261730301841' 'presentdestroyed']
 ['22' '145.91014637862202' 'presentdestroyed']
 ['3' '163.5644539720568' 'marauded']
 ['3' '173.92591610575025' 'present']
 ['14' '180.0410343057781' 'present']
 ['6' '206.23591897135734' 'present']
 ['3' '210.49916079715416' 'marauded']
 ['13' '217.8721048920648' 'present']
 ['6' '264.0280054903912' 'present']
 ['9' '270.1078428360847' 'present']
 ['14' '272.072705714265' 'present']
 ['1' '280.1796445901416' 'present']
 ['6' '298.2513016976077' 'present']
 ['3' '309.37460272995247' 'present']
 ['13' '329.1450070569177' 'marauded']
 ['15' '346.28727620747605' 'present']
 ['15' '350.4523546802609' 'present']
 ['6' '353.05683461215864' 'present']]","[['F215' '59.34363410557668' 'mated']
 ['F175' '71.323552334806' 'mated']
 ['F20' '123.13623204718628' 'absent']
 ['F136' '141.9069910998407' 'destroyed']
 ['F33' '143.21993585713744' 'destroyed']
 ['F154' '157.21068365799883' 'mated']
 ['F7' '170.6315491942846' 'destroyed']
 ['F186' '178.45245698453806' 'mated']
 ['F206' '204.6871907420181' 'mated']
 ['F165' '258.55625617061463' 'mated']]",566.0,70.70113410117118,13.723312630354958,1463.0,250.58122327026197,54.022911411368526,218.0,36.711477837961695,7.780526204339103,17.0,1.7000000000000004,0.1700000000000001,87.0,0.4027777777777782,0.0018647119341563768
21,0.0,10,360.4022312789016,"[['22' '0.3708214819835855' 'present']
 ['14' '23.099226111032408' 'present']
 ['4' '50.77496354944957' 'present']
 ['15' '64.27775492928845' 'present']
 ['20' '66.1988180884525' 'present']
 ['6' '76.12132795179002' 'marauded']
 ['4' '78.3157360719363' 'presentdestroyed']
 ['8' '82.53121915796405' 'presentdestroyed']
 ['14' '91.09111527114149' 'present']
 ['4' '101.71651012356266' 'present']
 ['1' '108.30472224307478' 'present']
 ['13' '110.84916953929248' 'present']
 ['9' '118.53385173313069' 'present']
 ['15' '129.32184940962694' 'present']
 ['4' '129.66393937304954' 'present']
 ['13' '141.10255605312742' 'present']
 ['14' '147.48439148950214' 'present']
 ['4' '162.35131025095262' 'present']
 ['7' '163.01186530090746' 'present']
 ['20' '180.6059353225744' 'marauded']
 ['4' '199.14450477229667' 'present']
 ['20' '205.64034585153345' 'present']
 ['7' '217.96680925726506' 'present']
 ['13' '219.46243222470798' 'present']
 ['8' '220.25560220553658' 'present']
 ['3' '224.36183249437923' 'present']
 ['3' '231.44359486583838' 'present']
 ['6' '233.5161776509614' 'present']
 ['14' '234.7709461330275' 'present']
 ['3' '237.72152008884328' 'present']
 ['20' '242.78070255966267' 'present']
 ['13' '245.24672959589336' 'present']
 ['1' '251.4311943870079' 'marauded']
 ['13' '253.82002239541637' 'presentdestroyed']
 ['6' '261.623212188458' 'present']
 ['8' '266.56788691405285' 'present']
 ['20' '270.5780607137832' 'present']
 ['6' '276.2448275860879' 'marauded']
 ['22' '277.5827006252004' 'presentdestroyed']
 ['15' '278.4745333535342' 'presentdestroyed']
 ['8' '284.96389302072356' 'present']
 ['3' '306.81896317288766' 'present']
 ['1' '330.06248713482773' 'present']
 ['9' '331.3663072115778' 'present']
 ['20' '343.38789398116603' 'present']
 ['9' '348.09464217066665' 'present']]","[['F118' '41.38612748856955' 'mated']
 ['F91' '55.52948327089905' 'mated']
 ['F131' '77.04352886975202' 'destroyed']
 ['F160' '94.43706770287534' 'mated']
 ['F59' '115.81369549228944' 'absent']
 ['F130' '154.01274551751206' 'mated']
 ['F197' '157.07885401180562' 'mated']
 ['F186' '178.45014216972325' 'absent']
 ['F208' '196.7010451676739' 'mated']
 ['F148' '201.5383039309252' 'mated']
 ['F85' '224.2088559844775' 'mated']
 ['F209' '233.32476616084492' 'mated']
 ['F0' '253.24923481142204' 'destroyed']
 ['F107' '258.15418297206617' 'destroyed']
 ['F125' '287.80694681254' 'mated']]",563.0,70.21970451191548,14.962933541614273,1553.0,265.2810962732651,56.66227887082552,138.0,24.534226891295088,5.217476255887324,0.0,0.0,0.0,0.0,0.0,0.0
22,0.054,6,360.3208199243587,"[['8' '3.7654032226621097' 'present']
 ['6' '49.38735058447143' 'present']
 ['1' '55.88800804834127' 'present']
 ['3' '58.10199656112378' 'present']
 ['1' '61.56642615732452' 'present']
 ['20' '62.84422347888865' 'present']
 ['3' '69.68240133536939' 'present']
 ['8' '75.3649260270319' 'present']
 ['9' '79.41656374941327' 'present']
 ['1' '99.69200185628598' 'present']
 ['9' '116.3688203587145' 'marauded']
 ['3' '121.8503978121476' 'presentdestroyed']
 ['20' '122.8739388390168' 'presentdestroyed']
 ['1' '123.80453864538237' 'present']
 ['13' '125.1949979640486' 'present']
 ['1' '126.9045912915985' 'present']
 ['1' '141.52964689057393' 'present']
 ['20' '156.4797873591973' 'present']
 ['13' '156.5398992780644' 'present']
 ['7' '160.75677282610428' 'present']
 ['3' '162.41133919269802' 'present']
 ['20' '178.32932801710086' 'present']
 ['6' '203.03194481443478' 'marauded']
 ['15' '212.53752892804525' 'present']
 ['13' '217.17693220893918' 'present']
 ['13' '226.24369753902505' 'marauded']
 ['15' '227.08108991375448' 'presentdestroyed']
 ['20' '228.40854911538568' 'presentdestroyed']
 ['3' '229.86804737451436' 'presentdestroyed']
 ['15' '253.05826856428766' 'marauded']
 ['8' '253.35814194720027' 'presentdestroyed']
 ['20' '261.81293323052677' 'present']
 ['4' '262.51639317700415' 'present']
 ['15' '278.0326588192686' 'present']
 ['15' '278.03728844889827' 'present']
 ['7' '278.127097856031' 'present']
 ['7' '283.36316778800443' 'present']
 ['6' '293.41826918172063' 'present']
 ['20' '293.8395841949034' 'present']
 ['3' '297.1462605729301' 'present']
 ['15' '298.67030123619486' 'present']
 ['15' '306.09460381992074' 'marauded']
 ['3' '316.56821959217086' 'present']
 ['20' '328.13428134199035' 'present']
 ['15' '328.2579081961505' 'marauded']
 ['14' '345.83035725139786' 'present']
 ['9' '350.55562989347163' 'present']
 ['15' '352.2067403375295' 'present']
 ['6' '359.60802790661916' 'present']]","[['F141' '25.28493761262545' 'mated']
 ['F193' '35.39685696132509' 'absent']
 ['F120' '141.27077636777753' 'mated']
 ['F113' '159.03335581191934' 'mated']
 ['F185' '161.85666283541616' 'absent']
 ['F115' '165.44803333685977' 'mated']
 ['F181' '209.29005743281985' 'destroyed']
 ['F90' '224.1400158199558' 'mated']
 ['F30' '250.00581491789322' 'mated']
 ['F0' '253.24460518179242' 'destroyed']
 ['F107' '258.156497786881' 'destroyed']]",559.0,73.29396858085164,16.185938645211433,1452.0,249.00680205967134,54.070050299393195,218.0,36.77186774071126,7.730048379406966,8.0,0.7999999999999999,0.08000000000000002,68.0,0.3148148148148148,0.0014574759945130303
23,0.0,10,360.35625632327975,"[['15' '14.308879731821195' 'present']
 ['15' '18.21942219380517' 'present']
 ['22' '20.907390596527527' 'present']
 ['20' '28.592325210293406' 'present']
 ['9' '33.15382993506879' 'present']
 ['22' '42.04368486149329' 'present']
 ['1' '42.301883301179544' 'present']
 ['22' '53.701612466141825' 'present']
 ['4' '55.36373067142897' 'present']
 ['4' '62.559601172085635' 'present']
 ['4' '63.011043393853456' 'present']
 ['7' '65.88490395070534' 'present']
 ['22' '111.27597243242684' 'present']
 ['7' '117.03514826826137' 'present']
 ['15' '123.05714506166574' 'present']
 ['15' '123.93701911805657' 'present']
 ['8' '132.44148988161518' 'present']
 ['15' '133.81666440989238' 'present']
 ['1' '164.1295546075384' 'marauded']
 ['20' '173.49561210149852' 'marauded']
 ['20' '183.83103883257908' 'present']
 ['22' '187.05062950172464' 'marauded']
 ['14' '189.81455501837056' 'presentdestroyed']
 ['20' '192.84354972347037' 'presentdestroyed']
 ['14' '274.01884904393614' 'present']
 ['8' '282.9000632843999' 'present']
 ['22' '319.4768784115687' 'present']
 ['7' '343.78421240250134' 'present']
 ['7' '346.27139886566846' 'present']
 ['22' '353.0271692564298' 'present']
 ['13' '359.87430002525946' 'marauded']]","[['F57' '27.857989049168484' 'mated']
 ['F179' '62.543284789108704' 'mated']
 ['F16' '71.78897452111761' 'mated']
 ['F61' '71.90348241426342' 'mated']
 ['F82' '76.33611148318256' 'mated']
 ['F27' '107.16600487184188' 'mated']
 ['F200' '148.23826575387437' 'mated']
 ['F21' '153.58516515022853' 'mated']
 ['F14' '154.89210723608855' 'mated']
 ['F7' '170.6338640090994' 'destroyed']
 ['F1' '180.120373057956' 'destroyed']
 ['F32' '330.9733333266319' 'mated']]",563.0,70.0325819912726,14.993529967665198,1619.0,271.7409904324,57.702480321809475,109.0,18.22940708718491,3.8595739019749287,0.0,0.0,0.0,0.0,0.0,0.0
