id,probability_maraud,successful_mating,next_foraging_time,mar_attempts,mate_attempts,foraging_events,foraging_hrs,foraging_sqhrs,staying_events,staying_hrs,staying_sqhrs,repairing_events,repairing_hrs,repairing_sqhrs,marauding_events,marauding_hrs,marauding_sqhrs,traveling_events,traveling_hrs,traveling_sqhrs
0,0.054,8,360.28278388355307,"[['20' '2.8858427058068057' 'present']
 ['4' '14.447816186030575' 'present']
 ['6' '16.678918747648595' 'present']
 ['17' '31.30908534295263' 'marauded']
 ['23' '32.67924818332439' 'presentdestroyed']
 ['18' '54.56941653003671' 'present']
 ['13' '59.98503634637159' 'present']
 ['15' '78.20703648058155' 'present']
 ['15' '84.58191923612056' 'present']
 ['15' '85.40312825266813' 'present']
 ['10' '88.28875873375736' 'present']
 ['20' '98.76044090813737' 'present']
 ['5' '100.04590491176769' 'marauded']
 ['17' '110.3884383407333' 'present']
 ['13' '127.41036923183209' 'present']
 ['23' '131.87950712483143' 'present']
 ['13' '142.42354672643322' 'present']
 ['17' '143.3335781083114' 'present']
 ['17' '197.3744817227298' 'present']
 ['18' '203.40070820493423' 'present']
 ['15' '206.98505621207931' 'present']
 ['20' '216.86159965695063' 'present']
 ['5' '237.71039907863624' 'present']
 ['15' '239.62167228544328' 'present']
 ['20' '242.15488658925193' 'marauded']
 ['20' '242.53752801766652' 'presentdestroyed']
 ['6' '255.35473048444314' 'marauded']
 ['15' '256.13329378029636' 'presentdestroyed']
 ['10' '276.57495162361926' 'present']
 ['22' '288.39792945979855' 'present']
 ['15' '288.58841928935567' 'marauded']
 ['22' '338.09756080911444' 'present']
 ['13' '343.95079348146106' 'present']
 ['18' '354.97552854199836' 'present']]","[['F82' '78.51114103177392' 'absent']
 ['F89' '126.80602571867777' 'absent']
 ['F99' '139.6746462566324' 'absent']
 ['F11' '144.6535784808215' 'mated']
 ['F59' '162.2580856109095' 'mated']
 ['F5' '166.99820043339403' 'mated']
 ['F195' '184.86788680666825' 'mated']
 ['F32' '191.01430385864677' 'mated']
 ['F184' '211.17292217719407' 'mated']
 ['F194' '250.66550587569293' 'mated']
 ['F88' '283.7882777751595' 'absent']
 ['F44' '307.59541071153205' 'mated']]",566.0,69.66361815597446,14.291277490241404,1527.0,257.6701811675331,54.608416317306045,182.0,30.604191929901187,6.518656751295482,17.0,1.7000000000000004,0.1700000000000001,98.0,0.45370370370370433,0.0021004801097393683
1,0.0,6,360.4547153022203,"[['20' '1.2060938868221558' 'present']
 ['5' '11.955897780893928' 'marauded']
 ['15' '12.986613331684447' 'destroyed']
 ['15' '34.62928095774315' 'present']
 ['4' '47.57106368395067' 'present']
 ['0' '62.51636165114135' 'present']
 ['23' '76.26035971007104' 'present']
 ['23' '83.8263023082452' 'present']
 ['13' '87.17330403347796' 'marauded']
 ['4' '87.33689209764424' 'destroyed']
 ['23' '87.71218911243395' 'destroyed']
 ['13' '90.08519454793239' 'destroyed']
 ['6' '93.07278074088737' 'presentdestroyed']
 ['0' '99.0711774425294' 'marauded']
 ['15' '110.56661499094102' 'present']
 ['0' '111.22898865004063' 'present']
 ['22' '113.22725981616247' 'present']
 ['18' '123.52879497442163' 'present']
 ['13' '139.43786282195052' 'present']
 ['13' '143.80667416167626' 'marauded']
 ['4' '150.35439157266424' 'presentdestroyed']
 ['4' '165.93705121677246' 'present']
 ['10' '178.37666223873015' 'present']
 ['15' '191.12520082639122' 'present']
 ['18' '195.18888387657444' 'present']
 ['23' '210.77601484114498' 'present']
 ['22' '215.3375060054784' 'present']
 ['17' '226.08017299031067' 'present']
 ['6' '228.1883123399152' 'present']
 ['5' '235.3888639667863' 'marauded']
 ['18' '241.86746102383577' 'presentdestroyed']
 ['23' '242.400647305918' 'presentdestroyed']
 ['22' '246.18477414936797' 'present']
 ['22' '268.1628485674872' 'marauded']
 ['17' '276.95463705281986' 'present']
 ['13' '277.59116287268415' 'present']
 ['10' '294.0664817106033' 'present']
 ['5' '298.59938535964636' 'present']
 ['22' '311.2672044257208' 'present']
 ['6' '315.1683715359448' 'marauded']
 ['4' '341.0417984093801' 'present']
 ['4' '347.4101304212898' 'present']
 ['6' '347.7833846224244' 'present']
 ['4' '353.5444712284093' 'present']
 ['13' '355.79188891019' 'present']
 ['20' '356.2106314607315' 'present']]","[['F81' '116.77015067907212' 'mated']
 ['F84' '148.48726507344927' 'destroyed']
 ['F128' '163.21216236631503' 'mated']
 ['F110' '178.64897906822938' 'absent']
 ['F191' '193.32977718207226' 'absent']
 ['F21' '199.77139019093633' 'absent']
 ['F2' '207.88672128840582' 'mated']
 ['F52' '277.03213240233305' 'mated']
 ['F144' '299.54829692327354' 'mated']
 ['F111' '331.3402410510709' 'mated']]",577.0,70.51136743544298,14.70133850934705,1464.0,246.61987166737242,52.626993131015006,272.0,42.871792698192024,8.979451587971921,0.0,0.0,0.0,0.0,0.0,0.0
2,0.0,11,360.42206580482053,"[['6' '3.173902180614174' 'present']
 ['22' '7.733458374033612' 'present']
 ['17' '14.807817413066898' 'present']
 ['5' '18.52640348195419' 'present']
 ['5' '27.06054555870988' 'present']
 ['17' '40.16193442231993' 'present']
 ['17' '42.13338528883583' 'present']
 ['5' '65.82845533585726' 'present']
 ['18' '77.03334104069312' 'present']
 ['0' '98.65595203424401' 'marauded']
 ['5' '103.40918471138411' 'presentdestroyed']
 ['17' '106.67796797249052' 'present']
 ['15' '109.00358883895558' 'present']
 ['0' '111.23361827967025' 'present']
 ['4' '112.48104099483808' 'marauded']
 ['0' '127.84019785089973' 'present']
 ['20' '128.42021244820833' 'present']
 ['5' '135.3155243366229' 'present']
 ['15' '139.12738326991996' 'present']
 ['13' '147.67951344050357' 'present']
 ['22' '148.72117151582233' 'present']
 ['23' '156.09131153345402' 'marauded']
 ['17' '169.92865859313426' 'present']
 ['18' '171.64030347094086' 'present']
 ['10' '178.62610013341762' 'present']
 ['22' '188.21805459165722' 'present']
 ['20' '193.47987858479655' 'present']
 ['17' '193.9287874868712' 'present']
 ['15' '208.66495297628342' 'present']
 ['20' '209.63531644266203' 'marauded']
 ['22' '221.72609687314934' 'present']
 ['6' '222.2547880222188' 'present']
 ['23' '222.96389136604984' 'present']
 ['20' '227.5986766988513' 'marauded']
 ['0' '237.26474036614144' 'present']
 ['13' '243.4353624438077' 'present']
 ['15' '252.21701136463741' 'present']
 ['4' '255.62080389869976' 'present']
 ['15' '266.2282008062865' 'present']
 ['23' '266.9001661580562' 'present']
 ['17' '267.2145859120249' 'present']
 ['15' '275.0903027554194' 'present']
 ['13' '276.34574351371447' 'present']
 ['15' '280.71619264932764' 'present']
 ['5' '280.76235268547924' 'present']
 ['22' '284.4903272761543' 'present']
 ['6' '284.7260322739156' 'present']
 ['15' '311.33562250056815' 'present']
 ['17' '315.93528186228093' 'present']
 ['18' '331.0177458415523' 'marauded']
 ['15' '333.5428965844096' 'presentdestroyed']
 ['10' '341.5033534277803' 'present']
 ['5' '341.78315911002915' 'present']
 ['13' '343.36043423683344' 'present']
 ['13' '352.5418497730064' 'present']
 ['10' '352.80544808782946' 'present']
 ['10' '355.79248965718256' 'present']]","[['F153' '29.893947651060106' 'mated']
 ['F135' '30.088455178381626' 'mated']
 ['F171' '32.89099728457007' 'mated']
 ['F214' '55.72433631429215' 'mated']
 ['F206' '76.42865427475529' 'mated']
 ['F22' '77.28292517841669' 'absent']
 ['F186' '110.3932050932138' 'absent']
 ['F71' '147.87497363711506' 'mated']
 ['F55' '169.3624690349542' 'mated']
 ['F21' '199.77370500575114' 'mated']
 ['F147' '235.66776338863772' 'mated']
 ['F104' '270.2721039546228' 'mated']
 ['F70' '316.0634000345971' 'mated']
 ['F115' '333.3397365977264' 'absentdestroyed']]",557.0,68.72305379241178,14.471871322918823,1516.0,254.58169905316075,53.318462378961534,205.0,36.80524016067199,8.4336390868214,0.0,0.0,0.0,0.0,0.0,0.0
3,0.0,7,359.83090040321713,"[['17' '14.812447042696528' 'present']
 ['13' '25.58531376883852' 'present']
 ['6' '47.31995986371827' 'present']
 ['23' '62.74545093115702' 'present']
 ['10' '67.94958982082991' 'present']
 ['22' '76.78962959549563' 'present']
 ['0' '82.00499086295888' 'present']
 ['15' '84.19231043658743' 'marauded']
 ['0' '93.04334029548232' 'marauded']
 ['4' '93.74082520643566' 'destroyed']
 ['13' '95.6768664082593' 'presentdestroyed']
 ['5' '98.00663901173132' 'presentdestroyed']
 ['17' '104.69901887539184' 'present']
 ['17' '108.33222644782379' 'marauded']
 ['22' '120.8218215935921' 'present']
 ['20' '122.9950690832542' 'present']
 ['0' '123.32783889130418' 'marauded']
 ['17' '145.1032342688392' 'present']
 ['15' '156.12865564661578' 'present']
 ['10' '158.49189044285606' 'present']
 ['18' '159.19083366615095' 'marauded']
 ['22' '174.49018439175654' 'marauded']
 ['6' '176.94229518581685' 'presentdestroyed']
 ['0' '181.1231689074896' 'presentdestroyed']
 ['23' '185.733186666969' 'present']
 ['17' '202.04964314189948' 'present']
 ['5' '211.99291982022885' 'present']
 ['6' '215.6367689328073' 'present']
 ['4' '228.59073463321818' 'present']
 ['13' '247.60906049313786' 'present']
 ['4' '249.2048806419128' 'marauded']
 ['10' '255.97427269019923' 'presentdestroyed']
 ['23' '258.875581962629' 'present']
 ['6' '260.0392468139871' 'marauded']
 ['5' '270.33661039210216' 'present']
 ['22' '277.1748575037807' 'present']
 ['10' '291.16166409482327' 'marauded']
 ['4' '293.38831793944473' 'presentdestroyed']
 ['0' '300.05486405105734' 'present']
 ['10' '311.70290098411846' 'present']
 ['6' '321.12814342729024' 'marauded']
 ['6' '327.7357544406205' 'destroyed']
 ['20' '350.5987869363622' 'present']]","[['F168' '54.88836299760529' 'absent']
 ['F14' '68.67374193257706' 'absent']
 ['F150' '121.08938776681428' 'mated']
 ['F139' '169.06696498006175' 'mated']
 ['F30' '180.50319218124608' 'destroyed']
 ['F65' '189.33865547170447' 'mated']
 ['F200' '190.58156639055792' 'absent']
 ['F157' '194.27897520774533' 'mated']
 ['F151' '211.74466751639227' 'mated']
 ['F204' '274.080328510846' 'mated']
 ['F39' '280.0435610205464' 'absent']
 ['F100' '304.61995268821386' 'mated']]",573.0,71.92439664109104,15.401720796159816,1328.0,227.29609365457546,49.344784996714246,350.0,60.861694195802166,13.276880952962053,0.0,0.0,0.0,0.0,0.0,0.0
4,0.054,5,360.46559187201296,"[['17' '1.7353001246625888' 'present']
 ['5' '16.325594861261973' 'present']
 ['6' '33.281869988475435' 'present']
 ['15' '36.00410657268302' 'marauded']
 ['17' '44.64040383941373' 'present']
 ['15' '48.111116001370064' 'present']
 ['20' '57.38739634817193' 'present']
 ['6' '59.92822378712496' 'present']
 ['5' '68.13781280617889' 'present']
 ['22' '74.12978721546405' 'present']
 ['13' '91.15221892870244' 'present']
 ['17' '98.24826647952123' 'present']
 ['5' '100.66006329392333' 'marauded']
 ['20' '123.27949878472299' 'marauded']
 ['20' '129.69698535798693' 'presentdestroyed']
 ['17' '133.37825088105603' 'present']
 ['0' '135.4267451199361' 'present']
 ['6' '136.10017017183256' 'marauded']
 ['23' '160.22790806529906' 'present']
 ['22' '179.08331442306886' 'present']
 ['18' '198.6004439066351' 'marauded']
 ['22' '204.25783975918938' 'presentdestroyed']
 ['17' '206.5713307708885' 'present']
 ['23' '249.13846790376536' 'present']
 ['10' '255.97890231982885' 'present']
 ['10' '281.6421024095606' 'present']
 ['20' '291.6370531203251' 'present']
 ['20' '291.8792545269858' 'present']
 ['6' '298.22649693329873' 'present']
 ['15' '299.73927578762743' 'present']
 ['6' '310.0207301267271' 'present']
 ['6' '321.9532454395672' 'present']
 ['6' '327.1671740542612' 'marauded']
 ['0' '332.6817748599361' 'presentdestroyed']
 ['10' '338.8278069715903' 'present']
 ['13' '339.38236449309744' 'present']
 ['23' '359.54562832023737' 'present']]","[['F168' '54.88373336797566' 'absent']
 ['F133' '80.88448593749216' 'mated']
 ['F170' '116.35726777622207' 'absent']
 ['F20' '119.14383380072006' 'mated']
 ['F124' '125.63134638665903' 'absentdestroyed']
 ['F105' '136.03874080041666' 'mated']
 ['F155' '146.96113538264626' 'absent']
 ['F161' '193.1324470334517' 'mated']
 ['F193' '211.93487568829033' 'mated']
 ['F40' '235.28984070985513' 'absent']
 ['F41' '305.6444229890473' 'absent']
 ['F115' '333.3327921532819' 'destroyed']]",564.0,71.34509243042346,14.812974437314525,1482.0,250.61539389230643,53.6761091068489,224.0,36.57710159536501,7.745116649014661,12.0,1.2,0.12000000000000005,72.0,0.3333333333333334,0.0015432098765432085
5,0.054,13,360.3063855385893,"[['22' '1.484468665156335' 'present']
 ['22' '7.724199114774352' 'present']
 ['22' '7.728828744403982' 'present']
 ['18' '11.121289411268968' 'present']
 ['17' '30.77954248395912' 'marauded']
 ['4' '32.717510895035836' 'presentdestroyed']
 ['23' '41.48817886312063' 'present']
 ['22' '42.575993355793685' 'present']
 ['6' '44.07254777794646' 'marauded']
 ['4' '56.06948362228615' 'present']
 ['23' '72.92839049475853' 'present']
 ['4' '76.95742737514783' 'marauded']
 ['17' '90.91876818323517' 'present']
 ['13' '91.14758929907282' 'present']
 ['4' '91.62738815475556' 'present']
 ['15' '116.97331526992643' 'marauded']
 ['20' '129.48081850904276' 'present']
 ['0' '129.56751966816415' 'present']
 ['15' '144.46134129736438' 'marauded']
 ['23' '145.8073552195533' 'presentdestroyed']
 ['10' '150.85046553508403' 'presentdestroyed']
 ['6' '159.11768200457473' 'present']
 ['15' '159.71311681320086' 'marauded']
 ['10' '160.48020088160007' 'presentdestroyed']
 ['13' '163.11821726385915' 'presentdestroyed']
 ['20' '166.73526743151172' 'presentdestroyed']
 ['15' '179.28585867817313' 'present']
 ['0' '180.07937018643952' 'marauded']
 ['23' '189.45625418376824' 'marauded']
 ['10' '205.4978803473553' 'present']
 ['6' '218.78956178606003' 'present']
 ['0' '230.9519493858612' 'present']
 ['4' '234.22432485555572' 'present']
 ['22' '237.8867344538189' 'present']
 ['22' '246.0569375530662' 'present']
 ['23' '256.9639864322148' 'present']
 ['20' '274.6967311890789' 'present']
 ['4' '291.1253234509229' 'present']
 ['13' '295.01226849926076' 'present']
 ['15' '300.55947028120994' 'present']
 ['10' '301.22638501891566' 'present']
 ['23' '314.1456023103955' 'present']
 ['0' '314.7518017694588' 'present']
 ['4' '318.63651121263985' 'present']
 ['18' '321.0217867559369' 'marauded']
 ['13' '332.56725193358596' 'marauded']
 ['18' '341.7492807123402' 'present']
 ['17' '354.1015553891495' 'marauded']]","[['F58' '34.652868411416755' 'destroyed']
 ['F168' '54.89067781242011' 'mated']
 ['F182' '88.33084291978798' 'mated']
 ['F68' '93.91559346199043' 'mated']
 ['F123' '94.35415712989123' 'mated']
 ['F170' '116.35958259103688' 'mated']
 ['F119' '142.78013111218118' 'mated']
 ['F84' '148.48957988826407' 'absentdestroyed']
 ['F160' '149.50331666969203' 'destroyed']
 ['F140' '166.03575587722347' 'destroyed']
 ['F48' '169.59703053694682' 'mated']
 ['F50' '178.0778068843379' 'mated']
 ['F178' '185.13291733523812' 'destroyed']
 ['F165' '202.1903671382782' 'mated']
 ['F134' '213.73784880846415' 'mated']
 ['F83' '225.43969239372495' 'mated']
 ['F25' '265.4675422171746' 'absent']
 ['F164' '267.46567417362434' 'mated']
 ['F113' '274.01180842437213' 'absent']
 ['F75' '277.84561707358864' 'absent']
 ['F132' '316.33519282806293' 'mated']]",575.0,71.76423089056647,13.937115660837632,1294.0,220.13733436700946,47.23195743361546,402.0,66.1733141332901,13.884372345616816,17.0,1.7000000000000004,0.1700000000000001,77.0,0.3564814814814817,0.0016503772290809313
6,0.054,4,359.94406251214957,"[['0' '1.893914041091939' 'present']
 ['4' '32.7128812654062' 'present']
 ['13' '32.75477134208599' 'present']
 ['15' '38.5006107185421' 'present']
 ['17' '48.52911252628009' 'present']
 ['22' '50.884519094919945' 'present']
 ['5' '52.755096327843845' 'present']
 ['4' '61.67649853346169' 'marauded']
 ['4' '70.67484560002296' 'present']
 ['13' '72.63198610605913' 'present']
 ['5' '75.7919606891484' 'present']
 ['0' '83.53228894903624' 'marauded']
 ['15' '98.89511063761589' 'present']
 ['23' '102.02332181176014' 'marauded']
 ['0' '122.92203653316126' 'present']
 ['10' '123.17638362849387' 'present']
 ['18' '126.71347941288491' 'present']
 ['13' '149.3817398440467' 'marauded']
 ['17' '167.11670291928772' 'marauded']
 ['13' '171.10191930416883' 'presentdestroyed']
 ['0' '182.04757184454664' 'marauded']
 ['23' '185.418512359101' 'presentdestroyed']
 ['22' '201.67992509038785' 'present']
 ['5' '207.1447776437583' 'marauded']
 ['13' '211.44086203919463' 'presentdestroyed']
 ['0' '213.82108591806747' 'destroyed']
 ['15' '215.77729483117074' 'present']
 ['17' '227.1011036969369' 'present']
 ['17' '229.15499859718173' 'present']
 ['0' '233.17604548810868' 'present']
 ['13' '239.4080927799727' 'present']
 ['18' '246.44729293210034' 'marauded']
 ['20' '247.28115892678002' 'presentdestroyed']
 ['0' '250.27773178609905' 'destroyed']
 ['4' '259.2569334769407' 'present']
 ['13' '262.5103107948402' 'present']
 ['18' '272.9649250098519' 'marauded']
 ['22' '277.17948713341036' 'presentdestroyed']
 ['5' '296.0596018616458' 'present']
 ['15' '312.0686721132484' 'present']
 ['22' '321.72703157508573' 'present']
 ['0' '328.9568920450453' 'present']
 ['23' '336.41034470657627' 'marauded']
 ['4' '340.1657738736511' 'destroyed']]","[['F58' '34.64823878178712' 'absent']
 ['F143' '57.307527844603904' 'mated']
 ['F182' '88.32852810497317' 'absentdestroyed']
 ['F92' '105.76878701465473' 'absentdestroyed']
 ['F114' '167.27636881678976' 'destroyed']
 ['F134' '213.73553399364934' 'absentdestroyed']
 ['F16' '216.02132764165876' 'mated']
 ['F108' '244.87233840597986' 'mated']
 ['F185' '273.92161286809267' 'destroyed']
 ['F0' '350.33703971558435' 'mated']]",564.0,72.43802752245004,14.862556613998278,1307.0,224.87921200695857,49.08732860143188,369.0,60.96192467207003,13.096261794907461,15.0,1.5000000000000002,0.15000000000000008,79.0,0.365740740740741,0.0016932441700960204
7,0.0,7,360.095812925508,"[['22' '9.318160140774552' 'present']
 ['20' '9.677928682944117' 'present']
 ['0' '10.474184568966296' 'present']
 ['13' '11.257008337071635' 'marauded']
 ['20' '28.906642250561088' 'present']
 ['4' '46.933627450463305' 'marauded']
 ['20' '82.22090188344475' 'present']
 ['10' '100.55252842490383' 'present']
 ['5' '107.83602349162123' 'present']
 ['10' '125.90014669699627' 'present']
 ['20' '126.1064694310498' 'present']
 ['6' '136.09554054220294' 'present']
 ['4' '155.60301326409115' 'present']
 ['10' '158.00347142224228' 'present']
 ['13' '163.39189708680428' 'present']
 ['13' '171.10654893379845' 'present']
 ['23' '171.41120513346192' 'marauded']
 ['18' '172.11531008503286' 'presentdestroyed']
 ['0' '178.3515540316467' 'presentdestroyed']
 ['20' '188.806167679197' 'marauded']
 ['20' '195.87179932142695' 'presentdestroyed']
 ['23' '207.32876033859367' 'marauded']
 ['15' '210.7593610110761' 'presentdestroyed']
 ['0' '211.1457825306586' 'destroyed']
 ['20' '214.8102672952799' 'presentdestroyed']
 ['6' '227.8492177386472' 'present']
 ['18' '239.72028072953572' 'present']
 ['23' '243.18680903684472' 'present']
 ['4' '252.23268583172208' 'present']
 ['4' '253.09070161853015' 'present']
 ['13' '262.5583071876495' 'present']
 ['10' '264.15434651567944' 'present']
 ['4' '272.3842060482861' 'present']
 ['23' '274.92617908504087' 'present']
 ['17' '283.1316028029802' 'present']
 ['10' '289.6691287288535' 'present']
 ['13' '296.8237527896273' 'present']
 ['18' '304.240168557725' 'present']
 ['5' '307.8473066626878' 'marauded']
 ['13' '314.7324334177675' 'presentdestroyed']
 ['15' '328.10270369609896' 'present']
 ['17' '328.86800574625795' 'present']
 ['15' '337.71343299479906' 'present']
 ['13' '349.7967169553455' 'present']
 ['17' '357.0708867475173' 'present']]","[['F69' '76.2322152059086' 'mated']
 ['F159' '88.34079086677023' 'mated']
 ['F38' '90.71323192061695' 'absent']
 ['F92' '105.77110182946954' 'mated']
 ['F187' '143.6556573933382' 'mated']
 ['F85' '153.61343995419364' 'mated']
 ['F40' '235.28752589504032' 'absent']
 ['F202' '244.05269847055925' 'mated']
 ['F54' '270.24177698693126' 'mated']
 ['F47' '294.7773485614039' 'absent']]",563.0,70.92090632334438,14.788537849664104,1497.0,252.55322578064343,54.20273833976787,219.0,36.647836835529525,7.789877315031795,0.0,0.0,0.0,0.0,0.0,0.0
8,0.0,10,360.4794656843115,"[['0' '2.0611436812242756' 'present']
 ['5' '9.905477341843907' 'present']
 ['10' '19.95941164641893' 'present']
 ['20' '21.64980146465964' 'present']
 ['5' '22.329629574762066' 'present']
 ['17' '33.1134350908566' 'present']
 ['23' '33.713746505392095' 'present']
 ['10' '39.26307924514161' 'present']
 ['17' '40.057304792690296' 'marauded']
 ['23' '41.16711967538205' 'presentdestroyed']
 ['17' '42.928013543906644' 'presentdestroyed']
 ['20' '44.45976936577296' 'presentdestroyed']
 ['22' '49.73964405028203' 'present']
 ['15' '51.77945445920858' 'present']
 ['18' '54.85295794692603' 'marauded']
 ['5' '60.43677072980586' 'presentdestroyed']
 ['23' '63.96507024873692' 'present']
 ['10' '78.78030345797' 'marauded']
 ['15' '80.34242260457808' 'presentdestroyed']
 ['23' '84.03000512358173' 'presentdestroyed']
 ['13' '87.16867440384834' 'present']
 ['0' '87.98249989449765' 'present']
 ['10' '93.86831927553932' 'present']
 ['17' '96.68076744986357' 'present']
 ['17' '105.09089094255802' 'present']
 ['20' '105.1120634208546' 'present']
 ['18' '110.57676782650636' 'present']
 ['17' '113.07330201360034' 'marauded']
 ['10' '115.77122935515052' 'presentdestroyed']
 ['20' '122.99969871288381' 'present']
 ['17' '144.15327286516023' 'present']
 ['5' '153.3017700054949' 'present']
 ['18' '169.32698694931864' 'present']
 ['17' '185.2152677158745' 'present']
 ['13' '202.11196515571748' 'marauded']
 ['22' '237.40510638799296' 'present']
 ['6' '237.84427910391634' 'present']
 ['10' '275.09073850592495' 'present']
 ['4' '287.1980603817434' 'present']
 ['17' '288.7494771845645' 'present']
 ['13' '292.18234447978114' 'present']
 ['0' '305.2718820131117' 'present']
 ['17' '308.5261614364384' 'present']
 ['17' '309.44651324152585' 'present']
 ['0' '313.21009417295903' 'marauded']
 ['10' '320.5072874592384' 'present']
 ['13' '327.5988089717906' 'present']
 ['15' '331.65625312428733' 'present']
 ['13' '331.70764990091135' 'present']
 ['17' '340.1054871834577' 'marauded']
 ['17' '349.538340172636' 'marauded']]","[['F58' '34.65518322623157' 'mated']
 ['F154' '101.33240060844483' 'mated']
 ['F215' '138.28765340151196' 'mated']
 ['F160' '149.50563148450684' 'mated']
 ['F146' '155.23805184031238' 'mated']
 ['F199' '183.00291140054088' 'mated']
 ['F77' '234.3178390667327' 'mated']
 ['F142' '274.00248286643665' 'mated']
 ['F177' '275.38184637859564' 'mated']
 ['F39' '280.04587583536124' 'mated']]",552.0,72.43123799338156,15.269238847053504,1440.0,238.6769963127214,50.06949324369168,287.0,48.95948328551209,10.562623833646985,0.0,0.0,0.0,0.0,0.0,0.0
9,0.0,8,360.1917479867849,"[['15' '1.3705675498337233' 'present']
 ['18' '2.5568876212724647' 'marauded']
 ['18' '5.891864812277767' 'presentdestroyed']
 ['15' '16.126339841986795' 'present']
 ['0' '27.074433193772883' 'present']
 ['23' '29.110008108824164' 'present']
 ['6' '33.31799183481135' 'present']
 ['6' '34.163067576945046' 'present']
 ['10' '36.16862768060594' 'present']
 ['15' '38.93728280136281' 'present']
 ['23' '45.04077517026539' 'present']
 ['10' '46.231163096681335' 'present']
 ['10' '49.29910102779712' 'present']
 ['5' '54.06081673285168' 'present']
 ['5' '60.432141100176224' 'present']
 ['5' '63.98795874373469' 'present']
 ['22' '64.98628929487145' 'present']
 ['5' '67.57376492316695' 'marauded']
 ['4' '87.17466907452211' 'marauded']
 ['13' '95.06731724808262' 'present']
 ['23' '106.55309832019051' 'present']
 ['10' '110.85190801048299' 'present']
 ['17' '114.71000325818086' 'present']
 ['23' '116.19234255895392' 'marauded']
 ['18' '120.43914580344196' 'presentdestroyed']
 ['5' '134.78915426246274' 'present']
 ['20' '151.340149362158' 'present']
 ['10' '159.67381618115695' 'marauded']
 ['17' '173.3701436689345' 'marauded']
 ['18' '176.98007456230997' 'presentdestroyed']
 ['15' '204.08626521728527' 'present']
 ['0' '207.2198654939268' 'present']
 ['22' '208.0986170985301' 'present']
 ['17' '242.47404322206233' 'marauded']
 ['17' '244.10710962423965' 'presentdestroyed']
 ['23' '258.8709523329993' 'present']
 ['10' '260.16003941670135' 'present']
 ['22' '274.3149388426275' 'present']
 ['15' '276.58633019557664' 'present']
 ['10' '281.5008539426552' 'present']
 ['5' '309.0832079741426' 'present']
 ['5' '310.33404528058657' 'present']
 ['18' '317.44001588318275' 'present']
 ['4' '318.7539370529433' 'present']
 ['20' '331.2872715338398' 'present']
 ['0' '343.69855882015776' 'present']
 ['15' '357.7381945413724' 'present']
 ['18' '357.77302437420667' 'present']]","[['F201' '4.8210637286571565' 'destroyed']
 ['F169' '30.01325518827932' 'mated']
 ['F137' '89.4830582694946' 'destroyed']
 ['F81' '116.76783586425731' 'destroyed']
 ['F119' '142.77781629736637' 'absent']
 ['F145' '146.30925642476151' 'mated']
 ['F140' '166.03344106240866' 'destroyed']
 ['F114' '167.27405400197495' '']
 ['F62' '174.82739002323126' 'destroyed']
 ['F152' '184.08951650413553' 'mated']
 ['F200' '190.58388120537273' 'mated']
 ['F175' '193.42895360107852' 'mated']
 ['F19' '201.37794093790254' 'mated']
 ['F197' '204.46022635369974' 'absent']
 ['F213' '204.5694672592615' 'mated']
 ['F52' '277.0298175875182' 'absent']
 ['F88' '283.7905925899743' 'absent']
 ['F47' '294.77966337621876' 'absent']
 ['F72' '310.12226563168883' 'mated']]",547.0,73.9220342465547,16.885715033609415,1460.0,243.81684398973977,52.56221084322407,252.0,42.33868152477028,9.139979936310816,0.0,0.0,0.0,0.0,0.0,0.0
10,0.054,13,360.2798186673487,"[['17' '2.3416897494665827' 'present']
 ['18' '2.552257991642835' 'present']
 ['17' '14.116489945347503' 'present']
 ['15' '16.816673787177386' 'present']
 ['23' '20.493948808657144' 'present']
 ['6' '30.15015926437532' 'present']
 ['13' '43.06793626350156' 'present']
 ['23' '49.4459171670996' 'present']
 ['18' '52.91942917983503' 'present']
 ['6' '55.90520007422151' 'present']
 ['6' '76.07388782337304' 'present']
 ['15' '80.3470522342077' 'present']
 ['18' '92.29318466929452' 'present']
 ['20' '152.75420807600534' 'present']
 ['23' '153.27307879740525' 'present']
 ['0' '156.32224463704023' 'present']
 ['0' '201.54560911120396' 'present']
 ['15' '208.64036665448572' 'present']
 ['23' '219.65703534415096' 'present']
 ['23' '222.95926173642022' 'present']
 ['18' '234.47556711874049' 'marauded']
 ['17' '240.37816439044585' 'presentdestroyed']
 ['18' '263.6044636580389' 'present']
 ['0' '265.7949872544915' 'marauded']
 ['22' '266.21717501322803' 'presentdestroyed']
 ['0' '267.3141445813184' 'presentdestroyed']
 ['18' '272.45454260300477' 'presentdestroyed']
 ['17' '276.1526284597628' 'present']
 ['5' '298.60401498927604' 'present']
 ['6' '299.81565191541875' 'present']
 ['22' '302.53184515299614' 'present']
 ['13' '326.6224885635584' 'marauded']
 ['6' '327.7403840702502' 'presentdestroyed']
 ['13' '327.8195139504833' 'destroyed']
 ['20' '328.5922703506947' 'destroyed']]","[['F9' '84.8601436690306' 'mated']
 ['F74' '123.33195375020244' 'mated']
 ['F84' '148.4942095178937' 'mated']
 ['F110' '178.6512938830442' 'mated']
 ['F35' '187.23885855614157' 'mated']
 ['F80' '205.03469844481396' 'mated']
 ['F179' '211.32622629915863' 'mated']
 ['F192' '216.3973809777892' 'mated']
 ['F3' '217.99371031519743' 'mated']
 ['F33' '223.5299281503139' 'mated']
 ['F109' '244.1198318625679' 'mated']
 ['F130' '247.767450499069' 'mated']
 ['F52' '277.0228731430737' 'absent']
 ['F95' '278.54046392265184' 'mated']
 ['F138' '315.87043192590124' 'absent']]",579.0,71.77390763964539,14.865939504962123,1606.0,268.51105905983417,56.89728353508785,106.0,18.263828991954504,3.910426334652328,12.0,1.2,0.12000000000000005,74.0,0.3425925925925927,0.0015860768175582976
11,0.0,9,360.13210606099034,"[['22' '4.986600502223054' 'present']
 ['15' '13.145576026651403' 'present']
 ['4' '57.565553519580654' 'present']
 ['23' '78.79671001682068' 'present']
 ['13' '90.8545128193961' 'present']
 ['0' '92.40325268404527' 'present']
 ['17' '93.41274107008947' 'present']
 ['13' '94.68255471122195' 'marauded']
 ['15' '108.23878252016509' 'present']
 ['17' '110.54950955499018' 'marauded']
 ['15' '126.7039100438729' 'present']
 ['17' '137.48758663863987' 'present']
 ['0' '138.27547986780135' 'present']
 ['0' '145.34367634598803' 'present']
 ['17' '167.6290076009464' 'present']
 ['15' '178.57767421092336' 'present']
 ['4' '181.5134780229944' 'present']
 ['23' '182.99080269760168' 'present']
 ['0' '184.34065223108072' 'present']
 ['0' '190.77735830218546' 'present']
 ['15' '209.111895631683' 'present']
 ['10' '229.03747045197892' 'marauded']
 ['6' '232.63141470379648' 'presentdestroyed']
 ['4' '240.38097170883785' 'marauded']
 ['4' '240.71710535278797' 'presentdestroyed']
 ['22' '243.70308816468707' 'presentdestroyed']
 ['10' '260.164669046331' 'present']
 ['15' '260.9097862569598' 'present']
 ['23' '266.9047957876859' 'present']
 ['22' '279.6436495080178' 'marauded']
 ['22' '280.9724221451489' 'destroyed']
 ['15' '289.6659219727153' 'present']
 ['6' '298.22186730366906' 'present']
 ['23' '299.61949811763606' 'present']
 ['15' '303.33053215999115' 'marauded']
 ['15' '312.59303761942766' 'present']
 ['18' '313.56076622909734' 'present']
 ['20' '314.6685873512613' 'present']
 ['15' '327.65947952314633' 'present']
 ['13' '329.1065756366842' 'present']
 ['5' '332.2750132804218' 'present']
 ['22' '338.09293117948476' 'present']
 ['0' '339.9296870119868' 'present']
 ['18' '340.3578208814922' 'present']
 ['10' '343.6715882290758' 'present']]","[['F17' '16.243013611407754' 'absent']
 ['F42' '25.214872507237068' 'mated']
 ['F36' '92.58864205855762' 'mated']
 ['F68' '93.91327864717562' 'absent']
 ['F149' '102.33352829633776' 'mated']
 ['F211' '165.26017374281682' 'mated']
 ['F24' '165.79759978763732' 'mated']
 ['F181' '173.37059307813536' 'mated']
 ['F183' '188.86778260842462' 'mated']
 ['F126' '231.72636680512508' 'destroyed']
 ['F75' '277.8479318884035' 'mated']
 ['F88' '283.79290740478916' 'destroyed']
 ['F47' '294.78429300584844' 'mated']]",568.0,68.2048092786825,13.934724424829938,1486.0,255.20069181844377,55.84372177090936,204.0,36.80509742189336,8.38811378082503,0.0,0.0,0.0,0.0,0.0,0.0
12,0.0,10,360.4433433938456,"[['23' '0.6571871394474295' 'present']
 ['0' '9.300378232864093' 'present']
 ['5' '18.585651853770486' 'marauded']
 ['18' '36.61529355280492' 'present']
 ['15' '40.12863566092611' 'present']
 ['23' '43.99183394626944' 'marauded']
 ['23' '45.83318956357433' 'presentdestroyed']
 ['23' '51.50640508788199' 'present']
 ['5' '70.0394461949784' 'present']
 ['18' '118.00006551856322' 'marauded']
 ['20' '135.90415044141852' 'marauded']
 ['23' '139.47755027928363' 'presentdestroyed']
 ['13' '157.4143405679852' 'marauded']
 ['23' '160.8977134823411' 'presentdestroyed']
 ['18' '160.9139789967517' 'presentdestroyed']
 ['13' '167.99006030784753' 'marauded']
 ['10' '169.88617445214896' 'destroyed']
 ['0' '171.63976105181322' 'presentdestroyed']
 ['18' '174.1723906935287' 'presentdestroyed']
 ['22' '177.209307852297' 'present']
 ['17' '183.52038108810774' 'present']
 ['18' '196.50844684008914' 'present']
 ['10' '199.4986949481259' 'present']
 ['5' '203.90400708290932' 'marauded']
 ['22' '208.38069757185752' 'presentdestroyed']
 ['20' '208.75439531806958' 'presentdestroyed']
 ['22' '219.2070675060146' 'present']
 ['23' '242.00543494217828' 'present']
 ['6' '257.52593373076076' 'marauded']
 ['5' '269.2564637900126' 'marauded']
 ['5' '277.2212193540115' 'present']
 ['15' '296.5245861062897' 'marauded']
 ['4' '298.4647567626157' 'destroyed']
 ['23' '300.5389425842341' 'presentdestroyed']
 ['15' '303.0847569876694' 'presentdestroyed']
 ['17' '314.8977096625374' 'present']
 ['20' '319.20360019523247' 'present']
 ['6' '319.7442164081578' 'marauded']
 ['23' '326.4352021864714' 'presentdestroyed']
 ['6' '328.99818989334193' 'present']
 ['13' '346.51856035014833' 'marauded']
 ['4' '346.8857108062199' 'presentdestroyed']]","[['F42' '25.212557692422255' 'destroyed']
 ['F27' '30.30570132174893' 'mated']
 ['F8' '48.992400885861805' 'absentdestroyed']
 ['F22' '77.28755480804631' 'mated']
 ['F82' '78.51345584658873' 'mated']
 ['F162' '111.69878914932' 'mated']
 ['F155' '146.9680798270907' 'mated']
 ['F49' '176.98760429585886' 'mated']
 ['F7' '195.2496759188313' 'mated']
 ['F197' '204.45791153888493' 'destroyed']
 ['F64' '207.4568111125792' 'destroyed']
 ['F193' '211.93256087347552' 'absent']
 ['F43' '222.73948721803674' 'mated']
 ['F126' '231.7286816199399' 'mated']
 ['F212' '280.2416059394662' 'mated']
 ['F44' '307.5930958967172' 'absent']
 ['F115' '333.33510696809674' 'absent']]",584.0,71.50653298882244,14.509764298988925,1269.0,215.46977121930115,46.22146181752804,436.0,73.12424678823126,15.339846382419674,0.0,0.0,0.0,0.0,0.0,0.0
13,0.054,9,359.85540936216466,"[['4' '1.9802527112982187' 'present']
 ['22' '3.1632818008288472' 'present']
 ['6' '12.899768204067843' 'marauded']
 ['5' '26.280172386768978' 'present']
 ['6' '33.617928674492624' 'present']
 ['20' '47.04680426640987' 'marauded']
 ['15' '49.52169580803408' 'presentdestroyed']
 ['10' '55.331854962012095' 'present']
 ['20' '66.67581169318967' 'present']
 ['10' '73.80717800614634' 'present']
 ['23' '82.25822637086108' 'present']
 ['17' '90.53315104100334' 'present']
 ['6' '97.9952842105577' 'present']
 ['22' '117.19549224856192' 'present']
 ['22' '129.30368991406067' 'present']
 ['5' '159.15265132042384' 'present']
 ['18' '163.15419225719702' 'present']
 ['20' '202.16013859515374' 'marauded']
 ['5' '211.91222285053084' 'present']
 ['15' '215.78192446080035' 'present']
 ['0' '216.13297788624456' 'marauded']
 ['23' '222.53898562244808' 'presentdestroyed']
 ['15' '225.20434399975693' 'present']
 ['6' '230.36568380349243' 'present']
 ['17' '231.76037169676744' 'present']
 ['6' '239.38770597136778' 'present']
 ['6' '261.6964331915428' 'present']
 ['22' '271.24800554991543' 'present']
 ['20' '282.1860000199847' 'present']
 ['10' '284.13816089709906' 'marauded']
 ['18' '284.6500975063297' 'presentdestroyed']
 ['22' '293.781442337777' 'present']
 ['15' '301.33725002158997' 'present']
 ['20' '305.2321704099419' 'marauded']
 ['22' '307.39330505594666' 'destroyed']
 ['0' '315.9097063389452' 'marauded']
 ['18' '317.4353862535531' 'presentdestroyed']
 ['4' '321.75290105626806' 'presentdestroyed']
 ['20' '329.1439358516131' 'present']
 ['18' '350.65780571428155' 'present']]","[['F102' '40.734459985643134' 'mated']
 ['F82' '78.50882621695911' 'absent']
 ['F210' '83.74349409218512' 'absent']
 ['F159' '88.33847605195542' 'absent']
 ['F87' '143.48209781206216' 'mated']
 ['F156' '162.19104371299312' 'mated']
 ['F191' '193.33209199688707' 'mated']
 ['F4' '200.31240038596738' 'mated']
 ['F80' '205.03238362999915' 'absentdestroyed']
 ['F64' '207.4544962977644' 'destroyed']
 ['F34' '219.43929170190447' 'destroyed']
 ['F189' '244.20576521995613' 'mated']
 ['F78' '254.2069464491343' 'mated']
 ['F113' '274.014123239187' 'mated']
 ['F174' '343.30087086359447' 'mated']]",583.0,70.21147839079109,14.335877364171477,1452.0,245.49116662453469,52.273773702118696,255.0,42.62899628099426,9.21480048414319,14.0,1.4000000000000001,0.14000000000000007,76.0,0.351851851851852,0.0016289437585733867
14,0.0,6,360.2492429627239,"[['23' '38.63311916700418' 'present']
 ['0' '38.885006680562945' 'present']
 ['23' '39.63852604111134' 'present']
 ['6' '41.394472878296085' 'present']
 ['0' '48.67628184298201' 'marauded']
 ['20' '81.68857923539365' 'marauded']
 ['15' '84.7223250993687' 'presentdestroyed']
 ['23' '87.64434132987064' 'presentdestroyed']
 ['4' '90.73730125700179' 'present']
 ['22' '95.28298834439678' 'present']
 ['20' '97.370576941349' 'present']
 ['20' '101.25105747582843' 'marauded']
 ['13' '116.1786566938591' 'present']
 ['6' '124.49171771558193' 'present']
 ['13' '126.20893733074178' 'marauded']
 ['17' '138.59612913500462' 'present']
 ['18' '146.05579221680344' 'marauded']
 ['18' '146.66632598994929' 'presentdestroyed']
 ['0' '172.83594612448104' 'marauded']
 ['18' '176.36949938651628' 'presentdestroyed']
 ['20' '189.0465944256801' 'marauded']
 ['0' '194.72373728994526' 'presentdestroyed']
 ['4' '214.45298392407554' 'present']
 ['0' '216.12834825661494' 'present']
 ['10' '224.34440472825975' 'marauded']
 ['4' '225.5092920973847' 'presentdestroyed']
 ['6' '253.84241722111125' 'present']
 ['5' '254.66343748899797' 'present']
 ['15' '263.9174447240779' 'present']
 ['13' '283.56100785839544' 'present']
 ['15' '284.21798309786595' 'present']
 ['5' '329.3887241438908' 'marauded']
 ['17' '333.31728212432773' 'destroyed']
 ['6' '333.74065583125474' 'presentdestroyed']
 ['0' '336.67002960231196' 'presentdestroyed']]","[['F58' '34.65055359660194' 'absent']
 ['F168' '54.886048182790475' 'destroyed']
 ['F61' '79.73007349683628' 'mated']
 ['F30' '180.5055069960609' 'mated']
 ['F129' '182.7662736670554' 'mated']
 ['F90' '184.48221396941676' 'mated']
 ['F161' '193.1278174038221' 'destroyed']
 ['F127' '211.25213176285976' 'mated']
 ['F15' '298.19343088384386' 'mated']]",570.0,67.77987770424232,14.024943522610553,1390.0,237.75057758191673,51.18864133860902,314.0,54.73416779528381,11.911657204950432,0.0,0.0,0.0,0.0,0.0,0.0
15,0.054,9,360.25194243736104,"[['5' '10.685955256492068' 'present']
 ['0' '13.206253022900995' 'present']
 ['6' '29.770403295200367' 'present']
 ['23' '48.95046130223069' 'present']
 ['17' '64.98137224319377' 'marauded']
 ['18' '71.34269264897318' 'presentdestroyed']
 ['0' '72.47431697986201' 'presentdestroyed']
 ['10' '76.23242583064118' 'present']
 ['0' '79.98256954122238' 'present']
 ['0' '85.72286434967052' 'marauded']
 ['18' '86.99967356363743' 'presentdestroyed']
 ['20' '88.56873407476242' 'presentdestroyed']
 ['22' '92.86200720254325' 'destroyed']
 ['22' '106.84022288659094' 'present']
 ['13' '127.41499886146171' 'present']
 ['23' '130.37503375107727' 'marauded']
 ['20' '136.23334782205487' 'destroyed']
 ['18' '146.9919090375462' 'marauded']
 ['18' '167.8228244107234' 'marauded']
 ['18' '169.33161657894826' 'presentdestroyed']
 ['17' '181.52039808565587' 'marauded']
 ['0' '207.9835318242832' 'present']
 ['17' '229.067392406351' 'present']
 ['5' '241.2381926790208' 'present']
 ['0' '241.40080961688867' 'present']
 ['17' '242.96603409181083' 'marauded']
 ['17' '263.58795681636263' 'present']
 ['4' '269.09982201384105' 'present']
 ['5' '290.9552245605691' 'present']
 ['13' '297.5950411873019' 'present']
 ['10' '300.2152481212708' 'present']
 ['20' '310.5045727394731' 'present']
 ['10' '343.6669585994461' 'present']
 ['5' '344.51779741402646' 'marauded']
 ['0' '349.3057684411009' 'presentdestroyed']
 ['23' '351.30917189090695' 'presentdestroyed']
 ['0' '357.8650455136446' 'present']]","[['F22' '77.28061036360188' 'absent']
 ['F137' '89.48537308430942' 'destroyed']
 ['F163' '141.22387389680844' 'mated']
 ['F145' '146.3069416099467' 'absent']
 ['F155' '146.96576501227588' 'absent']
 ['F46' '166.5479169154398' 'mated']
 ['F101' '167.44748573810887' 'mated']
 ['F1' '177.86573993099393' 'mated']
 ['F207' '177.87057739185443' 'mated']
 ['F125' '194.4770719560369' 'mated']
 ['F18' '256.4024963567179' 'mated']
 ['F13' '282.26374314085507' 'mated']
 ['F6' '327.7053981536695' 'mated']
 ['F115' '333.3374217829116' 'absent']]",543.0,69.51007880653721,14.365118911245524,1410.0,239.27575880040217,51.11050492809987,295.0,49.49855759659364,10.620854408993203,13.0,1.3,0.13000000000000006,104.0,0.48148148148148223,0.002229080932784637
16,0.0,10,360.70512966546517,"[['15' '8.37221145261273' 'present']
 ['17' '11.357959017596526' 'marauded']
 ['20' '19.94243796154417' 'present']
 ['20' '43.70697808195922' 'present']
 ['0' '79.37416137629238' 'present']
 ['4' '112.0431905039898' 'present']
 ['18' '112.43522656103852' 'present']
 ['15' '122.63440829726048' 'present']
 ['5' '131.53390618413528' 'present']
 ['5' '134.7998236018101' 'present']
 ['18' '158.56548345734285' 'present']
 ['20' '165.42197784635746' 'present']
 ['17' '193.68470747562048' 'present']
 ['13' '199.929466298441' 'present']
 ['4' '207.38310745683265' 'marauded']
 ['6' '235.6347947004333' 'present']
 ['15' '267.10790586272344' 'present']
 ['18' '292.24431929985826' 'marauded']
 ['17' '329.08984458470394' 'present']
 ['23' '345.78795564796104' 'present']
 ['6' '347.028058743409' 'present']
 ['18' '358.31004016001884' 'marauded']]","[['F17' '16.24069879659294' 'destroyed']
 ['F38' '90.71554673543176' 'mated']
 ['F99' '139.6769610714472' 'mated']
 ['F136' '154.64700795473397' 'mated']
 ['F62' '174.82970483804607' 'mated']
 ['F67' '181.2893561475063' 'mated']
 ['F35' '187.23654374132676' 'absent']
 ['F197' '204.46254116851455' 'absent']
 ['F193' '211.9302460586607' 'destroyed']
 ['F31' '214.9227154582266' 'absentdestroyed']
 ['F29' '216.56498472253546' 'mated']
 ['F120' '223.0375010191962' 'absent']
 ['F77' '234.31552425191788' 'absent']
 ['F93' '239.31244939415538' 'mated']
 ['F88' '283.795222219604' 'mated']
 ['F91' '291.3357670241559' 'mated']
 ['F41' '305.64673780386215' 'mated']]",562.0,65.69866902844977,12.309988762882751,1604.0,274.70265428437,59.881590001386854,112.0,19.830688297693523,4.3910220270912665,0.0,0.0,0.0,0.0,0.0,0.0
17,0.054,10,360.36698976841956,"[['13' '7.9024410652750845' 'present']
 ['5' '9.900847712214278' 'present']
 ['0' '10.177165982413074' 'present']
 ['20' '15.999425960731825' 'present']
 ['23' '16.67681556744367' 'marauded']
 ['23' '26.907842860244116' 'present']
 ['10' '44.28158227802704' 'present']
 ['4' '44.55875231345057' 'present']
 ['4' '49.4608514964487' 'marauded']
 ['15' '49.526325437663715' 'destroyed']
 ['10' '61.41434022092421' 'present']
 ['4' '63.44882952609066' 'present']
 ['10' '64.52102854000836' 'present']
 ['13' '65.53286722510595' 'marauded']
 ['13' '73.35758881867129' 'present']
 ['0' '86.62134692872499' 'present']
 ['23' '91.38920691237668' 'present']
 ['20' '91.40269033171744' 'present']
 ['15' '106.08373734290826' 'present']
 ['4' '115.2779048870596' 'marauded']
 ['20' '121.64819147064638' 'destroyed']
 ['22' '133.04179597415057' 'present']
 ['0' '135.8820410452148' 'present']
 ['6' '142.48655640155752' 'present']
 ['4' '151.83439738036031' 'present']
 ['22' '153.50122257887097' 'marauded']
 ['23' '173.4434135235243' 'marauded']
 ['4' '176.3000404878476' 'presentdestroyed']
 ['6' '179.1595201913626' 'presentdestroyed']
 ['4' '197.6433356395034' 'present']
 ['20' '205.26475657297428' 'present']
 ['18' '211.26360456092226' 'marauded']
 ['10' '232.01098590677447' 'present']
 ['6' '240.59594551259542' 'present']
 ['18' '268.63689507962175' 'present']
 ['22' '276.60380112444204' 'present']
 ['23' '281.8318898632636' 'present']
 ['0' '283.2871199024743' 'present']
 ['10' '291.05703446519357' 'marauded']
 ['10' '293.3562610208558' 'presentdestroyed']
 ['4' '295.45576052001877' 'presentdestroyed']
 ['6' '302.87174443923516' 'present']
 ['0' '307.3351808700995' 'present']
 ['10' '310.37389324895605' 'present']
 ['5' '317.99306495602747' 'marauded']
 ['22' '322.53966962462044' 'presentdestroyed']
 ['15' '322.98428904020994' 'presentdestroyed']
 ['18' '329.2030774929267' 'present']
 ['4' '338.14802960191173' 'present']
 ['13' '341.30655966096054' 'present']
 ['20' '342.57338731699855' 'present']]","[['F158' '47.81825325837534' 'mated']
 ['F210' '83.74580890699993' 'mated']
 ['F209' '88.73928561702989' 'mated']
 ['F118' '168.81399836163064' 'mated']
 ['F181' '173.36827826332055' 'absent']
 ['F23' '185.26965580958478' 'absent']
 ['F176' '196.10071164704308' 'mated']
 ['F66' '198.30949564493812' 'mated']
 ['F120' '223.03981583401102' 'mated']
 ['F180' '247.04050039474825' 'mated']
 ['F208' '248.48270285867804' 'mated']
 ['F91' '291.3334522093411' 'destroyed']
 ['F56' '306.72157277894746' 'mated']]",569.0,68.83442561590503,14.425486108731205,1413.0,233.72810115289937,48.8706591870314,327.0,55.13138446042492,11.623031524619456,19.0,1.9000000000000006,0.1900000000000001,95.0,0.4398148148148154,0.002036179698216734
18,0.054,12,360.3701379901531,"[['20' '2.4663070302509684' 'present']
 ['22' '3.560028476884999' 'present']
 ['5' '5.163360634678345' 'present']
 ['20' '7.778799815607042' 'present']
 ['6' '22.519437953759304' 'marauded']
 ['17' '27.44622515647417' 'presentdestroyed']
 ['20' '42.04407788051866' 'present']
 ['22' '42.85750514552184' 'marauded']
 ['20' '45.26192789392899' 'presentdestroyed']
 ['13' '45.476011316277294' 'destroyed']
 ['23' '47.442707559583916' 'presentdestroyed']
 ['0' '49.73534564968344' 'destroyed']
 ['0' '56.92479827697596' 'present']
 ['5' '61.715304884218185' 'marauded']
 ['5' '68.1424424358085' 'presentdestroyed']
 ['22' '74.0690911913983' 'present']
 ['20' '75.84434001847936' 'present']
 ['20' '78.03454684058629' 'present']
 ['0' '86.62597655835461' 'present']
 ['4' '96.92606492414616' 'present']
 ['0' '97.63904234315557' 'marauded']
 ['20' '107.8624977228978' 'present']
 ['0' '111.68395196301599' 'present']
 ['20' '112.94334606110988' 'present']
 ['20' '135.8995208117889' 'present']
 ['4' '144.99906518641907' 'present']
 ['5' '174.230147016055' 'present']
 ['22' '175.52641442874113' 'present']
 ['4' '178.51737315222866' 'marauded']
 ['22' '179.7546441266995' 'destroyed']
 ['23' '200.8149141514014' 'present']
 ['22' '216.58408001102958' 'present']
 ['20' '218.71182788803858' 'marauded']
 ['22' '219.7800029001684' 'presentdestroyed']
 ['15' '223.0159467509142' 'presentdestroyed']
 ['10' '226.45433203199516' 'marauded']
 ['20' '233.9809704395105' 'presentdestroyed']
 ['23' '246.4664980798133' 'marauded']
 ['5' '255.76787357624207' 'present']
 ['4' '259.3921497296263' 'present']
 ['4' '267.0571020882693' 'present']
 ['0' '275.2271800260127' 'present']
 ['15' '276.06509573963723' 'present']
 ['23' '276.5156175734363' 'present']
 ['5' '279.8783091056363' 'present']
 ['5' '280.91649782247083' 'present']
 ['17' '281.6779411697348' 'present']
 ['15' '291.4990387334412' 'present']
 ['20' '295.62593946412886' 'marauded']
 ['17' '306.48950270061874' 'present']
 ['20' '309.5746855680154' 'present']
 ['0' '309.72170654035176' 'present']
 ['6' '332.39728618741464' 'marauded']
 ['20' '332.65571824096725' 'presentdestroyed']
 ['10' '336.4330684660839' 'presentdestroyed']
 ['23' '337.0086971406247' 'presentdestroyed']
 ['20' '345.4710193279799' 'present']
 ['5' '347.4568912718778' 'present']
 ['17' '357.3557313165734' 'present']]","[['F201' '4.823378543471971' 'mated']
 ['F17' '16.245328426222567' 'mated']
 ['F94' '31.627330560702124' 'mated']
 ['F22' '77.2852399932315' 'absent']
 ['F116' '111.60667798799768' 'mated']
 ['F112' '116.61601766332319' 'mated']
 ['F188' '117.93627244960278' 'mated']
 ['F173' '121.54555724666267' 'mated']
 ['F155' '146.96345019746107' 'absent']
 ['F110' '178.64666425341457' 'absentdestroyed']
 ['F23' '185.2719706243996' 'destroyed']
 ['F151' '211.74235270157746' 'absent']
 ['F198' '242.56870693380358' 'mated']
 ['F141' '242.6910284580412' 'mated']
 ['F185' '273.9239276829075' 'mated']
 ['F166' '274.09068507189744' 'mated']
 ['F57' '310.30568254204087' 'mated']]",579.0,68.01896868122094,13.205280448026045,1365.0,228.9146523192486,48.86408660752099,362.0,60.7386391090284,13.077027674879986,21.0,2.1000000000000005,0.21000000000000013,72.0,0.3333333333333334,0.0015432098765432085
19,0.0,8,360.03662301954284,"[['15' '1.375197179463353' 'present']
 ['0' '2.0657733108539054' 'present']
 ['23' '2.947725325895783' 'present']
 ['6' '6.0758127814326786' 'present']
 ['17' '7.959662693385658' 'present']
 ['6' '38.26937548522569' 'present']
 ['22' '43.788347411619114' 'present']
 ['6' '46.224819664578774' 'present']
 ['23' '53.10054321095046' 'present']
 ['20' '62.22184201978742' 'present']
 ['5' '63.38939530510405' 'marauded']
 ['0' '76.84578990534979' 'present']
 ['6' '80.13444432210524' 'present']
 ['0' '134.21343617089587' 'present']
 ['6' '147.81905649457983' 'present']
 ['0' '148.07203218669304' 'present']
 ['13' '177.24829137423754' 'marauded']
 ['23' '187.48927314045025' 'present']
 ['20' '209.73994607229164' 'present']
 ['22' '209.84704799212625' 'present']
 ['15' '240.90059019433846' 'marauded']
 ['10' '252.18144113173048' 'present']
 ['15' '254.9961858141211' 'present']
 ['6' '255.05250942034982' 'marauded']
 ['6' '258.3311219796434' 'destroyed']
 ['13' '276.35037314334414' 'present']
 ['20' '278.3398680425014' 'present']
 ['17' '288.6331008184971' 'present']
 ['0' '298.0949194172895' 'marauded']
 ['22' '305.6982012812089' 'present']
 ['4' '309.3982901508447' 'present']
 ['4' '317.85851450984785' 'present']
 ['0' '326.75075792206235' 'present']
 ['10' '334.64377023085797' 'present']
 ['4' '355.41141370722147' 'present']
 ['13' '356.686227436344' 'present']]","[['F14' '68.67142711776225' 'destroyed']
 ['F196' '96.67024898353796' 'mated']
 ['F124' '125.63366120147384' 'mated']
 ['F89' '126.80834053349258' 'mated']
 ['F84' '148.49189470307888' 'absent']
 ['F114' '167.27868363160457' 'mated']
 ['F40' '235.29215552466994' 'mated']
 ['F109' '244.1175170477531' 'absentdestroyed']
 ['F86' '264.7376761002458' 'mated']
 ['F190' '273.53671923018743' 'mated']
 ['F12' '280.3758084503324' 'mated']
 ['F47' '294.7819781910336' 'absent']
 ['F100' '304.617637873399' 'destroyed']]",576.0,70.64936305409053,14.637494377891992,1524.0,259.01690349060976,55.949044463251596,185.0,30.43621967277108,6.233224458345699,0.0,0.0,0.0,0.0,0.0,0.0
20,0.054,9,360.1728504431565,"[['15' '2.4923431536528744' 'present']
 ['15' '5.160805862028763' 'present']
 ['22' '10.973548432542351' 'present']
 ['23' '44.53721780168092' 'present']
 ['22' '76.2212122141495' 'present']
 ['23' '81.9177885026751' 'present']
 ['0' '92.63800123033909' 'present']
 ['22' '93.66485937955613' 'present']
 ['15' '95.78011799428681' 'present']
 ['0' '107.8769570679055' 'present']
 ['0' '145.81619050685475' 'present']
 ['15' '157.15640149858942' 'marauded']
 ['6' '163.93434871169117' 'presentdestroyed']
 ['13' '167.66727370251306' 'present']
 ['18' '169.66138602723862' 'marauded']
 ['23' '185.29813739402883' 'present']
 ['0' '196.3329725936409' 'present']
 ['6' '197.3006702557645' 'present']
 ['22' '226.66768728309953' 'present']
 ['23' '234.9066766079265' 'present']
 ['17' '239.57868290437534' 'present']
 ['10' '253.4505419454157' 'marauded']
 ['18' '261.098504381497' 'marauded']
 ['5' '263.11065537586825' 'destroyed']
 ['15' '263.92207435370756' 'destroyed']
 ['17' '281.01596332702707' 'present']
 ['0' '282.3891473039999' 'present']
 ['18' '289.6533693064636' 'present']
 ['22' '297.4407756086946' 'present']
 ['4' '300.7574996913302' 'present']
 ['5' '314.53200542960894' 'present']
 ['0' '336.16987007458073' 'present']
 ['23' '348.3005802657016' 'present']]","[['F8' '48.99471570067662' 'mated']
 ['F106' '62.44936494475312' 'mated']
 ['F14' '68.66911230294744' 'absent']
 ['F122' '96.83860959947631' 'mated']
 ['F186' '110.3955199080286' 'mated']
 ['F74' '123.32732412057283' 'absent']
 ['F140' '166.03807069203827' 'mated']
 ['F101' '167.44285610847925' 'absent']
 ['F121' '184.4231883111397' 'mated']
 ['F195' '184.86557199185344' 'absent']
 ['F103' '208.6080639108434' 'mated']
 ['F63' '226.6351403284642' 'mated']
 ['F167' '309.8942525750265' 'mated']]",566.0,68.48659013256776,13.494796388967254,1597.0,264.91321093879554,56.17246194403558,140.0,24.71328477373634,5.366146328752507,16.0,1.6000000000000003,0.1600000000000001,98.0,0.45370370370370433,0.0021004801097393683
21,0.0,12,360.5070804010122,"[['15' '0.12805766807716923' 'present']
 ['17' '0.13808879542742536' 'present']
 ['20' '11.980353615128763' 'present']
 ['4' '13.46033765100413' 'present']
 ['17' '14.803187783437268' 'present']
 ['20' '17.961331863689896' 'marauded']
 ['0' '26.498456897947072' 'marauded']
 ['17' '41.144652163384876' 'present']
 ['15' '53.90975640842402' 'present']
 ['15' '61.86500558916031' 'present']
 ['17' '65.40288366740367' 'present']
 ['15' '80.60770369904495' 'present']
 ['22' '100.56507051066342' 'marauded']
 ['15' '102.95896725537445' 'presentdestroyed']
 ['5' '103.4045550817545' 'presentdestroyed']
 ['15' '114.54178620287541' 'present']
 ['10' '119.6765893210112' 'marauded']
 ['5' '126.18862508518592' 'destroyed']
 ['4' '134.00933283769118' 'present']
 ['18' '146.8872794079166' 'marauded']
 ['22' '151.51816435243057' 'presentdestroyed']
 ['6' '167.0709838552799' 'marauded']
 ['17' '167.1120732896581' 'destroyed']
 ['4' '188.55223513370413' 'marauded']
 ['23' '189.56088381339785' 'presentdestroyed']
 ['5' '208.46047753639326' 'marauded']
 ['15' '209.69709211098166' 'presentdestroyed']
 ['20' '209.81614096482704' 'destroyed']
 ['4' '212.7695945997322' 'presentdestroyed']
 ['20' '219.83689244741373' 'marauded']
 ['15' '235.79144368830808' 'present']
 ['17' '240.37353476081623' 'present']
 ['23' '243.09418744593034' 'present']
 ['22' '244.5957623400209' 'present']
 ['5' '249.86838519013364' 'marauded']
 ['13' '258.9702533359782' 'present']
 ['4' '265.4408651626937' 'present']
 ['15' '269.83289578605024' 'marauded']
 ['13' '270.6530708694033' 'presentdestroyed']
 ['6' '309.7626638598499' 'present']
 ['17' '310.77576974772836' 'present']
 ['20' '321.10670424917254' 'present']
 ['20' '322.65889338349774' 'present']
 ['18' '324.71072449948196' 'present']
 ['17' '344.5174335685224' 'marauded']
 ['10' '352.5990384388584' 'present']
 ['10' '352.81007771745914' 'present']
 ['20' '358.6471344058083' 'present']]","[['F117' '61.44893709124792' 'mated']
 ['F14' '68.67605674739187' 'mated']
 ['F137' '89.48768789912423' 'mated']
 ['F76' '109.44116603028957' 'mated']
 ['F96' '136.28313910320264' 'mated']
 ['F51' '155.55102873744497' 'mated']
 ['F79' '186.85552189810267' 'mated']
 ['F64' '207.459125927394' 'mated']
 ['F83' '225.43737757891014' 'absentdestroyed']
 ['F25' '265.4698570319894' 'mated']
 ['F52' '277.02518795788853' 'destroyed']
 ['F205' '281.3527318780339' 'mated']
 ['F26' '282.16600304604765' 'mated']
 ['F115' '333.34205141254125' 'mated']]",561.0,73.8132219735406,16.51631148635048,1293.0,213.0045789999605,45.29870450329341,430.0,73.23467518049502,15.71844588670777,0.0,0.0,0.0,0.0,0.0,0.0
22,0.054,7,360.16239148887917,"[['20' '3.0620020759958897' 'present']
 ['5' '11.39399908213736' 'present']
 ['6' '15.2530291963809' 'present']
 ['18' '55.103327098146025' 'marauded']
 ['5' '59.3023221395845' 'destroyed']
 ['10' '61.04601915089285' 'presentdestroyed']
 ['0' '69.2239755130551' 'present']
 ['6' '69.91663055167771' 'present']
 ['20' '79.08833092279288' 'present']
 ['15' '79.50064890128267' 'marauded']
 ['10' '83.38781325052439' 'presentdestroyed']
 ['18' '88.69888004965644' 'present']
 ['23' '103.60162008271746' 'present']
 ['15' '104.50667963441255' 'present']
 ['13' '111.95723789614026' 'present']
 ['0' '133.432640064556' 'present']
 ['0' '167.48069841487919' 'present']
 ['17' '189.7197988440789' 'marauded']
 ['0' '192.11585529558903' 'destroyed']
 ['6' '223.19497533371566' 'present']
 ['17' '223.54731130625908' 'present']
 ['6' '225.15237509018655' 'present']
 ['6' '241.67160120389815' 'present']
 ['13' '257.9125315470651' 'present']
 ['13' '259.3773293822886' 'present']
 ['20' '278.1831651239613' 'present']
 ['10' '285.92699131013336' 'present']
 ['17' '309.6703034165666' 'present']
 ['20' '315.2697111122428' 'present']
 ['20' '321.3030612024519' 'present']
 ['20' '322.6635230131274' 'present']
 ['23' '337.004067510995' 'present']
 ['18' '346.75245199135674' 'marauded']
 ['10' '347.6619032375785' 'presentdestroyed']
 ['6' '351.54131609092207' 'presentdestroyed']]","[['F60' '101.28610947964636' 'mated']
 ['F74' '123.32963893538764' 'absent']
 ['F161' '193.1301322186369' 'destroyed']
 ['F197' '204.46485598332936' 'mated']
 ['F31' '214.92503027304141' 'mated']
 ['F131' '248.59603642316708' 'mated']
 ['F194' '250.66319106087812' 'absent']
 ['F25' '265.46522740235974' 'absent']
 ['F52' '277.0275027727034' 'absent']
 ['F203' '313.0802624276882' 'mated']
 ['F138' '315.8727467407161' 'mated']
 ['F148' '332.8853766747839' 'mated']]",565.0,69.99635072198768,15.235035462658749,1583.0,264.7169796836258,56.28460628594836,147.0,24.5377506046711,5.08851281981903,6.0,0.6,0.06000000000000001,77.0,0.3564814814814817,0.0016503772290809313
23,0.054,13,360.6519726418572,"[['5' '0.8625844628271011' 'present']
 ['18' '7.385272295851453' 'present']
 ['17' '8.205141296495812' 'present']
 ['10' '25.509977616792764' 'present']
 ['15' '42.04298127181011' 'present']
 ['0' '70.56943642344788' 'present']
 ['5' '100.04127528213807' 'present']
 ['15' '109.93639518508158' 'present']
 ['13' '112.73400696266404' 'present']
 ['5' '115.81218268566928' 'present']
 ['15' '126.70853967350251' 'present']
 ['0' '129.3428604620025' 'present']
 ['15' '129.77948303689539' 'present']
 ['18' '146.6851728898577' 'present']
 ['4' '152.20759765622745' 'present']
 ['10' '163.00622648777286' 'marauded']
 ['22' '175.4746352657249' 'present']
 ['13' '183.68107103810848' 'present']
 ['17' '191.74664955461017' 'marauded']
 ['20' '199.5001467844668' 'present']
 ['20' '209.48584562340545' 'present']
 ['0' '219.61805758624706' 'present']
 ['5' '223.3418027271285' 'present']
 ['13' '237.9044929787761' 'present']
 ['0' '241.73580169745472' 'present']
 ['6' '244.79100275791336' 'present']
 ['15' '271.6729159997423' 'present']
 ['5' '281.20997668242154' 'present']
 ['15' '283.1933543313534' 'marauded']
 ['6' '287.6295286904104' 'presentdestroyed']
 ['15' '295.417628965118' 'present']
 ['10' '301.23101464854534' 'marauded']
 ['17' '307.26070722423157' 'presentdestroyed']
 ['20' '308.389722612228' 'present']
 ['20' '310.02063128052043' 'present']
 ['6' '316.45462498621816' 'marauded']
 ['20' '317.46238553803437' 'presentdestroyed']
 ['18' '340.90705359376136' 'present']]","[['F10' '149.63985259461094' 'mated']
 ['F28' '151.87107633418245' 'mated']
 ['F101' '167.44517092329406' 'destroyed']
 ['F110' '178.64434943859976' 'absent']
 ['F107' '180.64583297862706' 'mated']
 ['F178' '185.13523215005293' 'mated']
 ['F23' '185.2742854392144' 'mated']
 ['F73' '205.4114930959865' 'mated']
 ['F34' '219.44160651671928' 'mated']
 ['F97' '243.07302198940607' 'mated']
 ['F98' '244.7451064518771' 'mated']
 ['F53' '293.2609367728267' 'mated']
 ['F144' '299.5459821084587' 'absent']
 ['F45' '310.4271576589728' 'mated']
 ['F174' '343.29855604877963' 'absent']
 ['F172' '350.73819088256033' 'mated']
 ['F37' '359.64685121449537' 'mated']]",559.0,75.84438060710873,17.039836712922252,1487.0,251.75801492473227,54.43435570011557,168.0,30.800800886369615,6.930715680358415,12.0,1.2,0.12000000000000005,87.0,0.4027777777777782,0.0018647119341563768
