id,probability_maraud,successful_mating,next_foraging_time,mar_attempts,mate_attempts,foraging_events,foraging_hrs,foraging_sqhrs,staying_events,staying_hrs,staying_sqhrs,repairing_events,repairing_hrs,repairing_sqhrs,marauding_events,marauding_hrs,marauding_sqhrs,traveling_events,traveling_hrs,traveling_sqhrs
0,0.0,9,360.12367164111134,"[['6' '1.3521921055562485' 'present']
 ['6' '1.804215019253076' 'marauded']
 ['20' '6.330420981047866' 'presentdestroyed']
 ['14' '31.832794023191084' 'present']
 ['16' '35.959736837906526' 'present']
 ['22' '42.81279699280768' 'present']
 ['4' '61.36998090672058' 'present']
 ['22' '92.99763720565652' 'present']
 ['4' '93.02972419647939' 'present']
 ['22' '100.25908786420912' 'present']
 ['21' '129.45549861570967' 'present']
 ['14' '132.20539666603605' 'present']
 ['21' '132.5226191315391' 'marauded']
 ['6' '164.88183273442476' 'present']
 ['5' '166.64129210461365' 'present']
 ['15' '194.2833219925102' 'marauded']
 ['16' '196.24248077389296' 'destroyed']
 ['22' '200.4449801158433' 'destroyed']
 ['9' '216.63413400565432' 'present']
 ['6' '217.08815402808736' 'marauded']
 ['20' '226.39656345772363' 'present']
 ['11' '229.09732917682422' 'present']
 ['9' '259.3246637370424' 'present']
 ['22' '268.6297753032056' 'present']
 ['9' '279.03077748933435' 'present']
 ['9' '279.25213910953045' 'present']
 ['14' '280.98487183162536' 'present']
 ['9' '286.0927282781706' 'present']
 ['14' '287.5000020177574' 'marauded']
 ['11' '297.4242212389844' 'present']
 ['22' '325.3342153144248' 'present']
 ['6' '336.4225030857668' 'present']
 ['14' '346.5904547565796' 'present']]","[['F198' '48.31802774527663' 'mated']
 ['F147' '72.22964326847286' 'mated']
 ['F117' '89.93182602418398' 'mated']
 ['F133' '93.92116353991374' 'mated']
 ['F116' '98.39951814941367' 'absent']
 ['F215' '139.1934857286324' 'destroyed']
 ['F23' '221.2896984341115' 'absentdestroyed']
 ['F59' '223.85829377660153' 'destroyed']
 ['F110' '256.52597091413935' 'mated']
 ['F92' '267.9931646672409' 'mated']
 ['F130' '273.3539047163761' 'mated']
 ['F22' '287.4082167747061' 'mated']
 ['F119' '326.26095208047917' 'absent']
 ['F6' '334.0405517011918' 'mated']]",585.0,73.04064442787625,15.29299940633883,1523.0,256.4430378112561,54.85641276163972,172.0,30.65239507913856,6.712274053303417,0.0,0.0,0.0,0.0,0.0,0.0
1,0.0,6,360.0274099317332,"[['21' '4.095038041773876' 'present']
 ['16' '11.366579170350487' 'present']
 ['11' '11.534937734898001' 'present']
 ['5' '11.600561543404561' 'present']
 ['14' '16.078390721638' 'present']
 ['4' '23.143941010647033' 'present']
 ['11' '44.36940990576252' 'marauded']
 ['11' '55.0738654552019' 'marauded']
 ['11' '69.39549048762744' 'marauded']
 ['22' '79.8944407710739' 'present']
 ['22' '82.98887065145682' 'present']
 ['14' '98.32211690585345' 'present']
 ['6' '101.57836114244054' 'present']
 ['22' '114.98431283796677' 'present']
 ['22' '126.97972840438204' 'present']
 ['11' '129.47289408637124' 'present']
 ['21' '137.18829990489755' 'present']
 ['5' '143.4562062961075' 'present']
 ['14' '149.5279292631621' 'present']
 ['21' '151.04950604266796' 'marauded']
 ['15' '153.7274342593139' 'presentdestroyed']
 ['4' '155.66465987028974' 'destroyed']
 ['14' '188.32421111111415' 'present']
 ['16' '192.290362245318' 'present']
 ['16' '195.94288598949643' 'present']
 ['5' '201.48722568965155' 'present']
 ['5' '243.29838149054245' 'present']
 ['6' '244.398220234358' 'marauded']
 ['20' '251.1281545178785' 'destroyed']
 ['15' '255.01349163534192' 'present']
 ['22' '270.1969522168121' 'present']
 ['21' '270.94855349003143' 'present']
 ['14' '284.9887938076886' 'present']
 ['11' '291.2324382402913' 'present']
 ['3' '301.01331849244633' 'present']
 ['4' '313.97176872148344' 'present']
 ['3' '316.90324978959626' 'present']
 ['3' '326.00642913343523' 'present']
 ['21' '330.08123184389126' 'present']
 ['11' '339.9648360016126' 'present']
 ['22' '348.966670580296' 'present']
 ['22' '356.3929283294486' 'present']]","[['F188' '38.86641061506661' 'absent']
 ['F147' '72.22732845365805' 'destroyed']
 ['F104' '87.87995298364113' 'absent']
 ['F200' '129.97914103049214' 'absent']
 ['F163' '135.8639878661147' 'absent']
 ['F185' '147.95078223710695' 'mated']
 ['F57' '154.87110524119004' 'destroyed']
 ['F140' '169.42275225561238' 'mated']
 ['F45' '176.99379556972366' 'mated']
 ['F159' '246.3533512970089' 'destroyed']
 ['F109' '252.64712150444308' 'mated']
 ['F199' '278.5118944082578' 'mated']
 ['F42' '295.74595728833486' 'mated']]",565.0,68.660736227986,13.631664208137462,1560.0,260.7251764762978,55.57509172631622,185.0,30.734304183398997,6.379795430082375,0.0,0.0,0.0,0.0,0.0,0.0
2,0.0,6,360.526753892194,"[['14' '11.895132129917538' 'present']
 ['21' '25.04219704394199' 'present']
 ['20' '28.077322746143704' 'marauded']
 ['4' '32.89049858118816' 'presentdestroyed']
 ['11' '35.153996949198124' 'presentdestroyed']
 ['11' '36.34743993866334' 'present']
 ['9' '43.75540432173143' 'marauded']
 ['11' '45.61311863085121' 'presentdestroyed']
 ['6' '50.86789531817332' 'presentdestroyed']
 ['11' '54.31532935381224' 'present']
 ['4' '61.379240165979844' 'present']
 ['22' '61.615624425746375' 'present']
 ['3' '66.6769079107118' 'present']
 ['4' '66.94461559558826' 'present']
 ['11' '82.18091240896135' 'present']
 ['16' '89.8107679933302' 'present']
 ['20' '103.76966572624738' 'present']
 ['20' '106.3098710747693' 'present']
 ['3' '108.08302286284865' 'present']
 ['11' '121.45797761360764' 'marauded']
 ['16' '122.29047601348259' 'presentdestroyed']
 ['9' '139.97462145738714' 'present']
 ['15' '141.9191753164496' 'present']
 ['20' '149.24103727176666' 'present']
 ['3' '153.32433419763487' 'present']
 ['14' '160.73160746076812' 'present']
 ['9' '167.23202753934137' 'present']
 ['21' '174.52859923038466' 'present']
 ['16' '184.55464482009808' 'present']
 ['3' '187.60527420710014' 'present']
 ['21' '187.82245201218137' 'present']
 ['11' '190.71062452032706' 'present']
 ['22' '211.70574805177984' 'present']
 ['9' '225.1484399471041' 'present']
 ['14' '229.02923133455153' 'present']
 ['15' '234.04326363246483' 'present']
 ['22' '237.77335552860896' 'present']
 ['16' '240.04604349717096' 'present']
 ['11' '249.4718762726644' 'marauded']
 ['20' '259.02374829026496' 'present']
 ['15' '269.39780824717656' 'present']
 ['5' '271.59238147774965' 'present']
 ['15' '272.1898456797141' 'present']
 ['3' '286.5005475935969' 'present']
 ['22' '289.4665083773032' 'present']
 ['16' '295.56170741120707' 'present']
 ['5' '299.50899236123286' 'present']
 ['3' '302.2583741809184' 'marauded']
 ['21' '319.0902478631322' 'present']
 ['3' '334.23364574992945' 'marauded']
 ['5' '350.6342756768806' 'present']
 ['6' '353.69141409969154' 'present']
 ['6' '356.8631673038376' 'present']]","[['F56' '9.386400840499965' 'mated']
 ['F21' '39.22783936459227' 'absent']
 ['F210' '110.78804165505076' 'mated']
 ['F125' '135.75739143703692' 'mated']
 ['F107' '190.70869766097337' 'mated']
 ['F23' '221.2920132489263' 'mated']
 ['F86' '295.4958462399392' 'mated']
 ['F187' '309.3804514469169' 'destroyed']]",571.0,69.42340274617345,13.413792020473117,1506.0,254.31105056726588,54.43143640580288,207.0,36.3169321925543,7.487835044734859,0.0,0.0,0.0,0.0,0.0,0.0
3,0.054,11,360.0259599701423,"[['6' '18.30403952646506' 'present']
 ['5' '27.41876459431759' 'marauded']
 ['21' '27.988387076752417' 'presentdestroyed']
 ['15' '31.567276682008327' 'presentdestroyed']
 ['6' '38.549939648999754' 'present']
 ['15' '43.571550977622195' 'present']
 ['21' '48.02598201626393' 'present']
 ['16' '74.0374659266455' 'present']
 ['5' '82.87559631131718' 'marauded']
 ['22' '92.07923755615404' 'present']
 ['11' '97.12067167837861' 'present']
 ['6' '108.01003063127925' 'present']
 ['14' '113.05462540330309' 'present']
 ['6' '117.76222936043725' 'present']
 ['20' '124.99454520069189' 'present']
 ['6' '126.49498400700055' 'marauded']
 ['21' '135.48552513969753' 'present']
 ['21' '140.00157470140653' 'present']
 ['4' '141.0842751522157' 'present']
 ['21' '144.76400970650332' 'present']
 ['14' '159.47059140742533' 'present']
 ['9' '160.97532187843277' 'marauded']
 ['20' '187.6294767748912' 'present']
 ['5' '190.57373799027462' 'marauded']
 ['20' '201.7371748195277' 'present']
 ['14' '202.9306997608661' 'present']
 ['11' '209.6541492326222' 'present']
 ['15' '226.1136445209537' 'present']
 ['11' '228.03761485341562' 'present']
 ['22' '242.50076004680506' 'marauded']
 ['9' '277.2843577478116' 'present']
 ['5' '323.2148834747598' 'present']]","[['F17' '55.86689364608151' 'mated']
 ['F14' '90.52354842033552' '']
 ['F143' '121.03934653160906' 'mated']
 ['F5' '122.23728389280416' 'mated']
 ['F77' '156.0347130155552' 'mated']
 ['F161' '159.45792821994831' 'mated']
 ['F179' '167.7646894708498' 'destroyed']
 ['F13' '171.772756619487' 'mated']
 ['F25' '189.4403472174624' 'mated']
 ['F24' '204.0530801271079' 'absent']
 ['F212' '214.48872128704068' 'mated']
 ['F132' '240.65961264610982' 'mated']
 ['F131' '262.17511358585796' 'mated']
 ['F186' '270.5716493998535' 'mated']]",565.0,70.38623749807888,14.603751448959974,1489.0,251.84776868890174,54.67610085170189,211.0,36.59890410763366,8.381799410442259,10.0,0.9999999999999999,0.10000000000000003,64.0,0.2962962962962962,0.001371742112482852
4,0.054,8,360.4192593447901,"[['22' '2.1087447529051957' 'marauded']
 ['20' '10.232986664254458' 'present']
 ['9' '14.383581325370686' 'marauded']
 ['21' '28.446659990535647' 'present']
 ['16' '37.29492329157514' 'present']
 ['9' '53.816035913497714' 'present']
 ['14' '58.382788288883525' 'present']
 ['15' '79.7691529410705' 'present']
 ['16' '80.39837712399932' 'present']
 ['20' '98.55701751816581' 'present']
 ['9' '109.87861433920499' 'present']
 ['15' '116.62146657451778' 'present']
 ['16' '124.26665787507117' 'present']
 ['14' '127.06878858628627' 'present']
 ['20' '136.20980546262658' 'present']
 ['20' '139.59854133795142' 'present']
 ['20' '143.06489460464056' 'marauded']
 ['21' '147.26857108508685' 'destroyed']
 ['6' '165.76445354517378' 'present']
 ['15' '171.29750135773736' 'present']
 ['21' '180.8931068417572' 'marauded']
 ['9' '185.18731222034504' 'presentdestroyed']
 ['5' '191.77259805691344' 'present']
 ['22' '205.06774527971635' 'present']
 ['20' '224.82823720609616' 'present']
 ['15' '230.83662002328572' 'present']
 ['3' '239.89764529012638' 'present']
 ['22' '252.82205610378986' 'marauded']
 ['20' '257.07788956329904' 'presentdestroyed']
 ['22' '266.3602117788828' 'marauded']
 ['11' '266.74701518946097' 'presentdestroyed']
 ['16' '280.6744625251338' 'marauded']
 ['20' '289.85782398843946' 'marauded']
 ['5' '298.8204063502591' 'present']
 ['6' '299.2911598726341' 'present']
 ['21' '300.3940604385572' 'present']
 ['9' '314.7715260602584' 'present']
 ['15' '315.83437550992227' 'marauded']
 ['14' '322.32007588449494' 'presentdestroyed']
 ['22' '323.9194563581724' 'present']
 ['20' '345.6534358764736' 'present']
 ['14' '349.582178269012' 'marauded']
 ['5' '349.7109113150421' 'presentdestroyed']]","[['F201' '84.73883732542457' 'mated']
 ['F104' '87.88689742808556' 'mated']
 ['F83' '136.2022329816883' 'mated']
 ['F44' '142.76029626575294' 'mated']
 ['F13' '171.7704418046722' 'absent']
 ['F189' '196.80039473223505' 'absent']
 ['F175' '205.85998785107526' 'mated']
 ['F137' '228.2987780950712' 'mated']
 ['F7' '257.6560698202699' 'destroyed']
 ['F187' '309.38508107654656' 'mated']
 ['F190' '326.18223640782' 'mated']]",577.0,68.47732338368061,13.581272175352428,1351.0,229.48299536576607,49.241341281500574,358.0,61.17683654176763,13.415539233760194,8.0,0.7999999999999999,0.08000000000000002,59.0,0.273148148148148,0.0012645747599451293
5,0.054,10,360.6944414855371,"[['21' '5.079397895792734' 'present']
 ['11' '11.682877861604362' 'present']
 ['6' '15.208592996428546' 'marauded']
 ['9' '16.450909886602492' 'destroyed']
 ['15' '22.026661502795726' 'presentdestroyed']
 ['9' '38.22041716323731' 'marauded']
 ['6' '40.178103635715836' 'presentdestroyed']
 ['20' '49.325158943948246' 'present']
 ['15' '53.4126989750433' 'marauded']
 ['14' '62.344701255319976' 'present']
 ['11' '62.48262747955906' 'present']
 ['15' '65.23106450318289' 'marauded']
 ['3' '91.9311496640371' 'present']
 ['14' '94.84684488930196' 'present']
 ['3' '102.76977403385212' 'present']
 ['15' '104.26064447629238' 'present']
 ['14' '106.62667426929352' 'present']
 ['22' '110.43651353853747' 'present']
 ['6' '111.80407174470228' 'marauded']
 ['6' '119.86447623224608' 'present']
 ['21' '123.75180548322918' 'present']
 ['6' '158.9490654302729' 'marauded']
 ['6' '164.87720310479514' 'presentdestroyed']
 ['20' '167.37615045700883' 'present']
 ['22' '174.45229030146268' 'present']
 ['15' '181.74942209047728' 'present']
 ['9' '189.5966281565601' 'present']
 ['16' '189.67018657978838' 'present']
 ['22' '191.27537354923575' 'present']
 ['11' '197.35825092463213' 'present']
 ['6' '200.9285037346038' 'present']
 ['21' '205.6610823621618' 'present']
 ['14' '205.7197051417691' 'present']
 ['21' '208.14693591269867' 'marauded']
 ['16' '217.9772529107193' 'present']
 ['11' '221.05882210510293' 'present']
 ['9' '221.08415536127083' 'present']
 ['4' '237.12627459276237' 'present']
 ['9' '249.4659587854587' 'present']
 ['15' '249.64506846309862' 'present']
 ['14' '254.56927143245883' 'present']
 ['11' '256.51220961625097' 'present']
 ['22' '273.65358546655654' 'present']
 ['15' '281.6164202324494' 'present']
 ['20' '286.04200170509563' 'present']
 ['9' '304.12398023179037' 'marauded']
 ['14' '311.5859449334226' 'destroyed']
 ['3' '315.21909569400606' 'present']
 ['6' '336.4178734561371' 'present']
 ['4' '349.0159823846634' 'present']
 ['3' '352.673485834727' 'present']
 ['21' '357.3977827151706' 'marauded']]","[['F21' '39.225524549777454' 'destroyed']
 ['F200' '129.97682621567733' 'absent']
 ['F53' '153.57373167202215' 'mated']
 ['F150' '181.91922464153694' 'mated']
 ['F206' '189.6155651403181' 'mated']
 ['F156' '190.0792324843003' 'mated']
 ['F59' '223.86060859141634' 'mated']
 ['F37' '242.8373320628531' 'mated']
 ['F98' '248.66555579737994' 'mated']
 ['F94' '253.46966472917595' 'absent']
 ['F208' '267.9259406138322' 'absent']
 ['F181' '328.71344029923506' 'mated']
 ['F1' '345.0742040563474' 'mated']
 ['F69' '356.8134584783988' 'mated']]",565.0,69.17282684937396,13.731137310611716,1365.0,238.29431128267635,52.11730103096266,314.0,51.27299463062156,10.867073262727212,11.0,1.0999999999999999,0.11000000000000004,83.0,0.3842592592592596,0.0017789780521261986
6,0.054,11,360.1833777162011,"[['21' '8.902891581615217' 'present']
 ['4' '35.05636817832394' 'present']
 ['15' '38.325529695015305' 'present']
 ['4' '41.610784207014454' 'marauded']
 ['15' '44.286234590563325' 'presentdestroyed']
 ['20' '75.29400579586154' 'present']
 ['9' '90.79476296292933' 'present']
 ['4' '107.89524690248817' 'present']
 ['22' '110.23246913970196' 'present']
 ['5' '122.30504720989869' 'present']
 ['14' '130.37999172869004' 'present']
 ['22' '153.69557796226317' 'present']
 ['9' '176.45668897333053' 'present']
 ['5' '176.54129997309562' 'present']
 ['9' '179.26250049945958' 'present']
 ['16' '180.89349876216838' 'marauded']
 ['22' '185.51830677494175' 'presentdestroyed']
 ['14' '188.31958148148453' 'present']
 ['16' '190.06386295318316' 'marauded']
 ['15' '201.50234570818827' 'marauded']
 ['22' '216.48784570598303' 'present']
 ['20' '219.79995869041818' 'marauded']
 ['16' '228.494738530073' 'marauded']
 ['15' '238.7192451099196' 'present']
 ['11' '242.86911850487132' 'present']
 ['5' '244.82274584872255' 'marauded']
 ['16' '245.5112440825898' 'destroyed']
 ['14' '251.3500385462782' 'presentdestroyed']
 ['14' '257.58855289126944' 'present']
 ['9' '273.55971947581133' 'present']
 ['4' '276.08394776496647' 'present']
 ['21' '286.9094693877979' 'present']
 ['16' '306.37203630217766' 'present']
 ['16' '341.42283892442447' 'present']
 ['20' '347.3382005384877' 'present']
 ['21' '356.6861852280887' 'present']]","[['F43' '27.43182626169349' 'mated']
 ['F173' '40.12801363280938' 'mated']
 ['F52' '74.67757046157735' 'mated']
 ['F207' '100.84714449320546' 'mated']
 ['F39' '102.74967274928831' 'absent']
 ['F60' '103.46117786094152' 'mated']
 ['F55' '115.1260121327133' 'absent']
 ['F29' '126.27551503121367' 'absent']
 ['F179' '167.7670042856646' 'mated']
 ['F12' '170.5342730022771' 'mated']
 ['F35' '227.68648528064116' 'absent']
 ['F7' '257.65838463508476' 'mated']
 ['F145' '263.53476122724277' 'mated']
 ['F186' '270.5693345850387' 'absent']
 ['F180' '320.70509634220906' 'mated']
 ['F128' '350.92403177642433' 'mated']]",582.0,72.45063330687857,14.655443308696753,1428.0,243.1181892139257,51.78589417448542,254.0,42.58941236621809,9.207122141592372,16.0,1.6000000000000003,0.1600000000000001,97.0,0.4490740740740747,0.0020790466392318235
7,0.0,9,360.5450662405564,"[['9' '1.544792942585328' 'present']
 ['6' '28.636080572442303' 'present']
 ['5' '31.194440571248883' 'present']
 ['14' '49.924453213766334' 'present']
 ['20' '57.74458731322241' 'present']
 ['6' '83.39070033324899' 'marauded']
 ['5' '83.59693984404747' 'presentdestroyed']
 ['11' '86.51658899754841' 'presentdestroyed']
 ['14' '95.75807181977007' 'present']
 ['11' '123.08941104734879' 'present']
 ['16' '137.14234068830933' 'present']
 ['6' '159.0536950599025' 'present']
 ['14' '159.61082012436927' 'marauded']
 ['5' '166.63666247498404' 'presentdestroyed']
 ['14' '170.53640004922684' 'present']
 ['4' '176.4236728723105' 'present']
 ['16' '180.83743337164597' 'present']
 ['21' '183.87368058893105' 'present']
 ['20' '185.6657486492413' 'present']
 ['11' '190.71525414995668' 'present']
 ['5' '202.47195554087202' 'present']
 ['16' '207.8977538024194' 'present']
 ['22' '227.15286612839677' 'marauded']
 ['14' '234.91179442782467' 'presentdestroyed']
 ['4' '235.98876050864615' 'present']
 ['5' '236.28764651863494' 'present']
 ['22' '237.76872589897934' 'present']
 ['5' '238.6052970923818' 'present']
 ['22' '248.28875276753425' 'present']
 ['5' '256.7439180364197' 'present']
 ['15' '264.75758351862885' 'present']
 ['21' '284.6852501249298' 'present']
 ['3' '298.43538796975076' 'present']
 ['5' '298.82503597988875' 'present']
 ['11' '301.97257380054106' 'present']
 ['15' '305.7349320987686' 'present']
 ['15' '310.10123066370943' 'present']
 ['3' '310.87571932377637' 'marauded']
 ['6' '315.5771758258819' 'destroyed']
 ['21' '323.6888330068392' 'marauded']
 ['15' '323.95474505653476' 'presentdestroyed']
 ['6' '345.07608965752104' 'marauded']
 ['9' '351.4576255392477' 'presentdestroyed']
 ['20' '358.6993952414199' 'present']]","[['F104' '87.88226779845594' 'absentdestroyed']
 ['F116' '98.40183296422848' 'absent']
 ['F14' '102.52817804996513' 'mated']
 ['F149' '111.47001789896908' 'mated']
 ['F165' '119.72003410366344' 'mated']
 ['F152' '127.14181495339979' 'mated']
 ['F164' '144.99265231402484' 'mated']
 ['F30' '187.0230516085733' 'mated']
 ['F26' '196.47033472403274' 'absent']
 ['F24' '204.0553949419227' 'mated']
 ['F176' '271.2894074705942' 'mated']
 ['F10' '272.67431589445584' 'mated']]",572.0,69.5924320459253,13.404423376106847,1492.0,253.7387221190617,53.93409797894463,215.0,36.82831946903441,7.821313180474043,0.0,0.0,0.0,0.0,0.0,0.0
8,0.0,11,359.8478125637867,"[['11' '0.7338126546763756' 'present']
 ['21' '7.5353217983051834' 'present']
 ['11' '9.608327120524526' 'present']
 ['4' '13.916553447416428' 'marauded']
 ['20' '19.02759866149113' 'presentdestroyed']
 ['15' '25.749704361383866' 'present']
 ['9' '26.267412604079972' 'present']
 ['21' '27.98375744712279' 'present']
 ['5' '35.93298996323777' 'present']
 ['3' '55.42197692911691' 'present']
 ['6' '69.50170989312458' 'present']
 ['20' '70.80498503808097' 'present']
 ['21' '78.49881856121907' 'present']
 ['14' '84.61630035845549' 'present']
 ['16' '117.19144836440024' 'present']
 ['4' '119.8404605654443' 'marauded']
 ['20' '133.30298791965163' 'present']
 ['15' '135.84636004203304' 'present']
 ['6' '158.0954576672282' 'present']
 ['14' '170.53177041959722' 'present']
 ['20' '195.51824677043354' 'present']
 ['21' '195.9091859975751' 'present']
 ['14' '205.16904955687272' 'present']
 ['21' '216.8661084830238' 'marauded']
 ['15' '217.06141574970627' 'presentdestroyed']
 ['16' '218.3767751940778' 'presentdestroyed']
 ['14' '221.7611801375808' 'presentdestroyed']
 ['15' '226.00678972048163' 'present']
 ['22' '228.03541528339227' 'present']
 ['16' '229.57241399562741' 'present']
 ['15' '234.66107466428232' 'present']
 ['5' '246.5293301063649' 'present']
 ['6' '275.8662801584093' 'present']
 ['20' '281.48308333331227' 'present']
 ['15' '290.57772081092844' 'present']
 ['16' '295.05741595611374' 'present']
 ['9' '304.98999752237626' 'present']
 ['9' '316.90080861600103' 'present']
 ['5' '318.40195053976583' 'present']
 ['6' '321.65892455248076' 'present']
 ['5' '325.0300008989178' 'present']
 ['5' '336.973614727769' 'marauded']
 ['3' '337.92553535553486' 'destroyed']]","[['F103' '33.4476212576291' 'mated']
 ['F84' '72.6448624170435' 'absent']
 ['F3' '82.29553956043573' 'mated']
 ['F40' '118.3087093649427' 'absent']
 ['F8' '141.80115273775206' 'mated']
 ['F66' '142.3970895425995' 'mated']
 ['F76' '162.21708253914898' 'absent']
 ['F194' '162.40695402265618' 'mated']
 ['F68' '170.00731905640794' 'mated']
 ['F167' '205.91812067697367' 'mated']
 ['F23' '221.28506880448188' 'destroyed']
 ['F47' '230.5479229791082' 'mated']
 ['F97' '241.51648975650008' 'mated']
 ['F142' '286.5589822141662' 'mated']
 ['F205' '332.4401858781885' 'mated']]",571.0,68.58180118831478,13.603567423647439,1588.0,267.0582241208978,56.83833216122769,139.0,24.498108262501542,5.400921727667932,0.0,0.0,0.0,0.0,0.0,0.0
9,0.054,12,359.8151536154187,"[['3' '6.252630041023351' 'present']
 ['3' '14.103645883416515' 'present']
 ['11' '17.14160692063067' 'present']
 ['6' '18.308669156094687' 'present']
 ['22' '30.874033948155976' 'present']
 ['11' '34.97975948925503' 'present']
 ['3' '35.401773129439604' 'present']
 ['11' '48.10412249919704' 'present']
 ['6' '72.90882670075311' 'present']
 ['21' '76.25272561012758' 'present']
 ['16' '78.50341265706717' 'present']
 ['16' '80.29374749436971' 'marauded']
 ['5' '81.27182993259173' 'destroyed']
 ['6' '98.35896008754958' 'present']
 ['21' '116.9991371616558' 'present']
 ['16' '118.27785324388184' 'present']
 ['15' '122.9232440010236' 'present']
 ['20' '135.83712371963' 'present']
 ['15' '141.16810553442036' 'present']
 ['15' '144.4587090405496' 'marauded']
 ['21' '147.27320071471647' 'presentdestroyed']
 ['21' '152.50086014790776' 'presentdestroyed']
 ['4' '153.63213539811986' 'present']
 ['3' '157.1813639684983' 'present']
 ['20' '161.15187977264313' 'present']
 ['16' '170.87598728277828' 'present']
 ['4' '173.17280554984399' 'present']
 ['16' '193.5767553207253' 'present']
 ['22' '201.2734024724093' 'present']
 ['14' '215.04718588328112' 'present']
 ['4' '216.7400240006222' 'present']
 ['22' '241.9627949812264' 'present']
 ['20' '245.65151051395569' 'present']
 ['15' '250.4356789418951' 'present']
 ['20' '258.7423997478061' 'present']
 ['22' '268.9221411521221' 'present']
 ['21' '276.5336664536131' 'present']
 ['21' '282.8276876889102' 'present']
 ['22' '287.96137692816296' 'present']
 ['11' '295.4197829486548' 'present']
 ['6' '297.73141346729057' 'present']
 ['5' '316.9033771688421' 'present']
 ['11' '332.8708622853655' 'marauded']
 ['21' '359.3758190973828' 'present']]","[['F188' '38.86872542988143' 'mated']
 ['F3' '82.29322474562092' 'absentdestroyed']
 ['F144' '108.10576642008981' 'mated']
 ['F197' '115.33236274863829' 'mated']
 ['F19' '120.78257063658234' 'mated']
 ['F105' '136.20538460906775' 'mated']
 ['F215' '139.1958005434472' 'mated']
 ['F179' '167.76237465603498' 'absent']
 ['F166' '182.73881133110626' 'mated']
 ['F100' '224.67979674252223' 'mated']
 ['F192' '251.61836288886266' 'mated']
 ['F49' '267.10080085890286' 'mated']
 ['F204' '268.8017089340313' 'mated']
 ['F4' '301.47124599517656' 'mated']]",561.0,70.34397386227273,15.209083294654269,1610.0,269.83934200441377,57.26135989193674,111.0,18.212394277126666,3.8160126181747986,13.0,1.3,0.13000000000000006,85.0,0.3935185185185189,0.0018218449931412877
10,0.0,6,360.57696899673033,"[['6' '1.3475624759266187' 'present']
 ['20' '2.071616106583698' 'marauded']
 ['22' '4.602423715400119' 'presentdestroyed']
 ['15' '15.725575300393137' 'marauded']
 ['9' '25.57525303083857' 'present']
 ['16' '35.939387586887534' 'present']
 ['22' '41.12503562546066' 'present']
 ['14' '60.37962507653719' 'marauded']
 ['11' '68.13761120396897' 'present']
 ['6' '80.98086329257383' 'present']
 ['3' '101.10224191022947' 'present']
 ['14' '108.14543376234379' 'present']
 ['16' '110.35001221011773' 'present']
 ['16' '111.28127882281434' 'marauded']
 ['22' '114.13394608328154' 'presentdestroyed']
 ['15' '114.79646262449279' 'presentdestroyed']
 ['11' '129.46826445674162' 'present']
 ['5' '137.05588114643322' 'present']
 ['5' '137.96721677675282' 'present']
 ['15' '141.59808849747603' 'marauded']
 ['21' '148.34428569357686' 'presentdestroyed']
 ['3' '151.7668651896015' 'present']
 ['6' '168.363647263678' 'present']
 ['14' '171.4405159144354' 'present']
 ['3' '173.63476050694825' 'marauded']
 ['11' '175.4419964648305' 'presentdestroyed']
 ['6' '177.4739976239354' 'destroyed']
 ['22' '178.98881723034387' 'presentdestroyed']
 ['21' '182.81119014143047' 'marauded']
 ['14' '193.35475322430483' 'present']
 ['14' '216.00472668799947' 'marauded']
 ['20' '224.92156384008655' 'present']
 ['6' '239.29273321108099' 'present']
 ['16' '241.24056279091332' 'present']
 ['5' '256.9784773324786' 'present']
 ['22' '275.4794174158035' 'present']
 ['21' '279.02931437810065' 'present']
 ['9' '282.20808580797694' 'present']
 ['20' '289.56858222828913' 'present']
 ['20' '302.7228810583217' 'marauded']
 ['6' '303.6508951534523' 'presentdestroyed']
 ['14' '307.2576134186944' 'presentdestroyed']
 ['16' '309.9030174978221' 'presentdestroyed']
 ['6' '320.32945135469913' 'present']
 ['6' '323.6114618162785' 'marauded']
 ['20' '327.02086128056345' 'presentdestroyed']
 ['21' '328.1124078678678' 'presentdestroyed']
 ['15' '354.22584713869617' 'present']
 ['9' '358.00518517098044' 'present']]","[['F54' '44.40349281065111' 'mated']
 ['F123' '80.1304256378681' 'mated']
 ['F39' '102.75198756410312' 'mated']
 ['F40' '118.30639455012789' 'absentdestroyed']
 ['F163' '135.86630268092952' 'mated']
 ['F164' '144.99033749921003' 'destroyed']
 ['F26' '196.47264953884755' 'mated']
 ['F171' '222.77419724276186' 'destroyed']
 ['F170' '251.83291223312833' 'absent']
 ['F184' '304.0485335858998' 'absentdestroyed']
 ['F211' '343.2303024432841' 'mated']]",585.0,69.41520983346726,14.31795818021315,1360.0,229.78565437753576,49.1619837437959,356.0,60.94938136263967,13.111674861879436,0.0,0.0,0.0,0.0,0.0,0.0
11,0.054,17,360.8277758609218,"[['5' '3.5043452400885777' 'present']
 ['9' '15.40223379843031' 'present']
 ['15' '48.46106869873354' 'present']
 ['9' '76.87972004642235' 'present']
 ['21' '80.194500756373' 'present']
 ['16' '86.42696899788483' 'present']
 ['15' '97.99108882758303' 'present']
 ['4' '105.37991949592356' 'present']
 ['14' '105.89660324445768' 'marauded']
 ['22' '110.23709876933158' 'presentdestroyed']
 ['22' '110.2417283989612' 'presentdestroyed']
 ['14' '140.5042780031455' 'present']
 ['21' '141.4001940720369' 'present']
 ['22' '146.48411984168723' 'present']
 ['20' '163.1373936858405' 'marauded']
 ['9' '185.4646047707807' 'present']
 ['16' '221.58890489992442' 'present']
 ['3' '236.17940397586335' 'present']
 ['6' '241.14469207073154' 'present']
 ['14' '258.3374766241471' 'present']
 ['20' '262.7740694279345' 'present']
 ['16' '267.9050808340814' 'marauded']
 ['3' '270.5613523494277' 'presentdestroyed']
 ['3' '283.60840845190927' 'present']
 ['5' '286.6119636487143' 'present']
 ['16' '292.05819090922824' 'present']
 ['14' '294.6026536755598' 'present']
 ['16' '295.56633704083674' 'present']
 ['20' '301.69253319842505' 'present']
 ['5' '313.8607142519511' 'present']
 ['6' '317.8420933370052' 'present']
 ['9' '342.83604192620595' 'marauded']
 ['3' '347.4089762432781' 'destroyed']
 ['14' '347.5356749952994' 'presentdestroyed']
 ['20' '351.9664847713058' 'marauded']]","[['F50' '47.49496131509674' 'mated']
 ['F155' '57.81693200167117' 'absent']
 ['F84' '72.64717723185831' 'mated']
 ['F157' '78.38987463242258' 'mated']
 ['F14' '90.5189187907059' 'absent']
 ['F9' '105.26739885986149' 'mated']
 ['F41' '123.30395676147657' 'mated']
 ['F58' '134.3987454596436' 'mated']
 ['F93' '149.56875613117845' 'mated']
 ['F81' '154.9053626830188' 'mated']
 ['F135' '156.9504714328539' 'mated']
 ['F72' '173.28023146716262' 'mated']
 ['F74' '173.9489896488549' 'mated']
 ['F113' '189.8026092123962' 'mated']
 ['F75' '195.68897313104333' 'mated']
 ['F35' '227.68880009545597' 'mated']
 ['F158' '236.47732717755852' 'mated']
 ['F129' '265.76163734213225' 'mated']
 ['F183' '307.9465807496164' 'mated']
 ['F136' '317.6494914612282' 'absent']]",557.0,71.50973979568502,15.247314113079153,1504.0,256.02097215422884,55.456636990970914,175.0,30.79909809931294,6.797318562862962,14.0,1.4000000000000001,0.14000000000000007,86.0,0.39814814814814853,0.0018432784636488323
12,0.0,5,360.13360366331676,"[['5' '12.054408247279701' 'present']
 ['16' '15.1328730539499' 'marauded']
 ['9' '17.12006686822557' 'presentdestroyed']
 ['5' '37.345480375648386' 'present']
 ['4' '66.24680716137001' 'marauded']
 ['21' '82.49278268421887' 'present']
 ['11' '94.45445598688157' 'present']
 ['4' '116.19033227779248' 'present']
 ['16' '117.49999102956133' 'marauded']
 ['6' '119.45644681549209' 'destroyed']
 ['11' '124.58799203079835' 'destroyed']
 ['22' '128.42774551316106' 'marauded']
 ['6' '131.13090129146156' 'presentdestroyed']
 ['14' '138.9293890652536' 'present']
 ['6' '142.11256228457847' 'present']
 ['14' '142.57057605216724' 'present']
 ['5' '148.08916531017348' 'marauded']
 ['20' '148.6902579762186' 'presentdestroyed']
 ['3' '154.51899863508208' 'presentdestroyed']
 ['11' '155.9963126808205' 'marauded']
 ['6' '176.2265438983512' 'present']
 ['9' '179.49678297699958' 'present']
 ['9' '179.86680308603144' 'marauded']
 ['15' '205.08731999063136' 'present']
 ['9' '210.23458526914447' 'present']
 ['11' '211.53978609625904' 'present']
 ['14' '215.0425562536515' 'present']
 ['20' '216.3503409405076' 'present']
 ['14' '238.08193265698534' 'marauded']
 ['11' '242.87374813450094' 'presentdestroyed']
 ['6' '258.7294277949419' 'present']
 ['16' '297.9148824545542' 'present']
 ['11' '304.661530968944' 'marauded']
 ['14' '304.6851047819645' 'presentdestroyed']
 ['4' '310.3471909483167' 'presentdestroyed']
 ['6' '325.20097305622903' 'present']
 ['21' '326.16713794422503' 'present']
 ['11' '327.7115432646384' 'marauded']
 ['15' '352.87087528702517' 'marauded']
 ['16' '359.0036637695792' 'presentdestroyed']]","[['F188' '38.864095800251796' 'absent']
 ['F14' '90.5212336055207' 'absent']
 ['F134' '103.80410333102272' 'mated']
 ['F163' '135.8616730512999' 'destroyed']
 ['F53' '153.57141685720734' 'destroyed']
 ['F71' '157.60696196128117' 'destroyed']
 ['F76' '162.21939735396379' 'destroyed']
 ['F96' '210.1472288922557' 'mated']
 ['F138' '217.8955761488062' 'mated']
 ['F111' '237.16459074559933' 'mated']
 ['F184' '304.05084840071464' 'mated']
 ['F187' '309.3827662617317' 'destroyed']
 ['F6' '334.038236886377' 'absentdestroyed']]",576.0,72.69489404082803,15.200889240338071,1336.0,221.32974425912158,46.739081117858674,375.0,66.00319328523474,14.411798915855421,0.0,0.0,0.0,0.0,0.0,0.0
13,0.0,7,360.43101482865876,"[['21' '8.907521211244847' 'present']
 ['5' '9.843927869486937' 'present']
 ['6' '21.220204442329802' 'marauded']
 ['9' '21.328344419405692' 'presentdestroyed']
 ['20' '24.79277837520942' 'presentdestroyed']
 ['4' '45.8442687577043' 'present']
 ['22' '50.86887309107754' 'present']
 ['22' '64.09440229768664' 'present']
 ['11' '64.33882357138918' 'present']
 ['21' '67.1408819667918' 'present']
 ['16' '75.27251179833118' 'present']
 ['16' '77.3886597904721' 'marauded']
 ['5' '88.10638532534195' 'present']
 ['11' '98.08616220297357' 'marauded']
 ['5' '120.39592872995071' 'present']
 ['11' '134.72149523509842' 'marauded']
 ['14' '146.55810585925312' 'present']
 ['9' '180.39899499954507' 'present']
 ['22' '185.52293640457137' 'present']
 ['21' '207.22802290320342' 'present']
 ['20' '288.39956121861945' 'present']
 ['9' '293.9823063557411' 'present']
 ['16' '298.0578666321039' 'present']
 ['21' '298.59348686681017' 'present']
 ['4' '301.0240220132015' 'present']
 ['6' '303.7407465514372' 'marauded']
 ['4' '309.93922880591657' 'presentdestroyed']
 ['11' '314.47130678607687' 'present']
 ['11' '331.6116609466703' 'present']
 ['5' '336.09996140271124' 'present']
 ['21' '337.45322214179413' 'present']
 ['4' '342.02363601847907' 'marauded']
 ['22' '343.6791191347504' 'presentdestroyed']
 ['15' '351.17870720258935' 'present']
 ['20' '358.5947656117902' 'marauded']]","[['F21' '39.23015417940709' 'mated']
 ['F155' '57.819246816485986' 'mated']
 ['F121' '98.94156626492466' 'destroyed']
 ['F120' '113.92248802045786' 'mated']
 ['F83' '136.1999181668735' 'absentdestroyed']
 ['F139' '176.0236025026571' 'absent']
 ['F78' '218.10681214328437' 'mated']
 ['F146' '228.27627677643633' 'mated']
 ['F88' '253.29929722350113' 'mated']
 ['F148' '355.8016957316913' 'mated']]",573.0,66.85206069587903,13.441359914476715,1506.0,255.67185997269482,54.6046083377096,215.0,37.53249003347653,8.152488403953303,0.0,0.0,0.0,0.0,0.0,0.0
14,0.054,11,360.35317312783786,"[['5' '11.334360569397035' 'present']
 ['11' '42.881907736435316' 'present']
 ['6' '52.375658287993915' 'present']
 ['22' '60.132159958147156' 'present']
 ['6' '71.00965348710726' 'present']
 ['21' '72.13586284292352' 'present']
 ['16' '84.88282788423065' 'marauded']
 ['16' '118.21969784542604' 'present']
 ['5' '120.02597236763434' 'present']
 ['5' '122.88219934882403' 'present']
 ['21' '144.94546100454562' 'present']
 ['15' '149.2315275569404' 'present']
 ['5' '155.7427789490509' 'present']
 ['5' '155.7474085786805' 'present']
 ['21' '158.66581254483648' 'present']
 ['15' '181.7540517201069' 'present']
 ['15' '217.02061139734687' 'present']
 ['15' '217.54259948413116' 'present']
 ['3' '227.59501498890972' 'present']
 ['9' '264.7912792098541' 'marauded']
 ['15' '302.40957944813545' 'present']
 ['6' '307.9503027220619' 'present']
 ['3' '311.21598748000844' 'present']
 ['5' '319.0370108282215' 'present']
 ['9' '331.1970748772458' 'present']
 ['4' '335.0982067319411' 'present']
 ['20' '342.5038411502631' 'present']
 ['21' '352.2642718098787' 'present']
 ['21' '355.06668106498006' 'marauded']]","[['F14' '90.51660397589109' 'destroyed']
 ['F14' '90.52586323515033' 'destroyed']
 ['F182' '91.75392594228373' 'destroyed']
 ['F153' '95.15032050893404' 'mated']
 ['F40' '118.31102417975751' 'mated']
 ['F82' '156.24308730484947' 'mated']
 ['F209' '190.1233832315507' 'mated']
 ['F193' '223.1657771244467' 'mated']
 ['F160' '226.9407440966029' 'mated']
 ['F108' '226.94682619782444' 'mated']
 ['F162' '241.365216409724' 'mated']
 ['F159' '246.35566611182372' 'mated']
 ['F0' '251.21708962299337' 'mated']
 ['F94' '253.47197954399076' 'mated']
 ['F186' '270.56701977022385' 'destroyed']
 ['F148' '355.7993809168765' 'destroyed']]",576.0,69.20033680458337,13.644157047028825,1609.0,273.21954450313956,58.34691570351606,97.0,15.952639883780874,3.4146549579571395,13.0,1.3,0.13000000000000006,95.0,0.4398148148148154,0.002036179698216734
15,0.054,9,360.0675920263029,"[['21' '3.2454584942317144' 'present']
 ['6' '3.9055652922087334' 'present']
 ['16' '5.205986765142541' 'marauded']
 ['5' '5.893933191473842' 'presentdestroyed']
 ['14' '9.656933516624226' 'destroyed']
 ['6' '14.966473232822752' 'present']
 ['9' '16.182933752333618' 'present']
 ['22' '34.04465345583493' 'present']
 ['14' '45.92059345404505' 'present']
 ['22' '56.551434600183' 'marauded']
 ['21' '58.00496160773424' 'presentdestroyed']
 ['14' '58.37815865925389' 'presentdestroyed']
 ['6' '64.09971889014598' 'present']
 ['20' '72.48741343054083' 'present']
 ['11' '78.24818951974478' 'present']
 ['4' '81.18908496133578' 'marauded']
 ['16' '95.97162293740593' 'present']
 ['3' '107.22639455575052' 'marauded']
 ['3' '108.3475967627443' 'presentdestroyed']
 ['9' '128.05267053786028' 'present']
 ['6' '131.12627166183194' 'present']
 ['21' '146.60834468552977' 'present']
 ['4' '153.2354704508764' 'present']
 ['14' '153.48968553269134' 'present']
 ['3' '157.1859935981279' 'marauded']
 ['14' '158.6840953504819' 'presentdestroyed']
 ['6' '159.6778725654194' 'presentdestroyed']
 ['14' '173.39627514339867' 'present']
 ['11' '173.97014825734234' 'present']
 ['3' '189.58705074483797' 'present']
 ['20' '246.6155390587375' 'present']
 ['9' '264.78664958022443' 'present']
 ['9' '265.3331345108391' 'present']
 ['5' '266.58952509644826' 'present']
 ['14' '308.3955943676766' 'present']
 ['4' '312.70786667054847' 'present']
 ['3' '320.312227612341' 'present']
 ['3' '331.9079572182039' 'present']
 ['22' '336.4919858492913' 'present']
 ['3' '344.71272380945203' 'present']
 ['6' '344.93440266686366' 'present']
 ['3' '351.83175827434866' 'present']]","[['F121' '98.94388107973947' 'mated']
 ['F197' '115.33004793382348' 'absent']
 ['F87' '126.34949722846088' 'mated']
 ['F102' '137.4658669163628' 'mated']
 ['F57' '154.87342005600485' 'mated']
 ['F20' '175.702248657956' 'mated']
 ['F90' '188.66779757516736' 'mated']
 ['F101' '253.36102225247438' 'mated']
 ['F191' '259.2263133880513' 'mated']
 ['F64' '308.4345763794465' 'mated']]",558.0,67.4482096509073,13.920525579617752,1510.0,260.18199908169447,56.17939827045786,172.0,30.275032710721625,6.568528522263535,18.0,1.8000000000000005,0.1800000000000001,86.0,0.39814814814814853,0.0018432784636488323
16,0.054,7,360.105339637146,"[['6' '17.07596840464379' 'marauded']
 ['9' '30.956226833169456' 'present']
 ['22' '31.647748336730107' 'present']
 ['9' '42.18985131889533' 'present']
 ['3' '46.110611655362085' 'present']
 ['22' '52.08643199640198' 'marauded']
 ['9' '55.739536477558744' 'destroyed']
 ['11' '57.66797620773548' 'presentdestroyed']
 ['14' '60.86793172076414' 'marauded']
 ['11' '66.56376910053224' 'presentdestroyed']
 ['6' '70.02807343434672' 'present']
 ['22' '78.05129285371042' 'present']
 ['4' '89.56904980716564' 'present']
 ['9' '90.79939259255895' 'present']
 ['14' '115.08465106333047' 'present']
 ['14' '132.21002629566567' 'present']
 ['20' '137.08321353679' 'present']
 ['3' '145.25294063735288' 'present']
 ['22' '149.20799052084953' 'present']
 ['6' '151.68222748694384' 'present']
 ['6' '162.34163286599858' 'marauded']
 ['9' '162.83671232373317' 'presentdestroyed']
 ['9' '170.46802540507156' 'present']
 ['20' '172.7276527795235' 'marauded']
 ['11' '173.96551862771273' 'presentdestroyed']
 ['20' '184.0540692603473' 'present']
 ['15' '199.95063877282442' 'marauded']
 ['21' '216.19166993006485' 'present']
 ['9' '225.40920813826924' 'present']
 ['4' '226.5330968289988' 'present']
 ['20' '231.447735410239' 'present']
 ['5' '241.5390145946662' 'present']
 ['4' '245.9512607935504' 'present']
 ['14' '255.93909196630844' 'marauded']
 ['22' '258.4002236952786' 'presentdestroyed']
 ['3' '263.9001686741813' 'present']
 ['9' '265.3377641404688' 'present']
 ['6' '265.4086057096894' 'present']
 ['3' '272.32797458872744' 'present']
 ['15' '276.91894726911806' 'present']
 ['22' '294.48720167718136' 'present']
 ['11' '311.20106651983025' 'present']
 ['6' '324.34478148368913' 'marauded']
 ['21' '326.8438968486291' 'presentdestroyed']
 ['21' '328.11703749749745' 'destroyed']
 ['11' '333.68818951270964' 'present']
 ['11' '338.69529849058995' 'present']]","[['F89' '82.73355752370502' 'mated']
 ['F141' '98.65648695488511' 'mated']
 ['F200' '129.98145584530695' 'mated']
 ['F151' '145.86646571468364' 'mated']
 ['F51' '236.6401569040518' 'mated']
 ['F112' '244.56964663802634' 'mated']
 ['F191' '259.2239985732365' 'destroyed']
 ['F126' '342.86957333735734' 'mated']
 ['F1' '345.0718892415326' 'absent']]",559.0,74.38238594025412,16.12525473030188,1415.0,234.94540466660217,49.53491258126976,294.0,48.85434101540011,10.375928757186731,15.0,1.5000000000000002,0.15000000000000008,72.0,0.3333333333333334,0.0015432098765432085
17,0.0,14,360.0332990047068,"[['6' '4.949258932896633' 'present']
 ['11' '9.503697490894897' 'marauded']
 ['4' '13.456633789538834' 'presentdestroyed']
 ['5' '13.649612001687323' 'presentdestroyed']
 ['15' '54.182415603460754' 'marauded']
 ['22' '66.31900866457289' 'present']
 ['22' '68.97334654354874' 'present']
 ['9' '72.30432428270049' 'marauded']
 ['20' '73.26652694833794' 'presentdestroyed']
 ['9' '73.80602567262102' 'presentdestroyed']
 ['16' '77.49328942010172' 'presentdestroyed']
 ['11' '93.6077019554828' 'present']
 ['6' '93.8028571555447' 'present']
 ['20' '101.56100694542612' 'present']
 ['3' '110.42964335030118' 'present']
 ['21' '110.7231965565836' 'present']
 ['6' '120.80727570410004' 'present']
 ['22' '142.13712908607272' 'present']
 ['11' '148.56762226332373' 'present']
 ['6' '159.682502195049' 'present']
 ['21' '193.75520595243233' 'present']
 ['9' '204.73902949004895' 'marauded']
 ['5' '205.07171020017483' 'presentdestroyed']
 ['5' '207.12556192686264' 'presentdestroyed']
 ['3' '213.52343649009887' 'present']
 ['20' '216.345711310878' 'present']
 ['14' '221.58794888857517' 'present']
 ['5' '227.10218658808571' 'present']
 ['16' '237.73714928493106' 'present']
 ['6' '243.20758951120598' 'present']
 ['5' '252.98385869863262' 'present']
 ['11' '276.3641184914956' 'marauded']
 ['3' '285.39526370255186' 'present']
 ['5' '293.85320385942083' 'present']
 ['9' '303.67530534996774' 'present']
 ['14' '318.68038705247545' 'present']
 ['16' '339.6219146922489' 'present']
 ['4' '348.10314975497545' 'present']
 ['21' '355.0620514353504' 'present']]","[['F168' '18.917276263871234' 'mated']
 ['F34' '48.45505854005308' 'mated']
 ['F182' '91.75624075709854' 'mated']
 ['F15' '105.97040978852444' 'mated']
 ['F70' '109.49357710113387' 'mated']
 ['F172' '143.28958876469625' 'mated']
 ['F71' '157.60927677609598' 'mated']
 ['F76' '162.2217121687786' 'mated']
 ['F124' '168.40533551565386' 'mated']
 ['F63' '174.59554043433877' 'mated']
 ['F139' '176.02823213228672' 'mated']
 ['F118' '177.5784149508275' 'mated']
 ['F31' '184.2673844323185' 'mated']
 ['F30' '187.0207367937585' 'absent']
 ['F170' '251.83522704794314' 'mated']]",568.0,66.46281840057804,13.088835691073053,1551.0,263.1187601699421,56.807008952528875,191.0,30.47859233658852,6.3963158138615155,0.0,0.0,0.0,0.0,0.0,0.0
18,0.0,10,360.79078144578193,"[['9' '17.46031486190155' 'present']
 ['9' '19.2468462892239' 'marauded']
 ['22' '21.0634699921719' 'presentdestroyed']
 ['11' '21.75449413906965' 'presentdestroyed']
 ['14' '28.119433039996217' 'marauded']
 ['14' '31.83742365282071' 'destroyed']
 ['20' '35.79650374073316' 'present']
 ['14' '55.15667220591683' 'present']
 ['11' '55.17849508483153' 'present']
 ['22' '91.1179770172677' 'present']
 ['15' '91.17893775597148' 'present']
 ['14' '99.25825885879101' 'marauded']
 ['3' '99.396373986625' 'presentdestroyed']
 ['21' '110.47078347082555' 'present']
 ['21' '112.64866351375494' 'present']
 ['6' '126.41220566656916' 'present']
 ['21' '132.71484152254635' 'marauded']
 ['11' '139.78679490481022' 'destroyed']
 ['4' '140.78673214450092' 'present']
 ['21' '156.3739129738238' 'present']
 ['20' '170.6688155741802' 'present']
 ['4' '177.87683331943967' 'present']
 ['22' '178.4837971238954' 'present']
 ['15' '196.90039254524393' 'present']
 ['9' '209.09869012232485' 'present']
 ['6' '210.46313544039532' 'present']
 ['4' '219.81423496335506' 'present']
 ['16' '220.0969735050069' 'present']
 ['21' '225.8893060675265' 'present']
 ['4' '226.78331935368615' 'marauded']
 ['9' '232.5002109908769' 'presentdestroyed']
 ['22' '233.98426497075673' 'marauded']
 ['4' '238.0202604062686' 'presentdestroyed']
 ['11' '247.55726332703' 'present']
 ['3' '270.556722719798' 'present']
 ['14' '274.73377946480224' 'present']
 ['4' '279.61214830127426' 'present']
 ['5' '281.43739662036995' 'present']
 ['6' '282.7256217735034' 'present']
 ['14' '305.291229045864' 'present']
 ['15' '308.8098695443383' 'present']
 ['5' '318.61255762496165' 'present']
 ['15' '331.0856267156012' 'marauded']
 ['9' '342.94067155583565' 'marauded']]","[['F116' '98.40414777904329' 'mated']
 ['F55' '115.12832694752811' 'mated']
 ['F115' '115.41657526167579' 'mated']
 ['F29' '126.27782984602848' 'mated']
 ['F62' '130.64299169477337' 'mated']
 ['F83' '136.19760335205868' 'destroyed']
 ['F32' '170.08838607522134' 'mated']
 ['F61' '171.25500522403962' 'mated']
 ['F65' '172.94707107607695' 'mated']
 ['F139' '176.0259173174719' 'absent']
 ['F28' '206.44120443405703' 'mated']
 ['F47' '230.54560816429338' 'destroyed']
 ['F174' '245.37569491280743' 'mated']
 ['F208' '267.92825542864705' 'absent']]",568.0,68.40308335328997,13.737255338784186,1428.0,242.8533201955316,51.80244538677849,275.0,48.811315277665976,10.71884310144235,0.0,0.0,0.0,0.0,0.0,0.0
19,0.0,3,360.78205278492817,"[['21' '5.612445234293458' 'present']
 ['15' '14.844987215505999' 'present']
 ['15' '33.38337098788176' 'present']
 ['16' '46.44507351542056' 'present']
 ['9' '53.82066554312735' 'present']
 ['4' '61.37461053635021' 'present']
 ['11' '63.57745031822679' 'present']
 ['4' '66.39205700175118' 'present']
 ['22' '88.75810472066225' 'present']
 ['20' '94.63858286374686' 'present']
 ['20' '104.90211836320267' 'present']
 ['3' '105.24676603296683' 'marauded']
 ['21' '114.98689607382111' 'marauded']
 ['20' '124.99917483032151' 'marauded']
 ['21' '139.6941310894032' 'present']
 ['14' '140.45365262930244' 'present']
 ['14' '142.7228516519029' 'present']
 ['6' '143.8125672937274' 'present']
 ['3' '144.8085627272797' 'marauded']
 ['15' '156.76873924226317' 'present']
 ['11' '159.30358588689316' 'present']
 ['11' '170.7910960234492' 'marauded']
 ['21' '173.4556860856021' 'presentdestroyed']
 ['9' '191.75008750924783' 'present']
 ['22' '211.71037768140945' 'present']
 ['6' '211.87783232973342' 'present']
 ['21' '215.03258051054567' 'marauded']
 ['5' '223.1440729230701' 'present']
 ['21' '230.28315889886468' 'present']
 ['22' '234.47634459298487' 'present']
 ['9' '242.27152008656282' 'present']
 ['4' '243.54860756444' 'present']
 ['22' '253.31603046570416' 'marauded']
 ['14' '253.8348646318437' 'presentdestroyed']
 ['14' '258.34210625377676' 'presentdestroyed']
 ['20' '260.91451779747797' 'destroyed']
 ['20' '268.3477846552064' 'present']
 ['21' '269.1210502905507' 'present']
 ['6' '280.9269682660964' 'marauded']
 ['22' '290.61548801145005' 'present']
 ['20' '331.94389981479225' 'marauded']
 ['21' '346.84949446064405' 'present']
 ['5' '348.46944175139987' 'marauded']
 ['5' '351.5148119014605' 'presentdestroyed']
 ['6' '356.22261193546836' 'present']]","[['F80' '21.664031391788402' 'mated']
 ['F17' '55.86457883126669' 'absent']
 ['F114' '82.84016431275163' 'mated']
 ['F178' '84.51584088484645' 'mated']
 ['F90' '188.66548276035255' 'absent']
 ['F189' '196.80270954704986' 'absent']
 ['F99' '226.20187366521387' 'absent']
 ['F160' '226.9384292817881' 'absent']]",568.0,72.01491657798101,15.182994773666703,1358.0,226.66712955266803,47.6065003419708,383.0,61.414467905184054,12.234436062274119,0.0,0.0,0.0,0.0,0.0,0.0
20,0.054,9,360.2785874021078,"[['11' '9.93864685439166' 'present']
 ['11' '22.489260492203314' 'present']
 ['15' '33.388000617511395' 'present']
 ['15' '41.60769910010278' 'marauded']
 ['5' '47.555812548511184' 'presentdestroyed']
 ['21' '60.77501822070779' 'present']
 ['21' '65.45213562219651' 'present']
 ['16' '78.49878302743755' 'present']
 ['4' '80.02582600995713' 'present']
 ['14' '98.52439906996574' 'present']
 ['22' '104.90554293243237' 'present']
 ['16' '108.39352233762217' 'marauded']
 ['6' '116.1875461519078' 'presentdestroyed']
 ['11' '117.18716019107079' 'present']
 ['6' '140.85453973230602' 'present']
 ['22' '148.281113307518' 'present']
 ['5' '150.38670669978612' 'present']
 ['4' '155.38410753454474' 'present']
 ['14' '159.71544975399888' 'present']
 ['21' '170.12147415223475' 'present']
 ['3' '170.26799665779373' 'present']
 ['5' '171.80807903917767' 'present']
 ['11' '173.13164126915174' 'present']
 ['15' '184.03988076312703' 'present']
 ['9' '185.4599751411511' 'present']
 ['16' '187.83647488890344' 'present']
 ['15' '193.24895761806053' 'present']
 ['15' '199.3745576006568' 'present']
 ['5' '202.3673259112424' 'marauded']
 ['15' '204.85674767797238' 'presentdestroyed']
 ['11' '209.6587788622518' 'presentdestroyed']
 ['16' '225.13407377754004' 'present']
 ['9' '227.76297592364406' 'present']
 ['21' '232.50125925400025' 'marauded']
 ['5' '236.85831104316122' 'presentdestroyed']
 ['16' '241.24519242054293' 'present']
 ['9' '249.04953030222043' 'present']
 ['21' '249.71996348843538' 'present']
 ['21' '270.19581636561514' 'marauded']
 ['6' '284.9649015356636' 'present']
 ['15' '286.0475552499297' 'present']
 ['9' '294.3778202892419' 'present']
 ['3' '305.5671830649123' 'marauded']
 ['6' '314.9749232300807' 'present']
 ['16' '319.3913420770658' 'marauded']
 ['14' '331.1490866805009' 'present']
 ['11' '334.6370846718778' 'present']
 ['6' '348.1721587003957' 'present']
 ['14' '348.62157928846665' 'present']]","[['F73' '106.3902847804687' 'mated']
 ['F105' '136.20075497943813' 'absent']
 ['F195' '147.7607347563426' 'mated']
 ['F127' '159.73113603103548' 'mated']
 ['F79' '176.85293446900715' 'mated']
 ['F2' '177.53777814181177' 'mated']
 ['F171' '222.77651205757667' 'mated']
 ['F91' '232.14447068420603' 'mated']
 ['F16' '254.9979429556481' 'mated']
 ['F136' '317.65180627604303' 'mated']]",564.0,72.27745705153941,15.8506890979727,1450.0,243.7341707528436,52.018417901854434,259.0,42.65658065814883,8.970425709890975,12.0,1.2,0.12000000000000005,74.0,0.3425925925925927,0.0015860768175582976
21,0.054,9,360.0317745260124,"[['16' '8.93006752673527' 'present']
 ['9' '9.577762728293301' 'marauded']
 ['14' '16.073761092008375' 'presentdestroyed']
 ['22' '28.73104205540109' 'present']
 ['9' '33.39423128444508' 'present']
 ['5' '34.70919502607818' 'marauded']
 ['22' '41.129665255090295' 'presentdestroyed']
 ['14' '43.902883113851466' 'present']
 ['4' '46.42600855406305' 'present']
 ['4' '49.555320857776955' 'present']
 ['15' '49.59878943522043' 'present']
 ['14' '50.895595989372026' 'marauded']
 ['9' '61.24086963102562' 'present']
 ['9' '109.56069916116574' 'present']
 ['9' '117.42323668490675' 'present']
 ['5' '132.32128018841863' 'present']
 ['9' '135.1900422455453' 'present']
 ['6' '139.86123554123373' 'present']
 ['14' '146.5534762296235' 'present']
 ['3' '152.35197583788153' 'present']
 ['6' '161.54260512844633' 'present']
 ['14' '162.14732987038212' 'marauded']
 ['22' '167.5462812063041' 'presentdestroyed']
 ['3' '177.74565905616228' 'present']
 ['22' '189.2507848341045' 'present']
 ['15' '212.69321944041198' 'present']
 ['3' '231.16492640550464' 'present']
 ['15' '232.8541374624387' 'marauded']
 ['4' '235.57130047867676' 'destroyed']
 ['5' '256.7485476660494' 'marauded']
 ['6' '258.4792224971084' 'presentdestroyed']
 ['5' '261.942750341464' 'presentdestroyed']
 ['4' '262.67988191448785' 'presentdestroyed']
 ['22' '266.47845212059775' 'present']
 ['20' '330.49596757411643' 'present']]","[['F11' '97.2956295180302' 'mated']
 ['F134' '103.8017885162079' 'absent']
 ['F38' '121.43597510048602' 'mated']
 ['F154' '121.86211198591974' 'mated']
 ['F169' '127.54424073296101' 'mated']
 ['F48' '134.92461409935945' 'mated']
 ['F33' '146.59178269538398' 'mated']
 ['F36' '155.12979392899' 'mated']
 ['F46' '158.38531079586622' 'mated']
 ['F67' '198.16123265554555' 'mated']
 ['F23' '221.2873836192967' 'absent']
 ['F126' '342.8672585225425' 'absent']]",579.0,67.08677689726001,13.243434432012881,1468.0,254.63792268954572,55.58069452568446,216.0,36.520614357440856,8.110470170007636,15.0,1.5000000000000002,0.15000000000000008,95.0,0.4398148148148154,0.002036179698216734
22,0.054,9,359.963161031684,"[['9' '2.234457579229244' 'present']
 ['14' '34.33709158077792' 'present']
 ['3' '36.15909703783892' 'present']
 ['15' '53.02237734816181' 'present']
 ['11' '65.86867240259046' 'present']
 ['11' '66.9128703835798' 'present']
 ['6' '73.72665268265773' 'present']
 ['3' '76.07916521138668' 'present']
 ['5' '84.95516937612835' 'present']
 ['11' '97.116042048749' 'present']
 ['6' '99.52172661355203' 'present']
 ['15' '103.21757634982133' 'present']
 ['14' '121.33640746991337' 'present']
 ['4' '125.96219523810424' 'present']
 ['5' '130.1932734920536' 'marauded']
 ['16' '133.93505588371352' 'presentdestroyed']
 ['21' '135.49015476932715' 'presentdestroyed']
 ['6' '135.71021965187558' 'destroyed']
 ['11' '137.98408172468874' 'present']
 ['3' '205.37536298143954' 'present']
 ['9' '210.22995563951486' 'present']
 ['21' '220.86393632571142' 'present']
 ['14' '264.3097722202483' 'present']
 ['15' '279.2338930303418' 'marauded']
 ['3' '280.05003356008825' 'destroyed']
 ['5' '281.5572390594522' 'destroyed']
 ['5' '282.28858369427064' 'presentdestroyed']
 ['5' '291.5463980919249' 'present']
 ['16' '298.05323700247425' 'present']
 ['4' '303.212057850976' 'present']
 ['6' '312.8943246978255' 'present']
 ['15' '315.72974588029257' 'marauded']
 ['4' '327.2644204868476' 'present']
 ['20' '359.5402998202838' 'present']]","[['F104' '87.88458261327075' 'absent']
 ['F177' '107.98033259861677' 'mated']
 ['F105' '136.19844016462332' 'destroyed']
 ['F105' '136.20306979425294' 'destroyed']
 ['F202' '151.83838367226926' 'mated']
 ['F161' '159.4556134051335' 'absent']
 ['F213' '161.13672995775934' 'mated']
 ['F203' '180.4884339494333' 'mated']
 ['F85' '184.66821476515167' 'mated']
 ['F214' '202.22816902576656' 'mated']
 ['F122' '242.32771247623106' 'mated']
 ['F208' '267.9305702434619' 'mated']
 ['F136' '317.64717664641336' 'destroyed']
 ['F119' '326.263266895294' 'mated']]",577.0,68.90799727246255,13.337235687592072,1580.0,271.64048240465763,59.2162294033502,115.0,18.05388783565161,3.7891778552227224,10.0,0.9999999999999999,0.10000000000000003,88.0,0.40740740740740783,0.0018861454046639214
23,0.0,7,360.53371202954395,"[['20' '8.983786873550791' 'present']
 ['9' '25.41462810599779' 'present']
 ['22' '32.9403934618963' 'present']
 ['15' '41.2642314315965' 'present']
 ['22' '55.20845628524373' 'present']
 ['22' '66.31437903494327' 'present']
 ['16' '76.58650154681126' 'marauded']
 ['5' '77.9074397977519' 'presentdestroyed']
 ['11' '78.03527162567892' 'presentdestroyed']
 ['15' '88.93988671990577' 'present']
 ['11' '92.62212559239457' 'present']
 ['15' '104.8617617402851' 'present']
 ['4' '128.20474990768574' 'present']
 ['6' '135.02211500890186' 'present']
 ['22' '144.87940764438494' 'present']
 ['5' '150.3820770701565' 'present']
 ['15' '166.4187023475813' 'marauded']
 ['14' '176.3118566674323' 'present']
 ['21' '176.9473255405962' 'marauded']
 ['9' '185.18268259071542' 'present']
 ['21' '191.35721199518173' 'present']
 ['22' '221.77689419330838' 'present']
 ['3' '237.64683938051783' 'present']
 ['11' '262.43321350633556' 'present']
 ['14' '282.6748895900932' 'present']
 ['15' '284.8631301337303' 'marauded']
 ['15' '293.1297666390291' 'present']
 ['21' '295.89305691729567' 'present']
 ['16' '296.0601105447112' 'present']
 ['3' '304.8127563431724' 'present']
 ['4' '312.71249630017815' 'marauded']
 ['15' '319.839989360001' 'presentdestroyed']
 ['15' '326.0412480655622' 'present']
 ['3' '329.80588060904824' 'marauded']
 ['21' '334.68365832369227' 'presentdestroyed']
 ['6' '335.9831688706868' 'destroyed']
 ['5' '343.20860765613145' 'present']
 ['14' '346.5950843862093' 'present']
 ['20' '351.2189660774483' 'present']]","[['F40' '118.30407973531308' 'absent']
 ['F27' '122.56739292606233' 'mated']
 ['F196' '163.2449254833949' 'mated']
 ['F95' '187.89296789681993' 'mated']
 ['F18' '192.63244014957866' 'mated']
 ['F189' '196.80502436186467' 'mated']
 ['F99' '226.20418848002868' 'mated']
 ['F109' '252.64480668962827' 'absent']
 ['F106' '264.946814526446' 'mated']
 ['F184' '304.04621877108497' 'absent']]",560.0,72.26763567832302,15.967769982800148,1464.0,251.24046374692713,54.50332586735384,226.0,36.574437640790705,7.527331724906104,0.0,0.0,0.0,0.0,0.0,0.0
