id,probability_maraud,successful_mating,next_foraging_time,mar_attempts,mate_attempts,foraging_events,foraging_hrs,foraging_sqhrs,staying_events,staying_hrs,staying_sqhrs,repairing_events,repairing_hrs,repairing_sqhrs,marauding_events,marauding_hrs,marauding_sqhrs,traveling_events,traveling_hrs,traveling_sqhrs
0,0.054,16,360.8189168259868,"[['10' '1.3494351652993515' 'present']
 ['16' '4.457065654789989' 'marauded']
 ['17' '4.818151264464039' 'presentdestroyed']
 ['3' '34.460313475486075' 'marauded']
 ['8' '43.05176999570432' 'marauded']
 ['2' '45.284395453449456' 'presentdestroyed']
 ['17' '46.83442188522059' 'presentdestroyed']
 ['16' '55.38186525107648' 'present']
 ['2' '68.53975289099074' 'present']
 ['8' '75.54034249704289' 'present']
 ['1' '87.29445940989102' 'present']
 ['6' '92.04400621273912' 'present']
 ['11' '92.81374538951592' 'present']
 ['17' '97.10031530741516' 'present']
 ['8' '101.68095430530452' 'present']
 ['16' '101.75869898267027' 'present']
 ['11' '103.82487883702369' 'present']
 ['3' '106.48336131295468' 'present']
 ['21' '110.19146977720695' 'present']
 ['22' '111.1844050913044' 'present']
 ['7' '126.64221435162762' 'present']
 ['2' '126.90572577802135' 'marauded']
 ['8' '130.26946052345068' 'presentdestroyed']
 ['15' '134.69491748742738' 'destroyed']
 ['7' '142.7923599434011' 'marauded']
 ['22' '143.11234247619268' 'presentdestroyed']
 ['22' '143.47538010263727' 'presentdestroyed']
 ['13' '145.35283244212116' 'presentdestroyed']
 ['14' '150.62989640294245' 'present']
 ['22' '152.24001908655782' 'present']
 ['7' '162.77812291311872' 'present']
 ['16' '170.5418146279425' 'present']
 ['19' '179.6240074200473' 'marauded']
 ['23' '182.9890725881404' 'presentdestroyed']
 ['20' '188.52568230694766' 'present']
 ['9' '193.2915640439974' 'present']
 ['15' '197.87332200300543' 'present']
 ['16' '200.54041267403517' 'present']
 ['17' '204.2231602142189' 'present']
 ['14' '214.33815044998883' 'present']
 ['6' '222.50161841573046' 'marauded']
 ['17' '236.498157337689' 'present']
 ['7' '238.92228781408005' 'present']
 ['4' '239.68511259136696' 'present']
 ['7' '240.57267788227253' 'marauded']
 ['22' '243.42250169385812' 'presentdestroyed']
 ['20' '247.72637242881427' 'destroyed']
 ['7' '252.56308509817757' 'present']
 ['13' '259.5773443329783' 'present']
 ['20' '264.9072748554547' 'marauded']
 ['8' '265.76153179631285' 'presentdestroyed']
 ['17' '266.2329349286685' 'destroyed']
 ['1' '267.31148891220937' 'presentdestroyed']
 ['10' '273.16491466671704' 'present']
 ['8' '274.6122495401831' 'present']
 ['7' '284.3657750635556' 'present']
 ['21' '290.637777272303' 'present']
 ['22' '295.65356894745617' 'present']
 ['15' '295.98065838847566' 'present']
 ['9' '302.5344982357121' 'present']
 ['13' '306.39844221368867' 'marauded']
 ['1' '309.09187626113385' 'destroyed']
 ['13' '312.133940195984' 'presentdestroyed']
 ['20' '313.76250685935094' 'presentdestroyed']
 ['8' '329.6650674532608' 'present']
 ['16' '336.5229961237677' 'present']
 ['6' '345.3129245786989' 'present']
 ['4' '349.0237736439699' 'marauded']
 ['8' '356.2369783299971' 'presentdestroyed']
 ['18' '359.02013494408624' 'marauded']]","[['F202' '30.476125758179627' 'mated']
 ['F71' '30.839367457082293' 'mated']
 ['F210' '46.397209217561524' 'destroyed']
 ['F2' '72.44743043751619' 'mated']
 ['F87' '81.97929882875023' 'absent']
 ['F183' '84.30253028629421' 'mated']
 ['F191' '111.6562841558061' 'mated']
 ['F49' '114.79648960981396' 'mated']
 ['F74' '118.32567796486003' 'mated']
 ['F44' '120.12348653551882' 'mated']
 ['F207' '147.90538599471182' 'destroyed']
 ['F30' '192.4477234067486' 'mated']
 ['F99' '192.57539834736684' 'mated']
 ['F37' '195.43783010714355' 'mated']
 ['F102' '202.72182539114826' 'mated']
 ['F70' '208.585948488169' 'mated']
 ['F115' '235.05644118942752' 'mated']
 ['F214' '240.51338887260334' 'absent']
 ['F23' '281.0210412071188' 'mated']
 ['F163' '305.56222276772206' 'mated']]",568.0,73.86643828502537,15.844093490381809,1299.0,216.71271709707042,46.55441941882933,407.0,68.09318065495685,14.55584028978002,11.0,1.0999999999999999,0.11000000000000004,82.0,0.3796296296296299,0.001757544581618654
1,0.054,10,360.0859985471194,"[['3' '10.473538425858052' 'present']
 ['14' '10.811301544868765' 'present']
 ['4' '13.72128425169036' 'marauded']
 ['15' '16.653029797949664' 'presentdestroyed']
 ['10' '20.81714816261922' 'present']
 ['2' '23.81350200358867' 'present']
 ['3' '29.738312427895817' 'present']
 ['18' '34.3082912883215' 'marauded']
 ['17' '34.492727788030216' 'presentdestroyed']
 ['9' '34.89094842051998' 'presentdestroyed']
 ['8' '37.23917599908203' 'presentdestroyed']
 ['14' '51.70043882254874' 'marauded']
 ['7' '53.570325190656995' 'presentdestroyed']
 ['16' '56.83219870718558' 'presentdestroyed']
 ['4' '57.18586524930815' 'destroyed']
 ['21' '58.13129182362071' 'presentdestroyed']
 ['0' '61.700818102041715' 'present']
 ['0' '73.58702679401672' 'present']
 ['10' '80.81581583626357' 'present']
 ['2' '82.48893477519032' 'present']
 ['11' '88.93010693738735' 'marauded']
 ['18' '94.86103726215059' 'presentdestroyed']
 ['4' '107.0308654325148' 'present']
 ['15' '118.25935386715504' 'present']
 ['9' '119.70555845045016' 'present']
 ['2' '135.46190323056547' 'present']
 ['23' '138.2776339016164' 'present']
 ['18' '138.54727695375087' 'present']
 ['16' '139.11930122759156' 'present']
 ['14' '139.68975209227898' 'present']
 ['7' '143.36600540176988' 'present']
 ['3' '153.12290043041133' 'present']
 ['7' '153.85547886383452' 'present']
 ['0' '154.59168292094006' 'marauded']
 ['21' '158.03301589376852' 'presentdestroyed']
 ['11' '175.11272255566556' 'marauded']
 ['4' '176.68918357439998' 'presentdestroyed']
 ['11' '179.86917312678472' 'presentdestroyed']
 ['13' '186.04731495501514' 'present']
 ['16' '193.66313503689648' 'marauded']
 ['19' '196.80851743184843' 'destroyed']
 ['3' '199.31277040680592' 'presentdestroyed']
 ['20' '202.4457351978026' 'marauded']
 ['6' '203.1667213945011' 'destroyed']
 ['3' '204.72400822299335' 'presentdestroyed']
 ['20' '206.06808990006738' 'presentdestroyed']
 ['9' '207.45716174011022' 'presentdestroyed']
 ['4' '211.97966517204753' 'present']
 ['23' '235.43353421500174' 'present']
 ['3' '245.36043176807533' 'present']
 ['0' '254.5262526531759' 'marauded']
 ['15' '277.7024699230358' 'marauded']
 ['10' '283.8588198398115' 'presentdestroyed']
 ['15' '286.3807446185887' 'present']
 ['21' '290.84086862842685' 'present']
 ['14' '291.8189046683522' 'present']
 ['11' '297.35861259479157' 'present']
 ['18' '304.2916167811853' 'present']
 ['7' '317.2508818353648' 'present']
 ['6' '324.65158851588325' 'present']
 ['10' '332.96820211550136' 'marauded']
 ['19' '336.5441790438332' 'presentdestroyed']
 ['16' '340.65262945040257' 'present']
 ['10' '344.4976512863011' 'present']
 ['3' '345.22354926058136' 'marauded']
 ['14' '350.58866384646035' 'presentdestroyed']]","[['F178' '42.960881305065335' 'mated']
 ['F22' '47.74137306144994' 'mated']
 ['F197' '62.440151995230174' 'mated']
 ['F194' '79.83728106417763' 'absent']
 ['F43' '81.7187828673796' 'mated']
 ['F5' '109.99247033284348' 'mated']
 ['F137' '124.42237754894637' 'mated']
 ['F6' '130.28126693793408' 'mated']
 ['F198' '162.21051416195814' 'absent']
 ['F20' '238.916639977547' 'mated']
 ['F103' '247.79298604546887' 'absent']
 ['F152' '251.98132868845676' 'absent']
 ['F144' '265.94465752362044' 'mated']
 ['F163' '305.5599079529072' 'absent']
 ['F81' '319.33822945653446' 'mated']]",583.0,73.2366441426586,15.240842687757587,1251.0,210.98951767507901,45.23503665660062,451.0,72.91952220009375,15.274089879479831,25.0,2.500000000000001,0.25000000000000017,111.0,0.5138888888888897,0.0023791152263374503
2,0.054,2,360.65834406149304,"[['17' '5.649421845563832' 'marauded']
 ['1' '7.5289426572511315' 'destroyed']
 ['11' '24.743714876350666' 'present']
 ['1' '26.378059144206897' 'marauded']
 ['16' '27.09410908344408' 'presentdestroyed']
 ['11' '27.495986911975287' 'destroyed']
 ['16' '31.835552307776886' 'presentdestroyed']
 ['6' '38.07303074373039' 'present']
 ['13' '38.893524236870846' 'present']
 ['3' '42.62597495730599' 'present']
 ['6' '45.78818747179329' 'present']
 ['1' '51.65270144815073' 'marauded']
 ['20' '54.73933746670216' 'presentdestroyed']
 ['18' '56.949437061936145' 'destroyed']
 ['7' '59.05904614145556' 'present']
 ['15' '60.04538083153749' 'marauded']
 ['13' '66.55890973087023' 'presentdestroyed']
 ['17' '71.0052618430923' 'present']
 ['1' '73.03097742518268' 'marauded']
 ['14' '76.71670184272813' 'presentdestroyed']
 ['17' '85.93643696459966' 'present']
 ['10' '86.66678809052162' 'present']
 ['1' '102.90619380791057' 'marauded']
 ['18' '107.92440736198085' 'presentdestroyed']
 ['4' '109.39141923986195' 'presentdestroyed']
 ['1' '109.4376624452222' 'destroyed']
 ['19' '115.98950058874883' 'present']
 ['11' '117.08278434897007' 'present']
 ['17' '118.47275629667459' 'present']
 ['1' '119.36319082142195' 'marauded']
 ['9' '122.61004829891883' 'presentdestroyed']
 ['10' '122.61078550704809' 'presentdestroyed']
 ['7' '139.57641818066725' 'present']
 ['20' '141.62580386947084' 'marauded']
 ['10' '144.03468312703583' 'presentdestroyed']
 ['9' '144.22076964319479' 'presentdestroyed']
 ['11' '162.34613651661235' 'marauded']
 ['20' '177.2412631192871' 'present']
 ['22' '179.41512339643393' 'present']
 ['10' '182.3603979385866' 'present']
 ['21' '194.04922347828912' 'present']
 ['15' '195.01624621022702' 'present']
 ['15' '202.77956494274804' 'present']
 ['17' '205.3162516702154' 'marauded']
 ['18' '215.6435843184373' 'present']
 ['4' '217.93975929919583' 'present']
 ['20' '225.0533152024062' 'present']
 ['11' '231.4742330766776' 'present']
 ['10' '235.54369099779552' 'present']
 ['7' '239.65295847011947' 'present']
 ['17' '253.84313753623854' 'present']
 ['18' '257.4026650338878' 'marauded']
 ['0' '261.15370428737623' 'presentdestroyed']
 ['3' '272.9832745521625' 'marauded']
 ['0' '275.01657624027723' 'presentdestroyed']
 ['13' '275.6016027151663' 'presentdestroyed']
 ['6' '279.0267794779669' 'presentdestroyed']
 ['0' '282.84222600379195' 'present']
 ['10' '285.37870976436756' 'present']
 ['1' '289.5466423160681' 'marauded']
 ['22' '290.5202293097491' 'presentdestroyed']
 ['15' '293.2616948853999' 'destroyed']
 ['18' '296.8166452358053' 'destroyed']
 ['14' '313.8763328791632' 'present']
 ['15' '316.8282399237379' 'marauded']
 ['15' '322.1111165462684' 'presentdestroyed']
 ['22' '332.47282232970394' 'present']
 ['0' '333.74913627594935' 'present']
 ['4' '347.26867796688737' 'marauded']]","[['F177' '70.1537158751506' 'mated']
 ['F137' '124.42006273413156' 'destroyed']
 ['F207' '147.903071179897' 'destroyed']
 ['F164' '163.2368100864892' 'absentdestroyed']
 ['F124' '225.74153923955444' 'absent']
 ['F185' '247.97820998530736' 'absent']
 ['F148' '269.34705762697075' 'mated']]",582.0,64.84417137007053,12.092358883564073,1206.0,202.36373509750086,43.15108130016135,543.0,91.58946584131162,19.679285750761927,11.0,1.0999999999999999,0.11000000000000004,72.0,0.3333333333333334,0.0015432098765432085
3,0.054,11,360.1434111155405,"[['11' '1.343565266673548' 'marauded']
 ['7' '2.574397674865448' 'presentdestroyed']
 ['19' '2.81897532994303' 'presentdestroyed']
 ['6' '3.3770894861368106' 'destroyed']
 ['18' '7.227553507535927' 'presentdestroyed']
 ['7' '11.743881064852648' 'present']
 ['21' '12.753044468282038' 'marauded']
 ['22' '24.219791823566368' 'present']
 ['16' '29.870256361694743' 'present']
 ['4' '30.71177797046161' 'present']
 ['13' '31.454104922817805' 'present']
 ['4' '36.73119547307103' 'present']
 ['11' '46.30010074052086' 'present']
 ['6' '59.08936139418175' 'present']
 ['8' '70.05428616177451' 'present']
 ['8' '70.94455842977369' 'present']
 ['6' '72.20069435867318' 'marauded']
 ['8' '83.83564347832109' 'present']
 ['8' '88.95772109738003' 'present']
 ['20' '95.26678503438' 'present']
 ['6' '100.24908216918608' 'present']
 ['4' '100.56089168613008' 'present']
 ['11' '103.62420485242802' 'present']
 ['10' '108.84391290199542' 'present']
 ['22' '109.13465419604867' 'present']
 ['19' '112.98885737909411' 'marauded']
 ['2' '113.61212755034582' 'presentdestroyed']
 ['1' '114.68549183546078' 'destroyed']
 ['7' '128.03230797935933' 'present']
 ['20' '135.04934208531162' 'present']
 ['6' '135.84633319226776' 'present']
 ['4' '142.4371776009585' 'present']
 ['23' '158.89773184183375' 'present']
 ['16' '159.39657314359033' 'present']
 ['2' '160.64592893519188' 'marauded']
 ['7' '166.60599180539484' 'presentdestroyed']
 ['7' '171.5394805590519' 'present']
 ['11' '171.8670741088977' 'present']
 ['14' '174.1015104111293' 'present']
 ['0' '192.97575504299846' 'present']
 ['15' '207.76658497770725' 'present']
 ['6' '208.12707051082367' 'present']
 ['2' '213.67436291399574' 'present']
 ['17' '216.80976332948663' 'marauded']
 ['18' '227.043651303154' 'present']
 ['22' '235.2711159059377' 'marauded']
 ['11' '248.95868323284495' 'present']
 ['13' '257.9880267566461' 'marauded']
 ['13' '264.90340429107914' 'present']
 ['20' '272.55939939321723' 'present']
 ['8' '280.4853889611873' 'present']
 ['8' '294.51147539558315' 'marauded']
 ['8' '314.20111448853197' 'present']
 ['17' '325.8656901296152' 'present']
 ['13' '332.0548457460529' 'present']
 ['7' '335.40733063811166' 'present']
 ['16' '336.95154370419186' 'present']
 ['11' '337.3674026068829' 'present']
 ['19' '342.09458874456703' 'present']
 ['17' '344.03070691669745' 'present']
 ['0' '357.0515421434548' 'present']]","[['F67' '56.55201477178455' 'mated']
 ['F3' '95.72869075921886' 'mated']
 ['F106' '120.52952094144311' '']
 ['F187' '125.18674491595718' 'mated']
 ['F61' '176.62693443679655' 'mated']
 ['F139' '177.591799214574' 'mated']
 ['F180' '180.17402509399122' 'absent']
 ['F14' '180.50100561344038' 'mated']
 ['F50' '188.8173053630986' 'mated']
 ['F124' '225.74385405436925' 'mated']
 ['F19' '239.47355358701978' 'absentdestroyed']
 ['F82' '254.04614000557808' 'mated']
 ['F78' '257.1767562960301' 'absent']
 ['F108' '288.44888726383107' 'mated']
 ['F113' '304.0948643956136' 'mated']]",558.0,68.48324839272406,14.998168983031984,1385.0,234.46077305964158,50.07785819167801,332.0,55.25714631574811,11.616638667054998,14.0,1.4000000000000001,0.14000000000000007,92.0,0.42592592592592643,0.0019718792866940996
4,0.054,6,360.74361130738674,"[['13' '0.0023148148148148147' 'present']
 ['0' '0.4917337275781921' 'marauded']
 ['7' '3.595883219189328' 'presentdestroyed']
 ['11' '14.275287916352037' 'present']
 ['7' '24.2056391635855' 'present']
 ['15' '26.271079465509555' 'present']
 ['1' '29.606445967791675' 'present']
 ['18' '31.934622299475468' 'present']
 ['15' '38.74522754315122' 'marauded']
 ['7' '53.27515904443256' 'present']
 ['7' '59.88571388453317' 'present']
 ['18' '61.50188505729401' 'present']
 ['10' '63.64410275685189' 'marauded']
 ['22' '69.49954075465841' 'presentdestroyed']
 ['10' '72.45488950618645' 'present']
 ['15' '75.65712995576806' 'present']
 ['18' '79.49791994924968' 'present']
 ['10' '84.56370615851915' 'present']
 ['21' '87.4110627363993' 'present']
 ['22' '93.49819151594885' 'present']
 ['21' '108.29807992611705' 'present']
 ['14' '109.11283811693465' 'present']
 ['3' '110.63336231065743' 'present']
 ['22' '112.044692109732' 'marauded']
 ['1' '114.29921829995453' 'destroyed']
 ['13' '124.38455238103509' 'present']
 ['3' '126.29176673323792' 'marauded']
 ['23' '126.45427431919744' 'presentdestroyed']
 ['22' '134.68241641240795' 'present']
 ['3' '139.90997794477892' 'present']
 ['18' '144.12566693102318' 'present']
 ['9' '145.7429561484421' 'present']
 ['1' '147.10278598697656' 'marauded']
 ['21' '147.73574844460313' 'destroyed']
 ['19' '152.51182837359326' 'presentdestroyed']
 ['22' '153.21693228948996' 'presentdestroyed']
 ['11' '154.12096145537618' 'present']
 ['23' '154.23365988331574' 'present']
 ['20' '155.79699183736219' 'present']
 ['20' '156.84739224442464' 'present']
 ['0' '176.784340399867' 'present']
 ['18' '177.34837906408106' 'present']
 ['19' '180.66804857829555' 'present']
 ['18' '182.18457399269997' 'marauded']
 ['9' '193.28693441436778' 'present']
 ['9' '194.92889836527706' 'present']
 ['16' '197.91080582767987' 'present']
 ['17' '197.98978231728674' 'marauded']
 ['8' '202.69794764523832' 'destroyed']
 ['8' '203.39845120195835' 'presentdestroyed']
 ['9' '208.64186599500982' 'present']
 ['19' '216.704312508521' 'present']
 ['19' '220.8126431912387' 'present']
 ['1' '224.56482198478778' 'present']
 ['19' '228.1900155953575' 'present']
 ['21' '231.41606312440422' 'present']
 ['18' '232.79306327750217' 'present']
 ['15' '233.49438823101872' 'present']
 ['8' '242.1448486684264' 'present']
 ['3' '246.02122851461144' 'present']
 ['3' '246.77829248611275' 'marauded']
 ['11' '249.4565466587248' 'presentdestroyed']
 ['18' '256.44221007359135' 'present']
 ['8' '261.3962302018392' 'present']
 ['18' '262.61464124046364' 'present']
 ['16' '267.59093294044993' 'present']
 ['11' '268.5384277037432' 'present']
 ['8' '271.79951025826176' 'marauded']
 ['8' '294.3727150763129' 'marauded']
 ['9' '296.76198164834784' 'destroyed']
 ['21' '301.90641470158505' 'presentdestroyed']
 ['1' '312.42646226263315' 'present']
 ['15' '315.78891013380877' 'present']
 ['1' '316.06621852496863' 'marauded']
 ['10' '318.6944050119081' 'presentdestroyed']
 ['13' '323.0596266548051' 'presentdestroyed']
 ['15' '347.42455951760866' 'present']
 ['11' '356.0376579712553' 'present']]","[['F150' '8.928357225358814' 'mated']
 ['F210' '46.39489440274671' '']
 ['F0' '106.91366740290403' 'absent']
 ['F0' '106.91829703253364' 'absent']
 ['F149' '107.31965570743954' 'mated']
 ['F104' '150.59278075342934' 'destroyed']
 ['F104' '150.59741038305896' 'destroyed']
 ['F164' '163.23912490130402' 'mated']
 ['F93' '173.52309866871727' 'mated']
 ['F33' '207.15600627950985' 'mated']
 ['F90' '220.07877837098133' 'mated']
 ['F103' '247.78835641583925' 'destroyed']
 ['F82' '254.04382519076327' '']
 ['F134' '259.4695100474855' 'absent']
 ['F24' '272.7285295713267' 'absentdestroyed']
 ['F51' '320.24978129695836' 'destroyed']]",563.0,71.00554382463538,14.307237233851453,1276.0,214.14335970725378,45.4392404990964,437.0,73.56295484632797,15.45028799280942,11.0,1.0999999999999999,0.11000000000000004,74.0,0.3425925925925927,0.0015860768175582976
5,0.0,6,360.1945421444072,"[['1' '6.690086115451957' 'present']
 ['23' '13.754548009349467' 'present']
 ['18' '17.45447196329438' 'present']
 ['6' '19.36718166807369' 'marauded']
 ['6' '34.50707376624938' 'present']
 ['19' '38.45360033622391' 'present']
 ['16' '43.245997732978644' 'marauded']
 ['13' '44.83170739624989' 'presentdestroyed']
 ['2' '47.75427667698708' 'presentdestroyed']
 ['22' '48.95368333511993' 'presentdestroyed']
 ['0' '53.808422883325605' 'present']
 ['23' '55.31232324694827' 'present']
 ['1' '60.515510644654526' 'present']
 ['6' '63.265799314535734' 'present']
 ['21' '64.02345568763486' 'present']
 ['9' '65.45361171527041' 'present']
 ['14' '68.57354585070757' 'present']
 ['0' '71.4938241864422' 'marauded']
 ['19' '77.99838540985735' 'destroyed']
 ['16' '80.36196548487221' 'marauded']
 ['4' '82.03349773130037' 'presentdestroyed']
 ['15' '86.50360865208464' 'destroyed']
 ['15' '96.36856462408217' 'present']
 ['2' '96.7608360094239' 'present']
 ['0' '98.12299580880796' 'present']
 ['9' '99.17905935494221' 'present']
 ['15' '107.62589293329474' 'present']
 ['14' '110.40124720796653' 'present']
 ['18' '114.87616514863589' 'present']
 ['21' '126.53336185133216' 'present']
 ['16' '129.16135852844945' 'present']
 ['3' '130.8563819307445' 'present']
 ['23' '133.19564073702108' 'present']
 ['15' '133.92191260340118' 'present']
 ['6' '137.12062630454403' 'present']
 ['22' '140.80183396746585' 'present']
 ['13' '146.9843317704691' 'marauded']
 ['1' '149.30980248390455' 'presentdestroyed']
 ['21' '154.09032110072076' 'presentdestroyed']
 ['19' '161.61446767395782' 'present']
 ['18' '164.36048395710324' 'present']
 ['16' '168.0382071647343' 'present']
 ['2' '174.03583976021093' 'present']
 ['11' '174.09374402809118' 'present']
 ['21' '176.2602110332989' 'present']
 ['18' '177.64521926509724' 'present']
 ['23' '181.4783032533988' 'present']
 ['0' '190.33020760967614' 'present']
 ['1' '191.33036288887274' 'present']
 ['18' '193.3379962712422' 'present']
 ['18' '196.72502695153193' 'marauded']
 ['21' '197.22047630351338' 'presentdestroyed']
 ['14' '200.11760946910678' 'presentdestroyed']
 ['10' '206.1948011653913' 'present']
 ['22' '206.6953802775041' 'present']
 ['4' '207.7437133740726' 'present']
 ['6' '213.03673403238608' 'present']
 ['10' '221.69815649720573' 'present']
 ['2' '223.14554658149905' 'present']
 ['1' '227.05260051851457' 'present']
 ['10' '227.23135546224466' 'present']
 ['2' '231.52483634469314' 'present']
 ['10' '233.9878924905648' 'present']
 ['15' '241.05065036645223' 'present']
 ['3' '246.01659888498182' 'present']
 ['22' '252.0481237186096' 'present']
 ['1' '253.61578817613824' 'present']
 ['18' '259.20705061418124' 'present']
 ['7' '260.82726712161303' 'present']
 ['0' '261.14907465774655' 'present']
 ['9' '262.280574800635' 'present']
 ['4' '263.35326767604414' 'present']
 ['10' '285.16402079003353' 'present']
 ['23' '286.1569040487626' 'present']
 ['11' '296.5332578710719' 'marauded']
 ['22' '322.38252126887875' 'marauded']
 ['22' '329.00816520818825' 'presentdestroyed']
 ['6' '329.9528915593659' 'presentdestroyed']
 ['17' '331.4445637742854' 'present']
 ['4' '336.3069228029306' 'present']
 ['19' '340.34228199002234' 'present']
 ['6' '340.79296158997977' 'present']
 ['22' '347.00673654564446' 'present']]","[['F194' '79.84191069380725' 'mated']
 ['F182' '115.02370354272905' 'absent']
 ['F146' '145.0562119407498' 'mated']
 ['F190' '160.13166541992047' 'mated']
 ['F60' '161.03846478178608' 'absent']
 ['F165' '193.2641988930116' 'absent']
 ['F57' '224.31079494515913' 'mated']
 ['F100' '256.04960487775406' 'mated']
 ['F134' '259.47182486230037' 'mated']]",571.0,69.84416506054916,13.296675219916896,1386.0,241.68832409718374,52.99656781523351,288.0,48.62292091757605,10.464680504550858,0.0,0.0,0.0,0.0,0.0,0.0
6,0.054,14,360.13446436494723,"[['1' '1.0150496827221978' 'present']
 ['19' '8.709378659791248' 'present']
 ['11' '15.909729176987016' 'present']
 ['15' '21.073481656682514' 'present']
 ['19' '23.382536540294062' 'present']
 ['21' '24.578319339011752' 'present']
 ['18' '24.84281993770623' 'marauded']
 ['0' '28.774293924626853' 'presentdestroyed']
 ['8' '33.90149233199299' 'present']
 ['8' '36.36188043792517' 'present']
 ['8' '39.55113432766983' 'present']
 ['22' '43.9119768487473' 'present']
 ['4' '49.997520073685784' 'marauded']
 ['20' '51.707993471232946' 'presentdestroyed']
 ['18' '54.87485393106957' 'destroyed']
 ['11' '68.38503380197871' 'present']
 ['4' '74.20576166049548' 'present']
 ['9' '74.30631872363844' 'present']
 ['9' '76.65339860021419' 'present']
 ['9' '78.88408580778136' 'present']
 ['20' '81.23327327707514' 'present']
 ['16' '106.64115547045768' 'present']
 ['8' '110.48217731448679' 'marauded']
 ['21' '111.6339964348344' 'presentdestroyed']
 ['13' '123.81581828030978' 'present']
 ['13' '132.77517981595503' 'present']
 ['10' '139.7692006410915' 'present']
 ['11' '141.6856846954435' 'marauded']
 ['8' '150.72255527230053' 'present']
 ['3' '151.3582803544676' 'present']
 ['10' '153.80286871065226' 'marauded']
 ['7' '156.72969666216966' 'presentdestroyed']
 ['13' '163.8304859712789' 'present']
 ['4' '166.08559990058387' 'present']
 ['0' '168.4216387549228' 'present']
 ['23' '176.5402043176434' 'present']
 ['15' '182.73769824863402' 'present']
 ['19' '191.84364679749842' 'present']
 ['1' '193.33604690040232' 'present']
 ['15' '193.46973734404622' 'present']
 ['20' '210.97040595389075' 'present']
 ['0' '216.10943514300234' 'present']
 ['8' '223.93840540233109' 'marauded']
 ['15' '228.26587367395484' 'presentdestroyed']
 ['22' '229.2680495919374' 'presentdestroyed']
 ['9' '233.2874480294523' 'marauded']
 ['9' '236.8645703789234' 'presentdestroyed']
 ['23' '243.37532550223906' 'present']
 ['15' '245.15788529891347' 'present']
 ['19' '249.29865316901467' 'present']
 ['4' '255.95183168469345' 'present']
 ['10' '259.29543923201004' 'marauded']
 ['14' '263.89789232192896' 'presentdestroyed']
 ['19' '265.70781794169295' 'presentdestroyed']
 ['1' '270.72618945661475' 'present']
 ['9' '284.60208060632834' 'marauded']
 ['7' '300.0134112568163' 'present']
 ['2' '312.6331255821255' 'present']
 ['14' '314.5753757605778' 'present']
 ['8' '324.3559720206717' 'present']
 ['3' '325.34820197016285' 'present']
 ['20' '326.1708463934826' 'present']
 ['16' '333.9917106902355' 'present']
 ['8' '335.1943523907477' 'present']
 ['18' '345.6976778884189' 'present']
 ['9' '351.8025321386815' 'present']
 ['9' '356.89580230543976' 'present']
 ['17' '359.8677094033983' 'present']]","[['F118' '35.55017963102319' 'mated']
 ['F73' '52.84227946509818' 'destroyed']
 ['F42' '68.99111034127553' 'mated']
 ['F205' '91.72378976823984' 'mated']
 ['F111' '102.10783742581117' 'mated']
 ['F191' '111.6539693409913' 'destroyed']
 ['F142' '119.43404469044492' 'mated']
 ['F77' '125.39615665616711' 'mated']
 ['F117' '129.961492956652' 'mated']
 ['F213' '136.52642065421597' 'mated']
 ['F39' '152.05237695206097' 'mated']
 ['F88' '154.1965621376203' 'destroyed']
 ['F36' '164.44152622849597' 'mated']
 ['F110' '200.30010349582017' 'mated']
 ['F19' '239.4758684018346' 'absentdestroyed']
 ['F214' '240.51107405778853' 'destroyed']
 ['F107' '244.55041279092856' 'absent']
 ['F175' '272.2714505027897' 'mated']
 ['F26' '308.648405603565' 'mated']
 ['F51' '320.25441092658804' 'mated']]",561.0,70.682618885563,14.470203462418908,1411.0,232.9296866713053,48.712739537114146,332.0,55.000937627130085,11.453771682609315,11.0,1.0999999999999999,0.11000000000000004,74.0,0.3425925925925927,0.0015860768175582976
7,0.054,4,360.4986247676516,"[['6' '8.495352176821179' 'present']
 ['10' '15.936314672270377' 'marauded']
 ['17' '16.30662565480124' 'presentdestroyed']
 ['2' '19.429903565421817' 'presentdestroyed']
 ['19' '26.335910183642266' 'present']
 ['8' '28.13935603368813' 'present']
 ['9' '34.88631879089035' 'present']
 ['15' '35.362115100090186' 'marauded']
 ['6' '40.667906819187955' 'presentdestroyed']
 ['20' '42.638786405694326' 'presentdestroyed']
 ['10' '45.781568963657506' 'present']
 ['17' '58.85081002522445' 'present']
 ['13' '62.52894064109936' 'marauded']
 ['0' '67.38466440084835' 'presentdestroyed']
 ['8' '77.32538153268516' 'present']
 ['11' '78.38594843067833' 'present']
 ['18' '81.3281090655669' 'present']
 ['18' '84.01037620112469' 'present']
 ['14' '84.32573462144029' 'present']
 ['1' '84.78056217464963' 'marauded']
 ['21' '92.30541783717187' 'present']
 ['0' '92.34324477457656' 'present']
 ['3' '92.64067917487836' 'present']
 ['15' '97.88058890749642' 'present']
 ['3' '98.37493457173761' 'present']
 ['1' '101.40186506534073' 'present']
 ['8' '104.24728444463345' 'present']
 ['16' '112.51465545034792' 'present']
 ['19' '115.67340781072667' 'marauded']
 ['0' '119.33176864413608' 'presentdestroyed']
 ['6' '125.8553152421904' 'present']
 ['6' '129.48234692459806' 'present']
 ['1' '146.22266743985284' 'present']
 ['10' '155.79088816667613' 'present']
 ['3' '158.8458707496647' 'present']
 ['14' '159.72972746400902' 'present']
 ['22' '175.74924409459234' 'marauded']
 ['16' '181.11337292165743' 'destroyed']
 ['3' '190.774867584805' 'present']
 ['18' '194.59302485148027' 'present']
 ['21' '195.39844206414222' 'marauded']
 ['19' '203.5234557524346' 'present']
 ['15' '208.01934895808722' 'marauded']
 ['14' '208.95351541529237' 'presentdestroyed']
 ['3' '213.21501433797596' 'presentdestroyed']
 ['19' '218.25233250938834' 'present']
 ['2' '225.13574970036828' 'marauded']
 ['14' '228.0260313051613' 'presentdestroyed']
 ['23' '242.14146353184634' 'present']
 ['21' '247.33761745479623' 'present']
 ['17' '253.89763065996135' 'present']
 ['21' '262.22928434141494' 'present']
 ['16' '264.2607625653445' 'present']
 ['1' '269.0038534328489' 'marauded']
 ['0' '282.8468556334216' 'present']
 ['3' '288.1489364999804' 'marauded']
 ['9' '295.05225709036523' 'presentdestroyed']
 ['11' '295.5571131368984' 'present']
 ['14' '306.90066184175834' 'present']
 ['11' '307.94324914670887' 'marauded']
 ['23' '310.7101438024896' 'presentdestroyed']
 ['13' '314.70706887426115' 'presentdestroyed']
 ['11' '324.86769133911633' 'present']
 ['16' '325.6204812916749' 'present']
 ['1' '326.624887523671' 'present']
 ['4' '328.1904185291041' 'present']
 ['23' '347.92379516676357' 'present']
 ['19' '351.54229551131357' 'marauded']
 ['19' '351.9420030985698' 'presentdestroyed']]","[['F210' '46.39952403237634' 'absent']
 ['F4' '48.005565536877164' 'mated']
 ['F42' '68.98879552646072' 'destroyed']
 ['F63' '89.73198011485292' 'destroyed']
 ['F46' '143.45221081227905' 'mated']
 ['F21' '184.26596723226092' 'mated']
 ['F54' '196.58568995792072' 'destroyed']
 ['F91' '245.64848879656262' 'mated']
 ['F108' '288.4442576342014' 'destroyed']
 ['F179' '356.4484164260594' 'destroyed']]",577.0,71.04459002592702,14.510034395479563,1253.0,207.98894208095243,43.719739726684494,469.0,79.339173427851,17.357206539446203,14.0,1.4000000000000001,0.14000000000000007,69.0,0.3194444444444445,0.0014789094650205748
8,0.054,5,360.447922797699,"[['7' '12.77902576293369' 'marauded']
 ['6' '13.922221675282247' 'destroyed']
 ['11' '18.154432887327058' 'destroyed']
 ['22' '21.448564432512963' 'present']
 ['13' '25.231994868125778' 'present']
 ['0' '30.429245655486273' 'present']
 ['21' '37.05096095860847' 'present']
 ['10' '41.10034619700061' 'present']
 ['3' '43.245027791909095' 'present']
 ['11' '43.3955650479791' 'present']
 ['3' '44.62082635966786' 'present']
 ['10' '48.5833620140642' 'marauded']
 ['17' '50.90260400310134' 'presentdestroyed']
 ['22' '57.522990589742875' 'present']
 ['11' '62.22313279780926' 'present']
 ['11' '65.0076545351776' 'present']
 ['17' '66.65373095530366' 'present']
 ['1' '70.66462339339448' 'present']
 ['0' '75.38437250581396' 'present']
 ['11' '77.47755116866655' 'present']
 ['1' '80.73718441033272' 'present']
 ['7' '82.51052263027668' 'present']
 ['2' '86.49504484588202' 'present']
 ['13' '95.84807564652857' 'present']
 ['19' '99.57982427252728' 'present']
 ['15' '100.60494137580655' 'present']
 ['11' '108.79961159267853' 'present']
 ['19' '113.57836968459128' 'marauded']
 ['19' '117.37309289643511' 'destroyed']
 ['20' '119.18465473339158' 'presentdestroyed']
 ['22' '128.72512564311504' 'present']
 ['15' '138.52999773083258' 'present']
 ['1' '139.95293725127829' 'present']
 ['2' '141.34417255688007' 'present']
 ['18' '146.7841781434683' 'present']
 ['14' '149.14435327810492' 'present']
 ['17' '153.6865993362519' 'present']
 ['13' '157.1086115718082' 'present']
 ['4' '160.85451468302787' 'marauded']
 ['0' '164.9227395941768' 'presentdestroyed']
 ['20' '166.24080217902795' 'destroyed']
 ['20' '170.42903809463613' 'present']
 ['11' '170.65092656790767' 'present']
 ['2' '182.80367746816944' 'present']
 ['3' '183.7195150508593' 'present']
 ['23' '186.76344536854583' 'present']
 ['0' '203.602318745775' 'present']
 ['9' '210.01996384414468' 'present']
 ['21' '212.3212731703244' 'present']
 ['17' '213.19487044426137' 'present']
 ['6' '217.88319834771696' 'present']
 ['1' '221.27031559897932' 'present']
 ['14' '225.05195758152684' 'marauded']
 ['1' '227.04797088888495' 'presentdestroyed']
 ['18' '233.2355110205445' 'present']
 ['2' '237.65892678236645' 'present']
 ['0' '238.722152086447' 'present']
 ['1' '239.87322730209115' 'present']
 ['20' '250.45801758438745' 'present']
 ['9' '251.95675970447638' 'present']
 ['20' '262.2990272691533' 'present']
 ['1' '267.9707689091351' 'present']
 ['16' '268.05956749763965' 'present']
 ['15' '268.1535856188097' 'present']
 ['9' '270.8021494384884' 'present']
 ['9' '275.43657336298463' 'present']
 ['0' '278.0045706107296' 'present']
 ['21' '283.4897727848801' 'present']
 ['3' '285.46825658489325' 'present']
 ['20' '286.33954856795543' 'present']
 ['7' '287.265813465178' 'present']
 ['15' '295.976028758846' 'present']
 ['0' '314.08742288371354' 'present']
 ['7' '330.0805740606839' 'present']
 ['10' '330.20959733535705' 'present']
 ['11' '336.07907932705064' 'present']
 ['2' '341.0880930945173' 'present']
 ['3' '346.52807862870895' 'present']
 ['11' '356.4719528153848' 'marauded']]","[['F128' '54.82603594401298' 'absentdestroyed']
 ['F215' '74.16586349499498' 'mated']
 ['F63' '89.73429492966773' 'absent']
 ['F74' '118.32336315004522' 'destroyed']
 ['F60' '161.04077959660088' 'destroyed']
 ['F153' '171.46724143704043' 'mated']
 ['F139' '177.58716958494438' 'absent']
 ['F165' '193.26651370782642' 'mated']
 ['F69' '271.25367970868774' 'mated']
 ['F136' '278.4684767728582' 'mated']
 ['F116' '318.55371752572717' 'absent']]",571.0,74.85566013786308,15.500043818872085,1498.0,250.5300299204818,53.29117952436313,204.0,33.07818115092674,7.025876403707296,12.0,1.2,0.12000000000000005,78.0,0.3611111111111113,0.0016718106995884758
9,0.054,14,360.51141297508445,"[['2' '13.18804047130561' 'present']
 ['13' '16.557220157740204' 'present']
 ['13' '24.542830008262833' 'present']
 ['7' '25.51215432667662' 'present']
 ['22' '27.300765512199575' 'present']
 ['18' '38.47518288500313' 'present']
 ['14' '39.23463100911964' 'present']
 ['13' '39.7916734509071' 'present']
 ['23' '47.47722940519146' 'present']
 ['11' '47.89386678055602' 'present']
 ['23' '49.21050080524435' 'marauded']
 ['2' '50.25640413470669' 'presentdestroyed']
 ['13' '51.66824305286866' 'destroyed']
 ['18' '58.767659658150386' 'present']
 ['7' '61.67960279832166' 'present']
 ['14' '65.33205498928484' 'present']
 ['3' '66.37440731038359' 'present']
 ['0' '73.06795975454746' 'present']
 ['7' '84.77902897665786' 'present']
 ['4' '94.9734284061056' 'present']
 ['20' '100.68148306714961' 'present']
 ['6' '103.43382369646562' 'marauded']
 ['1' '112.60155050060897' 'present']
 ['11' '121.98966209163243' 'present']
 ['15' '122.34160080654634' 'present']
 ['20' '126.52654325784263' 'marauded']
 ['1' '127.46490286844092' 'destroyed']
 ['2' '135.88993569184618' 'marauded']
 ['6' '137.1159966749144' 'presentdestroyed']
 ['18' '137.94045017964044' 'destroyed']
 ['2' '140.9759421236165' 'presentdestroyed']
 ['1' '142.54749546498323' 'presentdestroyed']
 ['22' '147.55099431075843' 'present']
 ['1' '151.1333104231306' 'present']
 ['14' '151.36456970039094' 'present']
 ['7' '154.55918192854227' 'present']
 ['4' '154.86323191359045' 'present']
 ['14' '160.352008583823' 'present']
 ['6' '164.87128566654005' 'marauded']
 ['8' '177.60613306196888' 'present']
 ['23' '178.92792382246898' 'present']
 ['1' '189.1840931094305' 'present']
 ['11' '193.22480820845806' 'present']
 ['2' '199.51264695287873' 'present']
 ['17' '200.35621709575247' 'present']
 ['6' '206.34673415559755' 'present']
 ['4' '208.893031532029' 'present']
 ['18' '209.03037392097124' 'present']
 ['23' '210.6293027761262' 'present']
 ['1' '222.16668276827096' 'marauded']
 ['21' '226.10446343527647' 'presentdestroyed']
 ['3' '227.913136485783' 'presentdestroyed']
 ['2' '231.2245947312095' 'present']
 ['4' '232.2700322733837' 'present']
 ['0' '237.03593715051684' 'present']
 ['14' '243.75809138198935' 'marauded']
 ['1' '245.50816021982124' 'presentdestroyed']
 ['8' '272.9885185875884' 'present']
 ['13' '311.5488949964016' 'present']
 ['11' '318.47073791513316' 'present']
 ['1' '322.0730631105947' 'present']
 ['23' '322.88919167613517' 'present']
 ['11' '322.92778097427555' 'present']
 ['8' '326.62336966508866' 'present']
 ['13' '329.8002164070313' 'marauded']
 ['8' '331.187246106158' 'presentdestroyed']
 ['17' '333.64061835466117' 'presentdestroyed']
 ['6' '335.9410655934576' 'presentdestroyed']
 ['11' '336.9216490218896' 'presentdestroyed']
 ['0' '337.8375302846721' 'marauded']]","[['F195' '44.765797574403834' 'mated']
 ['F65' '73.10884463825988' 'mated']
 ['F16' '112.31199486312619' 'mated']
 ['F74' '118.32104833523042' 'absent']
 ['F213' '136.52410583940116' 'destroyed']
 ['F126' '144.29037905963514' 'mated']
 ['F31' '150.42233052160904' 'mated']
 ['F198' '162.20588453232853' 'absent']
 ['F192' '170.2844101280618' 'destroyed']
 ['F54' '196.5833751431059' 'absent']
 ['F92' '205.65404185165713' 'mated']
 ['F212' '232.68522790736603' 'mated']
 ['F45' '237.88348760643143' 'mated']
 ['F209' '259.5390471049388' 'mated']
 ['F141' '264.41215765598207' 'mated']
 ['F24' '272.72621475651187' 'absent']
 ['F89' '276.61649256950665' 'mated']
 ['F34' '278.47498931130576' 'mated']
 ['F40' '280.46492105893947' 'mated']
 ['F113' '304.0925495807988' 'absent']
 ['F116' '318.5606619701717' 'mated']]",564.0,71.84245466726739,15.670932080265173,1379.0,231.37399281393556,49.05023359452999,317.0,55.07739507229096,12.36661196169577,14.0,1.4000000000000001,0.14000000000000007,84.0,0.38888888888888923,0.0018004115226337432
10,0.054,10,360.2578339456086,"[['2' '2.4180544752579953' 'present']
 ['21' '3.40468222243249' 'present']
 ['9' '7.927264449299174' 'marauded']
 ['4' '12.357974592239277' 'destroyed']
 ['23' '13.518441427602736' 'presentdestroyed']
 ['11' '13.70169789146404' 'presentdestroyed']
 ['13' '23.90279502814089' 'present']
 ['9' '26.824726741919225' 'present']
 ['18' '28.36869234537838' 'present']
 ['22' '38.83435804498246' 'present']
 ['18' '65.27609251925655' 'present']
 ['9' '69.28468008949602' 'present']
 ['6' '69.36882267890705' 'present']
 ['9' '73.3399020412565' 'marauded']
 ['4' '88.91944301943659' 'present']
 ['4' '91.47005454071817' 'present']
 ['7' '95.42988452536247' 'present']
 ['11' '97.78127031516155' 'present']
 ['23' '97.89549851328921' 'present']
 ['9' '99.18368898457183' 'marauded']
 ['19' '110.49487827513688' 'present']
 ['11' '117.77203943743159' 'present']
 ['1' '121.8023908394684' 'present']
 ['0' '124.49155407937907' 'present']
 ['2' '128.55737597457377' 'present']
 ['11' '132.93059458128783' 'present']
 ['3' '151.58210696933955' 'present']
 ['1' '152.83610046037523' 'present']
 ['6' '170.96976871284147' 'present']
 ['6' '172.52892808196958' 'marauded']
 ['13' '174.7131874896113' 'presentdestroyed']
 ['21' '176.76860391710798' 'presentdestroyed']
 ['8' '177.8623046910771' 'presentdestroyed']
 ['20' '185.04505633643316' 'marauded']
 ['15' '187.79519617060438' 'destroyed']
 ['1' '190.05346521237553' 'presentdestroyed']
 ['23' '191.4542791358138' 'presentdestroyed']
 ['11' '196.09306613776116' 'present']
 ['22' '215.9014113354727' 'present']
 ['18' '217.77632567530216' 'present']
 ['18' '229.57796596328197' 'present']
 ['1' '237.60381335617905' 'present']
 ['18' '244.9025447237756' 'marauded']
 ['1' '248.34130704335644' 'presentdestroyed']
 ['14' '251.96744665115014' 'presentdestroyed']
 ['22' '261.0213871110078' 'marauded']
 ['1' '272.84236221947134' 'present']
 ['15' '274.4985336059995' 'present']
 ['21' '276.5902272847335' 'present']
 ['14' '286.71364479029364' 'marauded']
 ['22' '289.83870962158943' 'presentdestroyed']
 ['3' '294.4970851554856' 'marauded']
 ['17' '300.25011666050744' 'presentdestroyed']
 ['8' '300.3562585049034' 'presentdestroyed']
 ['1' '311.2488685177497' 'marauded']
 ['20' '312.4127860344477' 'destroyed']
 ['14' '312.5499763673613' 'presentdestroyed']
 ['9' '316.2010787049197' 'presentdestroyed']
 ['11' '318.4661082855035' 'present']
 ['14' '318.9759640166461' 'marauded']
 ['13' '321.59964906919254' 'presentdestroyed']
 ['8' '324.351342391042' 'presentdestroyed']
 ['9' '325.86807898066706' 'presentdestroyed']
 ['7' '336.40749794354355' 'marauded']
 ['16' '340.8345226510969' 'destroyed']
 ['1' '344.6012066183518' 'present']
 ['7' '346.3464444104298' 'marauded']]","[['F125' '35.709646836684485' 'mated']
 ['F112' '81.67783065361367' 'mated']
 ['F135' '90.01050911210267' 'mated']
 ['F0' '106.91598221771883' 'destroyed']
 ['F80' '163.33472219241793' 'mated']
 ['F173' '165.80684414513001' 'mated']
 ['F180' '180.1717102791764' 'absentdestroyed']
 ['F120' '190.19938170334473' 'destroyed']
 ['F99' '192.57308353255203' 'destroyed']
 ['F127' '211.05800867428118' 'mated']
 ['F167' '221.83595413027467' 'mated']
 ['F140' '229.56535863625552' 'mated']
 ['F75' '238.07226922871055' 'mated']
 ['F152' '251.98364350327157' 'destroyed']
 ['F144' '265.9423427088056' 'destroyed']
 ['F108' '288.44657244901623' 'destroyed']
 ['F158' '344.87900146204674' 'mated']]",552.0,73.51575544571247,15.805892459830117,1226.0,205.4629866973663,43.88218773681824,460.0,79.58881284864604,17.10931168358631,12.0,1.2,0.12000000000000005,74.0,0.3425925925925927,0.0015860768175582976
11,0.054,8,360.6038657274775,"[['16' '18.860574153454554' 'present']
 ['9' '23.15730274129994' 'present']
 ['7' '30.181557768909745' 'present']
 ['18' '34.73405052752881' 'marauded']
 ['9' '35.38597662425454' 'presentdestroyed']
 ['8' '41.19326886454204' 'presentdestroyed']
 ['1' '45.737046315264244' 'present']
 ['21' '49.57468596549031' 'marauded']
 ['4' '50.86031834971752' 'presentdestroyed']
 ['15' '51.30667134706938' 'presentdestroyed']
 ['14' '51.89500698682198' 'presentdestroyed']
 ['9' '77.2515798652494' 'present']
 ['16' '79.59501638016557' 'present']
 ['2' '83.36461633164389' 'present']
 ['10' '84.56833578814877' 'present']
 ['3' '88.78304366411795' 'present']
 ['10' '95.60706590836551' 'present']
 ['9' '98.38083830659014' 'present']
 ['23' '104.0764592896208' 'present']
 ['16' '108.42230643834009' 'present']
 ['21' '136.4488644955132' 'present']
 ['23' '137.31927975269662' 'present']
 ['23' '137.81171726419598' 'present']
 ['14' '138.62637927557543' 'present']
 ['19' '138.8964607397374' 'present']
 ['6' '139.56189210934' 'present']
 ['10' '153.74350106458976' 'present']
 ['10' '153.79823908102264' 'present']
 ['15' '160.11295511172966' 'present']
 ['4' '162.48010529595433' 'present']
 ['16' '167.8738656663617' 'present']
 ['20' '169.05883917559538' 'present']
 ['6' '185.325298748192' 'present']
 ['7' '185.82551621947374' 'present']
 ['13' '186.04268532538552' 'present']
 ['17' '194.99972872779543' 'present']
 ['1' '201.93694397382447' 'marauded']
 ['6' '210.79196244546137' 'marauded']
 ['4' '211.67455652472006' 'presentdestroyed']
 ['10' '217.2300865901678' 'presentdestroyed']
 ['19' '219.3239895489592' 'present']
 ['15' '240.36981707937926' 'marauded']
 ['4' '244.5141558911084' 'presentdestroyed']
 ['7' '249.2633648989562' 'present']
 ['10' '252.8597434747085' 'marauded']
 ['10' '255.92660609098084' 'presentdestroyed']
 ['3' '256.0131738611686' 'presentdestroyed']
 ['18' '259.9385090140635' 'presentdestroyed']
 ['0' '260.39573356538745' 'marauded']
 ['4' '270.9719747554351' 'marauded']
 ['15' '275.6617236945602' 'presentdestroyed']
 ['9' '286.6275509318326' 'marauded']
 ['2' '305.3588167732012' 'present']
 ['10' '307.02273430054584' 'present']
 ['20' '307.5051580338246' 'present']
 ['17' '317.24279351613694' 'present']
 ['8' '323.54785121910095' 'present']
 ['1' '331.81266007702385' 'present']
 ['7' '334.168050612131' 'present']
 ['23' '334.8303611291338' 'present']
 ['17' '335.10339730833323' 'present']
 ['4' '339.2690200472331' 'marauded']
 ['4' '339.59623502204266' 'presentdestroyed']
 ['3' '346.2369342474108' 'destroyed']]","[['F48' '90.28040462984863' 'mated']
 ['F59' '113.36043538067042' 'mated']
 ['F145' '128.84433880232254' 'mated']
 ['F207' '147.90770080952663' 'mated']
 ['F198' '162.21282897677295' 'mated']
 ['F93' '173.52078385390246' 'absent']
 ['F58' '199.8623157683187' 'mated']
 ['F70' '208.5813188585394' 'destroyed']
 ['F90' '220.07646355616652' 'absent']
 ['F185' '247.97589517049255' '']
 ['F79' '312.4562316456941' 'mated']
 ['F200' '314.1312076078231' 'mated']]",585.0,71.46203438312584,14.865982977152306,1347.0,225.83858373655232,47.874879682277154,362.0,61.12171427088246,13.026892140767357,13.0,1.3,0.13000000000000006,91.0,0.4212962962962968,0.001950445816186555
12,0.0,5,360.0922561783681,"[['9' '2.087678792099247' 'present']
 ['15' '10.410786070704427' 'present']
 ['3' '10.478168055487682' 'present']
 ['11' '10.958237502366934' 'present']
 ['15' '12.313664983801383' 'present']
 ['4' '12.362604221868907' 'present']
 ['0' '21.964945935684472' 'present']
 ['11' '26.562277566853073' 'present']
 ['19' '28.96593893019102' 'present']
 ['3' '30.154142108909138' 'present']
 ['4' '36.13372616281058' 'present']
 ['17' '44.661914906084775' 'present']
 ['1' '48.79768442718641' 'marauded']
 ['2' '48.84255390828937' 'destroyed']
 ['18' '50.66738416034139' 'destroyed']
 ['14' '54.63289429633496' 'presentdestroyed']
 ['21' '62.6969782120555' 'present']
 ['16' '66.85893720652975' 'marauded']
 ['17' '68.63219867750546' 'presentdestroyed']
 ['11' '78.39520768993756' 'present']
 ['1' '79.36068130359239' 'marauded']
 ['15' '84.90431399938005' 'presentdestroyed']
 ['17' '88.78442560782912' 'present']
 ['2' '90.72526615961178' 'present']
 ['17' '93.05859085634323' 'present']
 ['2' '93.50438850582115' 'present']
 ['22' '95.25947332898477' 'present']
 ['15' '96.50119584621171' 'present']
 ['9' '96.79196138615023' 'present']
 ['22' '98.49565430143456' 'present']
 ['21' '99.51696130535365' 'present']
 ['16' '103.166840039159' 'marauded']
 ['11' '107.384179391221' 'presentdestroyed']
 ['22' '114.04627209364871' 'present']
 ['15' '120.24616465498137' 'present']
 ['0' '120.72216154880394' 'present']
 ['20' '125.25176611248402' 'present']
 ['3' '126.8476364274686' 'present']
 ['6' '130.69021702144863' 'present']
 ['14' '148.6360689895254' 'present']
 ['19' '155.55444437911754' 'present']
 ['0' '168.4170091252932' 'present']
 ['17' '169.06953278654652' 'present']
 ['19' '169.41334146310052' 'present']
 ['2' '170.26362988884551' 'present']
 ['21' '178.94879857043452' 'present']
 ['22' '180.34788965800868' 'present']
 ['16' '186.6910225179523' 'present']
 ['15' '188.82288167158018' 'present']
 ['8' '190.72681192464304' 'present']
 ['16' '193.65850540726686' 'present']
 ['8' '199.12073760538723' 'marauded']
 ['21' '199.19126526931018' 'destroyed']
 ['17' '199.8776032167634' 'presentdestroyed']
 ['22' '202.1961598039737' 'presentdestroyed']
 ['4' '211.67918615434968' 'present']
 ['14' '212.01316265084589' 'present']
 ['13' '213.57891360279433' 'present']
 ['1' '215.5338430567573' 'marauded']
 ['2' '217.53290941535334' 'presentdestroyed']
 ['2' '221.84189580207203' 'presentdestroyed']
 ['15' '222.07236801158808' 'presentdestroyed']
 ['18' '226.1317461059691' 'present']
 ['20' '239.87949896585553' 'present']
 ['13' '240.47706876410862' 'present']
 ['6' '247.6121487329051' 'present']
 ['22' '249.2390013128854' 'present']
 ['18' '258.0347118652591' 'present']
 ['18' '284.5289285103118' 'present']
 ['19' '296.64821313418753' 'present']
 ['6' '299.1170228158054' 'present']
 ['17' '302.13183905819153' 'marauded']
 ['11' '304.0268958691483' 'presentdestroyed']
 ['20' '319.6467840970655' 'present']
 ['20' '324.15683282982474' 'marauded']
 ['15' '327.72911829925204' 'presentdestroyed']
 ['4' '331.29290270589553' 'present']
 ['1' '332.1961799564955' 'present']
 ['11' '333.8884446714638' 'marauded']
 ['19' '334.4581695990389' 'presentdestroyed']
 ['16' '335.7427247250615' 'presentdestroyed']
 ['19' '336.3158654362139' 'presentdestroyed']
 ['4' '337.1855019230216' 'presentdestroyed']
 ['11' '337.9106808874431' 'presentdestroyed']
 ['17' '338.60979117220177' 'presentdestroyed']
 ['10' '359.8615140679669' 'present']]","[['F177' '70.15140106033579' 'destroyed']
 ['F0' '106.91135258808922' 'absentdestroyed']
 ['F187' '125.18443010114237' 'absent']
 ['F170' '149.79551048233083' 'mated']
 ['F88' '154.1988769524351' 'mated']
 ['F172' '196.9053930033237' 'mated']
 ['F103' '247.79530086028367' 'mated']
 ['F78' '257.1790711108449' 'mated']]",563.0,70.41573147132371,15.132041187434284,1407.0,234.12560729771215,49.32689563878029,322.0,55.55932147402171,12.447493376287218,0.0,0.0,0.0,0.0,0.0,0.0
13,0.054,7,360.03971515225913,"[['0' '3.609293528894496' 'present']
 ['11' '9.068764813195607' 'marauded']
 ['18' '9.417372627358194' 'destroyed']
 ['15' '9.420914463546671' 'destroyed']
 ['6' '11.274584692585282' 'destroyed']
 ['0' '14.410992706100892' 'presentdestroyed']
 ['15' '35.7079266034934' 'present']
 ['9' '39.638226534752036' 'present']
 ['14' '50.5515009105179' 'present']
 ['23' '73.53668178760518' 'marauded']
 ['18' '80.05027106012582' 'presentdestroyed']
 ['11' '81.47824188363568' 'present']
 ['19' '87.53631555565005' 'marauded']
 ['2' '88.31438632010338' 'presentdestroyed']
 ['6' '90.45401075207162' 'presentdestroyed']
 ['2' '91.21687577713081' 'presentdestroyed']
 ['6' '91.78375685535839' 'destroyed']
 ['18' '104.43696180665958' 'present']
 ['1' '107.89454830616731' 'marauded']
 ['6' '109.53873577219701' 'presentdestroyed']
 ['11' '118.80056360669319' 'present']
 ['14' '122.0513417547534' 'present']
 ['20' '140.4149136743875' 'present']
 ['10' '152.6830518624988' 'present']
 ['1' '154.1351124245503' 'present']
 ['20' '170.23761664927542' 'present']
 ['1' '170.7799773665083' 'present']
 ['2' '174.13743079145686' 'present']
 ['22' '176.12612109005045' 'marauded']
 ['18' '185.39585408587166' 'present']
 ['22' '187.4514152989949' 'present']
 ['1' '188.50546629363956' 'present']
 ['22' '189.78713455872864' 'present']
 ['20' '190.18314973203218' 'present']
 ['18' '202.6510872320106' 'present']
 ['3' '206.81673997966098' 'present']
 ['19' '214.66572450550083' 'present']
 ['17' '217.38299139934512' 'present']
 ['1' '218.83755508087066' 'present']
 ['16' '222.88716416178443' 'marauded']
 ['8' '234.42619745152132' 'present']
 ['9' '234.95101425483765' 'present']
 ['1' '242.52600701602762' 'present']
 ['19' '243.22913889539433' 'present']
 ['4' '243.82130454968512' 'present']
 ['7' '246.03686246070026' 'present']
 ['8' '249.4178806889613' 'marauded']
 ['17' '257.9552198806494' 'present']
 ['4' '260.24398080701974' 'present']
 ['7' '261.01092979526277' 'present']
 ['0' '277.47349151907224' 'present']
 ['6' '278.5081265304562' 'marauded']
 ['3' '285.0104108298948' 'presentdestroyed']
 ['15' '292.34970271525714' 'present']
 ['8' '292.54697891248577' 'present']
 ['0' '299.5754646915076' 'present']
 ['2' '301.74460348806036' 'present']
 ['17' '312.82996706331465' 'present']
 ['6' '317.1420200452774' 'present']
 ['23' '328.90578391033955' 'present']
 ['17' '330.49145146848895' 'present']
 ['20' '349.894020030712' 'marauded']]","[['F52' '36.5067208045129' 'mated']
 ['F17' '48.58907594214363' 'mated']
 ['F63' '89.73660974448254' 'destroyed']
 ['F122' '123.00651483822291' 'mated']
 ['F192' '170.28672494287662' 'absent']
 ['F61' '176.6176751775373' 'destroyed']
 ['F61' '176.62461962198174' 'destroyed']
 ['F161' '177.13583028870906' 'destroyed']
 ['F11' '178.38453627074162' 'destroyed']
 ['F64' '187.9582872910955' 'mated']
 ['F151' '192.98010235784056' 'absent']
 ['F9' '235.81722512366255' 'mated']
 ['F185' '247.98052480012217' 'mated']
 ['F82' '254.04151037594846' 'absentdestroyed']
 ['F8' '278.3681692664342' 'mated']]",558.0,72.09916987706215,15.810442302840269,1320.0,231.4774766597528,51.07368314478258,328.0,54.86793027070834,11.473242218731503,13.0,1.3,0.13000000000000006,72.0,0.3333333333333334,0.0015432098765432085
14,0.054,9,360.1489949315538,"[['20' '0.41893883283784206' 'present']
 ['13' '3.217640754925297' 'present']
 ['7' '3.600512848818958' 'present']
 ['7' '14.780669967723894' 'marauded']
 ['17' '16.301996025171615' 'destroyed']
 ['23' '16.99602555821613' 'presentdestroyed']
 ['15' '18.637161142209322' 'presentdestroyed']
 ['19' '20.16961936451546' 'presentdestroyed']
 ['19' '23.622760035254537' 'present']
 ['18' '35.655148891014676' 'present']
 ['8' '36.35725080829554' 'present']
 ['9' '36.53433795513011' 'present']
 ['21' '39.97315261968389' 'present']
 ['20' '41.20605058876506' 'marauded']
 ['19' '48.12921948003739' 'present']
 ['11' '64.11509031465059' 'present']
 ['1' '66.68467651426545' 'present']
 ['16' '67.86288420173744' 'present']
 ['0' '70.40592630198208' 'present']
 ['18' '88.37266457125494' 'present']
 ['6' '95.4813330516217' 'marauded']
 ['20' '95.66768784384249' 'presentdestroyed']
 ['2' '97.1121274875973' 'presentdestroyed']
 ['19' '98.90013625558032' 'presentdestroyed']
 ['2' '101.98833468196804' 'destroyed']
 ['4' '107.02623580288518' 'present']
 ['19' '127.92033306297186' 'present']
 ['10' '127.95488245275037' 'present']
 ['4' '136.75100723763765' 'present']
 ['8' '138.40770053683218' 'present']
 ['18' '140.35882076320848' 'marauded']
 ['13' '159.65311034554466' 'present']
 ['20' '163.83010676114685' 'present']
 ['8' '170.60103579682502' 'present']
 ['22' '172.6701066368732' 'present']
 ['4' '175.15784128058635' 'present']
 ['3' '184.28677443314794' 'present']
 ['21' '184.94238583963264' 'present']
 ['23' '188.509519665446' 'present']
 ['16' '190.5838856959505' 'marauded']
 ['23' '191.11197161796318' 'destroyed']
 ['23' '191.45890876544343' 'presentdestroyed']
 ['20' '200.4752187491736' 'marauded']
 ['0' '208.58038968937933' 'present']
 ['10' '212.0849405100731' 'present']
 ['1' '221.2656859693497' 'present']
 ['0' '231.60945315352873' 'marauded']
 ['1' '234.56899278312812' 'presentdestroyed']
 ['23' '241.59528882170852' 'present']
 ['7' '243.78431216814215' 'marauded']
 ['21' '250.0834576028142' 'presentdestroyed']
 ['7' '255.37339751167852' 'marauded']
 ['18' '257.5072946635175' 'presentdestroyed']
 ['9' '259.9150650982862' 'destroyed']
 ['3' '267.0255366241945' 'present']
 ['6' '267.4409886226325' 'present']
 ['4' '271.24719926081457' 'marauded']
 ['22' '283.0513313984947' 'present']
 ['22' '292.68990729218166' 'marauded']
 ['0' '293.90981806502964' 'destroyed']
 ['2' '307.66863163967685' 'present']
 ['6' '311.755925573513' 'present']
 ['3' '323.91759450347' 'marauded']
 ['23' '325.01713760335565' 'presentdestroyed']
 ['21' '326.0936081850309' 'presentdestroyed']
 ['18' '326.3937124698474' 'presentdestroyed']
 ['3' '331.53114636547787' 'present']
 ['3' '335.45190552558796' 'present']
 ['16' '340.6479998207729' 'present']
 ['6' '344.2770065578083' 'present']
 ['8' '348.0621632094135' 'present']]","[['F73' '52.844594279913' 'mated']
 ['F28' '74.12943021548676' 'mated']
 ['F62' '121.95734841751906' 'mated']
 ['F15' '135.4214744649428' 'mated']
 ['F85' '149.50347138113798' 'mated']
 ['F84' '152.33608460810157' 'mated']
 ['F61' '176.61998999235212' 'absent']
 ['F180' '180.17633990880603' 'mated']
 ['F212' '232.68291309255122' 'destroyed']
 ['F143' '315.4904576267053' 'mated']
 ['F133' '354.9837200862682' 'mated']]",563.0,70.58055028243668,14.160400887211473,1252.0,214.72429217430448,46.48674329438177,453.0,73.43542638176913,15.382311811020426,10.0,0.9999999999999999,0.10000000000000003,71.0,0.3287037037037038,0.001521776406035664
15,0.054,7,360.0949374511721,"[['1' '4.071361527052792' 'present']
 ['18' '11.232206736112811' 'present']
 ['14' '12.680410403673442' 'present']
 ['18' '22.16310340756933' 'present']
 ['4' '36.917978122853775' 'present']
 ['23' '43.480161273493415' 'marauded']
 ['10' '45.569798987999555' 'presentdestroyed']
 ['20' '51.04719333775708' 'present']
 ['10' '51.077112800757' 'present']
 ['17' '55.01428777127426' 'present']
 ['1' '67.74241160390271' 'marauded']
 ['3' '68.45983814261874' 'presentdestroyed']
 ['11' '78.39057806030794' 'present']
 ['6' '81.69241307128247' 'present']
 ['7' '95.46246565846698' 'present']
 ['4' '98.42780474670772' 'present']
 ['19' '104.71883375369158' 'present']
 ['0' '110.53316072374591' 'present']
 ['17' '111.31269371730848' 'marauded']
 ['10' '112.30662031588149' 'presentdestroyed']
 ['11' '114.07553509819415' 'presentdestroyed']
 ['1' '116.30926227905239' 'presentdestroyed']
 ['20' '118.06690664261757' 'present']
 ['9' '120.07683507175375' 'present']
 ['1' '132.22423627234593' 'present']
 ['21' '134.01479456915467' 'present']
 ['13' '134.61082986730128' 'present']
 ['6' '139.90625170345905' 'present']
 ['18' '142.3320523713193' 'present']
 ['2' '152.01053590963505' 'marauded']
 ['4' '156.81430049697207' 'destroyed']
 ['13' '157.1039819421786' 'presentdestroyed']
 ['16' '164.87490137208724' 'marauded']
 ['0' '165.01943180014553' 'destroyed']
 ['4' '165.93816688878604' 'destroyed']
 ['3' '178.58521298332118' 'present']
 ['3' '187.54768477542973' 'present']
 ['17' '197.3965879524046' 'present']
 ['9' '204.02676918780682' 'present']
 ['8' '208.2221471160758' 'marauded']
 ['13' '208.86444115751374' 'presentdestroyed']
 ['8' '209.01179318248103' 'presentdestroyed']
 ['9' '217.26615076105705' 'present']
 ['8' '240.97978419387417' 'present']
 ['7' '245.45769293649246' 'present']
 ['6' '249.41930154199264' 'present']
 ['23' '255.90428272017792' 'marauded']
 ['16' '265.89709166007196' 'present']
 ['1' '267.6890626613185' 'present']
 ['3' '280.0403590437844' 'present']
 ['16' '286.43977302280155' 'present']
 ['19' '286.47642687784605' 'present']
 ['23' '296.0485623075025' 'present']
 ['0' '297.7658804041996' 'present']
 ['1' '303.5024019807159' 'present']
 ['7' '304.05947230459293' 'marauded']
 ['8' '309.1193919308333' 'destroyed']
 ['2' '328.0119293498516' 'marauded']
 ['7' '336.30286831391385' 'marauded']
 ['16' '339.38496749305585' 'presentdestroyed']
 ['14' '353.33698273011646' 'present']]","[['F162' '54.78395421920036' 'mated']
 ['F63' '89.73892455929735' 'absent']
 ['F6' '130.27895212311927' 'absent']
 ['F98' '132.2014238515913' 'mated']
 ['F189' '164.63601026764954' 'mated']
 ['F11' '178.3822214559268' 'absent']
 ['F184' '219.43283434861985' 'mated']
 ['F107' '244.55272760574337' 'mated']
 ['F188' '252.77406046996146' 'mated']
 ['F100' '256.0472900629392' 'destroyed']
 ['F24' '284.7331592009564' 'mated']
 ['F143' '315.48814281189044' 'absent']]",560.0,74.44948473355912,16.502593064171133,1302.0,223.01877583834005,47.905491743984754,383.0,61.173664315888196,12.477565046848218,11.0,1.0999999999999999,0.11000000000000004,81.0,0.3750000000000003,0.0017361111111111095
16,0.054,11,359.95691675287037,"[['19' '0.4448301732830266' 'present']
 ['17' '0.865094881374075' 'present']
 ['20' '2.5961793613693773' 'present']
 ['17' '2.9733375837331177' 'present']
 ['7' '6.986657388656225' 'present']
 ['18' '26.253698183303545' 'present']
 ['11' '30.053415894188177' 'present']
 ['10' '32.22466155479924' 'marauded']
 ['15' '36.91338213667979' 'presentdestroyed']
 ['20' '44.33041796725754' 'marauded']
 ['7' '47.27572440444296' 'presentdestroyed']
 ['1' '47.4276264371063' 'presentdestroyed']
 ['10' '56.706498124452516' 'present']
 ['20' '58.94029372546954' 'present']
 ['23' '70.84731680636102' 'marauded']
 ['9' '71.371991359566' 'presentdestroyed']
 ['23' '76.14338915530939' 'presentdestroyed']
 ['8' '80.12088796008986' 'present']
 ['23' '80.3693995875131' 'marauded']
 ['22' '98.08691182685443' 'present']
 ['6' '101.35669010898195' 'present']
 ['22' '103.15648670750397' 'present']
 ['14' '107.22103722967604' 'present']
 ['1' '112.64207087736378' 'present']
 ['1' '113.06253013212644' 'present']
 ['17' '113.56159935873833' 'marauded']
 ['2' '118.37863779408266' 'presentdestroyed']
 ['3' '124.29146959058431' 'present']
 ['21' '131.1849258071394' 'marauded']
 ['21' '136.60812716409202' 'presentdestroyed']
 ['13' '140.2896001363579' 'present']
 ['1' '140.8492495993063' 'marauded']
 ['9' '149.93726703708606' 'present']
 ['15' '150.96370079326636' 'marauded']
 ['11' '154.71220625176585' 'presentdestroyed']
 ['11' '161.77884718903925' 'present']
 ['4' '170.2523593460679' 'present']
 ['0' '187.67517735708842' 'present']
 ['15' '200.95178206603393' 'present']
 ['15' '202.77493531311842' 'present']
 ['13' '212.1895791841713' 'marauded']
 ['8' '213.34773388261533' 'presentdestroyed']
 ['0' '216.11406477263196' 'presentdestroyed']
 ['15' '219.83620104124194' 'present']
 ['10' '238.0108274533176' 'present']
 ['6' '242.00199647840722' 'present']
 ['19' '242.02298206840427' 'marauded']
 ['19' '244.21968410363118' 'presentdestroyed']
 ['22' '246.54447809501067' 'presentdestroyed']
 ['18' '253.10029823542686' 'marauded']
 ['10' '258.29073699835504' 'presentdestroyed']
 ['1' '263.8794485940012' 'present']
 ['21' '276.06658273689834' 'marauded']
 ['20' '285.75450407851355' 'present']
 ['14' '286.70901516066397' 'present']
 ['20' '293.75391481659676' 'present']
 ['23' '295.84953344967875' 'present']
 ['0' '298.80701041299596' 'present']
 ['9' '305.8392561499433' 'marauded']
 ['13' '307.614888666088' 'presentdestroyed']
 ['23' '312.58473541708634' 'presentdestroyed']
 ['14' '314.5876031481691' 'marauded']
 ['15' '325.54379520280133' 'present']
 ['21' '325.6182198219727' 'marauded']
 ['18' '330.61722020803364' 'presentdestroyed']
 ['0' '331.33423465489943' 'presentdestroyed']
 ['0' '342.3288384214321' 'present']
 ['9' '346.93566332784' 'present']
 ['11' '347.392096828419' 'present']]","[['F18' '10.928614016834137' 'mated']
 ['F17' '48.584446312514' 'absentdestroyed']
 ['F109' '95.88555484976378' 'mated']
 ['F211' '167.25585253595992' 'mated']
 ['F193' '168.2734127141939' 'mated']
 ['F192' '170.28903975769143' 'mated']
 ['F120' '190.20401133297435' 'mated']
 ['F151' '192.98241717265537' 'mated']
 ['F95' '197.38210351925164' 'mated']
 ['F83' '274.1880072546156' 'mated']
 ['F174' '295.9234580806736' 'mated']
 ['F203' '303.9685056712435' 'mated']
 ['F116' '318.556032340542' 'absentdestroyed']
 ['F51' '320.2520961117732' 'destroyed']]",555.0,68.85611589953672,15.273246494028387,1181.0,198.54939567090946,42.269823782330185,518.0,91.38981916445847,20.327437851578324,10.0,0.9999999999999999,0.10000000000000003,60.0,0.2777777777777776,0.0012860082304526738
17,0.054,9,359.99124288518544,"[['20' '0.13858500825091474' 'present']
 ['18' '6.2686491233987915' 'marauded']
 ['4' '15.04618625794743' 'present']
 ['4' '16.60553808511288' 'marauded']
 ['9' '19.09253263670323' 'presentdestroyed']
 ['15' '19.75395722921596' 'presentdestroyed']
 ['20' '24.133003883318878' 'destroyed']
 ['13' '37.623140797331736' 'present']
 ['6' '46.074627717244226' 'present']
 ['0' '54.03577750366364' 'present']
 ['10' '58.14026126400048' 'present']
 ['14' '58.61998599122912' 'present']
 ['14' '61.32048515973738' 'present']
 ['6' '64.92900268870667' 'present']
 ['14' '72.04121328035228' 'marauded']
 ['23' '73.53205215797556' 'presentdestroyed']
 ['1' '74.4004925955208' 'presentdestroyed']
 ['6' '74.91345175765379' 'presentdestroyed']
 ['20' '78.43028528265037' 'destroyed']
 ['2' '81.11512704076735' 'present']
 ['9' '86.03531203298165' 'present']
 ['6' '90.28597630047764' 'present']
 ['3' '96.6697862692504' 'present']
 ['23' '102.38182799920592' 'marauded']
 ['1' '102.69588940229298' 'presentdestroyed']
 ['3' '104.56613567941137' 'presentdestroyed']
 ['21' '110.18684014757733' 'present']
 ['20' '113.42762980876826' 'present']
 ['10' '119.16626629413737' 'marauded']
 ['0' '121.19585358566854' 'presentdestroyed']
 ['8' '125.6485173488919' 'presentdestroyed']
 ['1' '128.25809545876723' 'marauded']
 ['13' '131.02048304377783' 'presentdestroyed']
 ['13' '135.8894612481395' 'marauded']
 ['21' '137.53816044959393' 'presentdestroyed']
 ['22' '138.37021612392084' 'presentdestroyed']
 ['22' '144.01878800607605' 'presentdestroyed']
 ['19' '156.27319510428777' 'marauded']
 ['4' '161.61842550905672' 'presentdestroyed']
 ['18' '164.22009826673911' 'present']
 ['10' '167.58596051079695' 'present']
 ['2' '170.53806524057592' 'present']
 ['16' '172.344719570737' 'present']
 ['16' '173.1674439253052' 'present']
 ['13' '174.59904554219483' 'marauded']
 ['11' '192.912340515914' 'present']
 ['2' '193.10710651483686' 'present']
 ['14' '199.56252666554846' 'present']
 ['6' '206.86994065360912' 'present']
 ['23' '209.19476212456416' 'present']
 ['4' '211.66992689509044' 'present']
 ['21' '216.0667937846203' 'present']
 ['7' '222.62821625690347' 'marauded']
 ['18' '222.68428786878178' 'destroyed']
 ['11' '228.24009766670466' 'presentdestroyed']
 ['13' '243.99599745563503' 'marauded']
 ['18' '245.00717435340522' 'presentdestroyed']
 ['4' '260.7413807392407' 'present']
 ['3' '267.80994490517867' 'marauded']
 ['3' '269.6140449775528' 'presentdestroyed']
 ['15' '277.41805981837257' 'marauded']
 ['14' '280.3244423999039' 'presentdestroyed']
 ['2' '283.30808689264825' 'destroyed']
 ['10' '284.8725118794013' 'present']
 ['4' '288.10578509847113' 'present']
 ['1' '292.40412515561576' 'marauded']
 ['16' '294.1223990038282' 'presentdestroyed']
 ['16' '300.79311401785685' 'present']
 ['4' '303.0326299174191' 'present']
 ['6' '318.2581326630956' 'present']
 ['2' '328.7860490752323' 'present']
 ['21' '329.6618311659806' 'present']
 ['2' '330.82998502559843' 'present']
 ['3' '332.2714325210748' 'present']
 ['23' '333.2884480378026' 'present']
 ['19' '344.6388760157468' 'present']
 ['4' '354.4921370141634' 'present']
 ['4' '357.1537157653656' 'present']
 ['13' '358.2266848448301' 'present']
 ['19' '359.42200316890245' 'present']]","[['F210' '46.40183884719116' 'mated']
 ['F194' '79.83959587899244' '']
 ['F87' '81.98161364356504' 'mated']
 ['F59' '113.35812056585561' 'absent']
 ['F32' '116.386088581244' 'mated']
 ['F1' '165.83782608802187' 'mated']
 ['F61' '176.62230480716693' 'destroyed']
 ['F139' '177.5894843997592' 'destroyed']
 ['F11' '178.379906641112' 'destroyed']
 ['F138' '195.61940560056954' 'mated']
 ['F12' '200.81911443777872' 'mated']
 ['F103' '247.79067123065406' 'destroyed']
 ['F86' '258.08051454645647' 'mated']
 ['F83' '274.1856924398008' 'destroyed']
 ['F206' '348.04956984990065' 'mated']
 ['F179' '356.45073124087423' 'mated']]",571.0,68.4376144841939,14.324553640635038,1222.0,204.5682888791719,43.95088056469566,492.0,85.94700476483409,18.893922134730268,9.0,0.8999999999999999,0.09000000000000002,71.0,0.3287037037037038,0.001521776406035664
18,0.054,11,359.9675681997925,"[['3' '9.272398614923414' 'present']
 ['15' '10.406156441074797' 'present']
 ['9' '24.021766620757795' 'present']
 ['22' '41.18014435080577' 'marauded']
 ['8' '41.24094685044192' 'destroyed']
 ['22' '43.08464436174471' 'presentdestroyed']
 ['2' '45.28902508307909' 'presentdestroyed']
 ['17' '61.257075527302106' 'present']
 ['17' '62.68899599080739' 'present']
 ['10' '68.64607131287497' 'marauded']
 ['2' '70.29298952429245' 'presentdestroyed']
 ['8' '70.72046503658285' 'destroyed']
 ['11' '75.58809841387074' 'presentdestroyed']
 ['23' '76.24372875424972' 'present']
 ['11' '92.95091806926168' 'present']
 ['10' '93.16950985437039' 'present']
 ['16' '110.33638419809476' 'present']
 ['0' '112.27272973586756' 'present']
 ['0' '115.16202423013006' 'present']
 ['13' '120.19308911504204' 'present']
 ['14' '120.55231105455809' 'present']
 ['23' '125.03435695139869' 'present']
 ['19' '127.27474630920028' 'marauded']
 ['3' '141.61126698943724' 'present']
 ['20' '142.90245715390793' 'present']
 ['14' '149.14898290773453' 'present']
 ['14' '163.87392244013753' 'present']
 ['13' '165.83888841527758' 'marauded']
 ['16' '168.03357753510468' 'presentdestroyed']
 ['20' '170.10122645276482' 'presentdestroyed']
 ['10' '172.272988117717' 'presentdestroyed']
 ['1' '188.84034418814855' 'present']
 ['0' '194.6190661611569' 'present']
 ['10' '196.4312602144531' 'present']
 ['3' '198.55401281609537' 'present']
 ['14' '200.1994227639611' 'present']
 ['20' '200.5798483788032' 'present']
 ['8' '202.70257727486793' 'present']
 ['15' '202.78419457237766' 'present']
 ['9' '205.0296744421882' 'present']
 ['3' '209.00895600712585' 'present']
 ['21' '215.09420017808947' 'present']
 ['8' '217.084025622814' 'present']
 ['19' '227.822781690159' 'present']
 ['19' '231.18211877689566' 'present']
 ['15' '235.30412655319114' 'marauded']
 ['17' '235.58402922197308' 'presentdestroyed']
 ['7' '247.99658270992876' 'present']
 ['20' '262.6589333323747' 'present']
 ['4' '267.13199096548414' 'marauded']
 ['1' '269.4828042019017' 'presentdestroyed']
 ['6' '271.886511921044' 'presentdestroyed']
 ['6' '273.809087153213' 'presentdestroyed']
 ['1' '274.99816438999886' 'marauded']
 ['3' '276.31537725454905' 'presentdestroyed']
 ['4' '283.5599260207558' 'present']
 ['20' '286.9651781364662' 'present']
 ['0' '304.10665879388137' 'present']
 ['11' '313.9536110630483' 'present']
 ['9' '316.4809540578888' 'marauded']
 ['15' '317.488273290533' 'presentdestroyed']
 ['6' '324.64695888625357' 'present']
 ['17' '325.5018146621489' 'present']
 ['3' '331.20243675254306' 'present']
 ['4' '332.53206498844435' 'present']
 ['1' '344.6058362479815' 'present']
 ['9' '352.85025202441614' 'present']
 ['22' '355.86869222020425' 'present']]","[['F195' '44.76348275958902' 'destroyed']
 ['F171' '64.19351059941445' 'mated']
 ['F177' '70.14908624552098' 'destroyed']
 ['F38' '124.19467626793528' 'mated']
 ['F201' '126.35446123801131' 'mated']
 ['F130' '145.3123118176176' 'mated']
 ['F39' '152.05006213724616' 'absent']
 ['F181' '162.4608110424647' 'absent']
 ['F119' '171.983033480159' 'destroyed']
 ['F7' '176.24582181121133' 'mated']
 ['F68' '180.28498335948407' 'mated']
 ['F76' '190.0781902518303' 'mated']
 ['F54' '196.58800477273553' 'mated']
 ['F132' '217.70814176605734' 'mated']
 ['F184' '219.43051953380504' 'absent']
 ['F131' '233.24079264448966' 'mated']
 ['F129' '315.13723537524714' 'mated']
 ['F81' '319.3359146417196' 'destroyed']]",564.0,67.97952377225462,13.1603122348711,1410.0,241.69117039101528,51.98868302464274,288.0,48.654300308742776,10.281821517625927,14.0,1.4000000000000001,0.14000000000000007,89.0,0.4120370370370375,0.001907578875171466
19,0.054,8,360.6433164063688,"[['16' '10.334805531828913' 'present']
 ['16' '10.936454212268798' 'marauded']
 ['9' '16.305382793077598' 'presentdestroyed']
 ['3' '33.30419119616085' 'present']
 ['3' '40.76603630448815' 'marauded']
 ['20' '46.81814930076495' 'destroyed']
 ['9' '47.22835797586839' 'presentdestroyed']
 ['11' '48.631142445447' 'marauded']
 ['2' '50.25177450507706' 'presentdestroyed']
 ['0' '60.195350269211026' 'marauded']
 ['10' '89.80417875591671' 'present']
 ['20' '95.9388797911287' 'present']
 ['21' '106.66530202735525' 'present']
 ['1' '109.95775331296554' 'present']
 ['21' '131.18029617750977' 'present']
 ['7' '131.5869058718093' 'marauded']
 ['23' '131.58709924564474' 'destroyed']
 ['10' '131.77672291609' 'destroyed']
 ['3' '132.8740309563316' 'presentdestroyed']
 ['4' '134.50537971503118' 'destroyed']
 ['21' '142.85421098659992' 'present']
 ['13' '147.83775138949454' 'present']
 ['9' '149.80990678561645' 'present']
 ['8' '150.08454467719048' 'present']
 ['20' '168.53262007573048' 'present']
 ['3' '169.74383896668073' 'marauded']
 ['23' '175.52201246382745' 'presentdestroyed']
 ['11' '183.91883595343705' 'marauded']
 ['1' '186.8085782059159' 'presentdestroyed']
 ['6' '191.56523064810835' 'present']
 ['0' '192.53126587400098' 'present']
 ['3' '200.61785307798925' 'present']
 ['9' '205.2567305359541' 'marauded']
 ['20' '207.32652819319085' 'presentdestroyed']
 ['17' '208.08700766860395' 'destroyed']
 ['11' '222.84438764019976' 'present']
 ['20' '223.61415334274665' 'present']
 ['1' '234.31831896101482' 'marauded']
 ['15' '238.6643102907634' 'presentdestroyed']
 ['10' '244.65910527672264' 'present']
 ['3' '245.58141018120264' 'present']
 ['3' '246.2474248418136' 'present']
 ['21' '248.16804203958105' 'present']
 ['8' '250.19343066514767' 'marauded']
 ['17' '253.97477697209584' 'presentdestroyed']
 ['7' '257.81514472047263' 'marauded']
 ['18' '258.0393414948888' 'presentdestroyed']
 ['23' '258.92410482574337' 'presentdestroyed']
 ['8' '262.2114906362084' 'presentdestroyed']
 ['1' '269.6345725173014' 'marauded']
 ['2' '287.15287235863906' 'marauded']
 ['9' '294.073163939915' 'presentdestroyed']
 ['18' '294.1734062512154' 'presentdestroyed']
 ['7' '297.68986065792603' 'marauded']
 ['1' '297.80035595913347' 'destroyed']
 ['17' '311.25367314345544' 'marauded']
 ['11' '317.8358882036316' 'presentdestroyed']
 ['20' '321.63258375782874' 'marauded']
 ['14' '323.6898509725031' 'presentdestroyed']
 ['9' '325.45251114732747' 'presentdestroyed']
 ['0' '343.19826412406314' 'present']
 ['23' '349.61381319325733' 'present']
 ['11' '349.6488570199618' 'present']
 ['8' '353.92803486594073' 'present']
 ['18' '355.96050289954167' 'present']]","[['F125' '35.70733202186967' 'absent']
 ['F17' '48.58676112732881' 'absent']
 ['F128' '54.828350758827796' 'destroyed']
 ['F168' '72.93726401508646' 'mated']
 ['F156' '102.99797099619651' 'mated']
 ['F25' '114.1430283807549' 'mated']
 ['F182' '115.02601835754386' 'mated']
 ['F166' '158.09112177810468' 'mated']
 ['F11' '178.38685108555643' 'mated']
 ['F54' '196.5810603282911' 'absent']
 ['F114' '229.71606317072462' 'mated']
 ['F86' '258.07819973164163' 'destroyed']
 ['F159' '315.2970421389294' 'destroyed']
 ['F143' '315.4858279970756' 'destroyed']
 ['F147' '334.1237663744492' 'mated']]",585.0,73.03426899300014,15.710667412523428,1146.0,187.97623900665013,39.01233271293401,573.0,97.68884031570262,21.1726804298819,12.0,1.2,0.12000000000000005,76.0,0.351851851851852,0.0016289437585733867
20,0.054,12,360.4309852834332,"[['6' '0.0023148148148148147' 'present']
 ['1' '1.5309780283782488' 'present']
 ['21' '3.944111692350756' 'present']
 ['4' '19.232930121030186' 'present']
 ['22' '19.924114914473343' 'present']
 ['11' '23.497111742099865' 'present']
 ['0' '23.95211216531339' 'present']
 ['23' '28.94046344024724' 'marauded']
 ['13' '29.111924003525914' 'presentdestroyed']
 ['18' '29.90554750281399' 'presentdestroyed']
 ['17' '33.66816772320233' 'presentdestroyed']
 ['14' '33.75306743820358' 'presentdestroyed']
 ['4' '34.52753917681633' 'presentdestroyed']
 ['10' '41.09571656737098' 'present']
 ['16' '43.24136810334901' 'present']
 ['0' '54.116976314549106' 'present']
 ['19' '57.848850791759915' 'present']
 ['14' '59.69147452690594' 'marauded']
 ['4' '63.00312860226064' 'presentdestroyed']
 ['19' '69.84967955855625' 'marauded']
 ['10' '72.28871228815775' 'presentdestroyed']
 ['23' '80.4960859019207' 'present']
 ['19' '82.96500929347592' 'marauded']
 ['10' '90.2927769903071' 'present']
 ['21' '95.77359384546125' 'present']
 ['8' '96.1344661200532' 'present']
 ['0' '104.93243827288435' 'marauded']
 ['16' '107.67303422643903' 'presentdestroyed']
 ['13' '116.19062278578069' 'present']
 ['9' '120.15115636730188' 'present']
 ['14' '122.64352499322511' 'present']
 ['19' '125.10695142180414' 'present']
 ['9' '144.69708529065053' 'marauded']
 ['17' '148.5502404201299' 'presentdestroyed']
 ['7' '150.90289267364722' 'presentdestroyed']
 ['11' '160.76480638914737' 'present']
 ['2' '183.6347898608183' 'present']
 ['22' '184.3075190330897' 'present']
 ['8' '187.669163683681' 'present']
 ['9' '190.57795280191314' 'marauded']
 ['21' '192.77255402320702' 'presentdestroyed']
 ['3' '192.8434764137287' 'destroyed']
 ['13' '193.70038152623846' 'presentdestroyed']
 ['4' '214.0817418045664' 'marauded']
 ['18' '214.18056428203099' 'presentdestroyed']
 ['7' '238.14988173119497' 'present']
 ['1' '240.90413646786078' 'present']
 ['6' '241.38038127447388' 'present']
 ['18' '246.52594182097252' 'present']
 ['21' '252.20463663659268' 'marauded']
 ['23' '259.87153991774113' 'present']
 ['0' '260.9065098289676' 'present']
 ['1' '263.68167395769706' 'present']
 ['1' '272.73773258984164' 'marauded']
 ['15' '284.29830165430735' 'present']
 ['3' '289.0026592484114' 'present']
 ['3' '290.6086612914846' 'present']
 ['23' '291.15823313562976' 'present']
 ['8' '291.77133104082264' 'present']
 ['22' '293.8014855329196' 'present']
 ['17' '305.6936848846521' 'present']
 ['14' '316.87199483257444' 'present']
 ['23' '325.66836410075535' 'present']
 ['0' '329.80245798754726' 'marauded']
 ['23' '331.6708922029091' 'destroyed']
 ['19' '332.0631987457869' 'presentdestroyed']
 ['17' '333.094409116128' 'presentdestroyed']
 ['2' '334.1635869550654' 'presentdestroyed']
 ['6' '342.4095023347414' 'marauded']
 ['1' '344.0343676178214' 'presentdestroyed']
 ['23' '350.6797444836486' 'present']
 ['3' '352.5896220888058' 'present']
 ['22' '353.73664039707785' 'marauded']
 ['8' '355.0523958099714' 'presentdestroyed']
 ['14' '355.6356628807118' 'presentdestroyed']
 ['9' '356.8911726758101' 'destroyed']
 ['17' '359.1716167632111' 'presentdestroyed']]","[['F47' '21.231605164225446' 'mated']
 ['F160' '69.46955057249167' 'mated']
 ['F104' '150.59509556824415' 'absentdestroyed']
 ['F60' '161.0430944114157' 'mated']
 ['F181' '162.46312585727952' 'mated']
 ['F119' '171.98534829497382' 'mated']
 ['F94' '185.79657768567054' 'mated']
 ['F151' '192.97778754302576' 'destroyed']
 ['F101' '203.76349238525654' 'mated']
 ['F115' '235.0541263746127' 'absent']
 ['F123' '237.89360334488651' 'mated']
 ['F19' '239.4781832166494' 'mated']
 ['F188' '252.77174565514665' 'destroyed']
 ['F159' '315.2993569537442' 'mated']
 ['F13' '315.9000389524369' 'mated']
 ['F96' '319.58976105071014' 'mated']]",578.0,71.39235286142245,14.512079932509822,1244.0,209.45539052346743,44.16855788671263,471.0,77.54439755058024,16.42418016973273,13.0,1.3,0.13000000000000006,76.0,0.351851851851852,0.0016289437585733867
21,0.054,9,359.89669365497446,"[['18' '3.598101446318918' 'present']
 ['6' '7.950745951607097' 'present']
 ['18' '14.212729604761087' 'marauded']
 ['15' '16.295724364015626' 'destroyed']
 ['18' '18.09742349047128' 'presentdestroyed']
 ['13' '23.157309247082676' 'present']
 ['3' '26.283789495861722' 'marauded']
 ['3' '35.259884228073936' 'present']
 ['10' '38.344055044571654' 'present']
 ['8' '42.11096031690016' 'marauded']
 ['19' '48.35052126353748' 'presentdestroyed']
 ['22' '50.99675507228232' 'present']
 ['14' '52.187232085102934' 'present']
 ['13' '55.411059882109534' 'present']
 ['22' '55.53182955801614' 'present']
 ['3' '58.737370508332354' 'present']
 ['14' '61.04329416390008' 'present']
 ['2' '70.29761915392207' 'marauded']
 ['23' '73.52742252834594' 'destroyed']
 ['19' '73.75617975210632' 'presentdestroyed']
 ['0' '86.33482264740432' 'present']
 ['3' '88.22832890403807' 'present']
 ['7' '95.4670952880966' 'present']
 ['8' '95.76906207458083' 'present']
 ['0' '100.56966050809244' 'present']
 ['15' '105.48674715101966' 'present']
 ['18' '106.76276649850871' 'present']
 ['19' '107.3313353115748' 'present']
 ['11' '110.04122520826775' 'present']
 ['17' '110.23344862859611' 'present']
 ['19' '112.51514518332175' 'present']
 ['0' '116.76272446333662' 'present']
 ['3' '123.19751779842579' 'present']
 ['11' '135.84976583612746' 'present']
 ['8' '139.93765352706137' 'present']
 ['10' '148.96910161862803' 'present']
 ['3' '149.9607211790118' 'present']
 ['9' '151.8181047407485' 'present']
 ['20' '160.15935735578404' 'marauded']
 ['20' '162.1319751720695' 'presentdestroyed']
 ['4' '162.83436478182423' 'presentdestroyed']
 ['13' '166.90352053023574' 'presentdestroyed']
 ['10' '168.33165632191503' 'present']
 ['3' '169.84846859631034' 'present']
 ['2' '176.35634757912345' 'present']
 ['22' '193.47797853090532' 'present']
 ['0' '200.79057129379268' 'present']
 ['16' '202.69902674598964' 'present']
 ['6' '204.27280898873954' 'marauded']
 ['2' '217.53753904498296' 'marauded']
 ['17' '219.2001814865909' 'presentdestroyed']
 ['16' '229.6509155973043' 'present']
 ['7' '236.49926389375415' 'present']
 ['2' '236.5263541134901' 'present']
 ['13' '245.2963795002238' 'present']
 ['15' '246.48039355371498' 'present']
 ['19' '247.30721334853' 'present']
 ['23' '253.00671242663788' 'marauded']
 ['15' '265.4352119976448' 'present']
 ['9' '267.50273031028723' 'present']
 ['22' '267.8488956914973' 'marauded']
 ['7' '268.196664879754' 'presentdestroyed']
 ['13' '270.6351169770382' 'presentdestroyed']
 ['8' '272.6788801160082' 'destroyed']
 ['2' '288.61041247814774' 'present']
 ['9' '289.34671176311883' 'present']
 ['13' '290.6929666067876' 'present']
 ['15' '295.37913944216194' 'present']
 ['0' '298.8023807833663' 'present']
 ['14' '303.24576720568155' 'marauded']
 ['1' '305.02895166359775' 'presentdestroyed']
 ['9' '315.0104869800439' 'marauded']
 ['14' '316.13038004619494' 'presentdestroyed']
 ['14' '317.57854909558534' 'presentdestroyed']
 ['23' '333.4073769358099' 'present']
 ['19' '333.7180697689399' 'present']
 ['19' '335.30464914706465' 'marauded']
 ['14' '336.04594695190696' 'presentdestroyed']
 ['16' '341.9242137167742' 'presentdestroyed']
 ['18' '344.17730618242894' 'marauded']
 ['22' '352.3877944798298' 'present']
 ['20' '353.0778220938735' 'present']
 ['14' '355.64029251034145' 'present']
 ['13' '358.3769426179419' 'present']
 ['19' '359.0422620174244' 'present']]","[['F202' '30.473810943364814' 'destroyed']
 ['F10' '50.230560397686425' 'mated']
 ['F199' '68.08002322981392' 'mated']
 ['F0' '106.92061184734845' 'mated']
 ['F56' '118.78268592926241' 'mated']
 ['F106' '120.53183575625792' 'mated']
 ['F126' '144.28806424482033' 'absent']
 ['F104' '150.59972519787377' 'mated']
 ['F186' '153.35813622387917' 'mated']
 ['F176' '188.7333988313697' 'mated']
 ['F120' '190.20169651815954' 'absent']
 ['F33' '207.15369146469504' 'destroyed']
 ['F70' '208.57900404372458' 'absentdestroyed']
 ['F214' '240.51570368741815' 'mated']
 ['F24' '272.723899941697' 'absentdestroyed']]",564.0,73.32337571669531,16.143234866529106,1200.0,206.77225436999973,45.19227735078206,476.0,79.02440365357519,16.54167746928296,7.0,0.7,0.07,62.0,0.2870370370370369,0.001328875171467763
22,0.054,10,359.9614514123664,"[['21' '0.0023148148148148147' 'present']
 ['2' '5.202625202175165' 'present']
 ['18' '7.381088476047074' 'present']
 ['9' '9.91829373345436' 'marauded']
 ['18' '19.297899480093673' 'present']
 ['13' '26.752639022552618' 'present']
 ['10' '26.78876291364274' 'present']
 ['4' '30.707148340831985' 'present']
 ['19' '38.58649421360973' 'present']
 ['13' '58.914818058029915' 'present']
 ['23' '59.36616726173058' 'present']
 ['17' '61.25244589767247' 'present']
 ['13' '73.26517301640037' 'marauded']
 ['11' '77.15095979424257' 'presentdestroyed']
 ['17' '81.86899890092398' 'present']
 ['13' '84.60746500339145' 'present']
 ['0' '86.3519672428635' 'present']
 ['16' '101.49025492034471' 'present']
 ['1' '116.06303505069168' 'present']
 ['18' '118.73641639610635' 'marauded']
 ['3' '123.39022695445628' 'presentdestroyed']
 ['6' '124.63897317811077' 'destroyed']
 ['21' '125.37527134618021' 'destroyed']
 ['7' '127.224260914331' 'present']
 ['14' '128.73764894657646' 'present']
 ['8' '132.7026861922874' 'present']
 ['15' '133.79181299871345' 'present']
 ['2' '148.60334589664564' 'present']
 ['10' '150.4956062482247' 'present']
 ['8' '154.63428893186227' 'marauded']
 ['6' '171.6644993694665' 'present']
 ['1' '172.82069754159372' 'present']
 ['23' '182.98444295851078' 'present']
 ['3' '190.18259125169118' 'present']
 ['13' '194.95541559797357' 'present']
 ['9' '195.58098783659452' 'present']
 ['18' '197.7633929378367' 'present']
 ['0' '204.0558715277552' 'present']
 ['9' '204.37937049013445' 'present']
 ['3' '208.42647768893136' 'marauded']
 ['1' '215.4309073819538' 'destroyed']
 ['1' '216.32249652157276' 'present']
 ['7' '216.50677015944794' 'present']
 ['14' '217.61978393285804' 'marauded']
 ['19' '222.11385837651932' 'presentdestroyed']
 ['10' '222.80861047455977' 'presentdestroyed']
 ['18' '226.83856395557603' 'present']
 ['11' '230.70008682580647' 'present']
 ['9' '237.40816665543537' 'present']
 ['1' '238.09529293775685' 'present']
 ['20' '240.93216885288922' 'present']
 ['23' '246.83711178244448' 'present']
 ['18' '249.4870778045953' 'present']
 ['23' '256.4108782865931' 'present']
 ['21' '261.8406466883798' 'present']
 ['0' '263.7808354173251' 'present']
 ['3' '272.63526071710345' 'marauded']
 ['2' '284.58601844548696' 'present']
 ['7' '285.34984688645704' 'present']
 ['9' '290.89497450337984' 'present']
 ['9' '294.07779356954467' 'present']
 ['1' '296.05346309122024' 'present']
 ['13' '299.780786216305' 'marauded']
 ['3' '304.43269610579233' 'presentdestroyed']
 ['2' '312.5284959524958' 'marauded']
 ['6' '313.947946816973' 'destroyed']
 ['11' '315.84698708552355' 'destroyed']
 ['3' '316.5703997554056' 'presentdestroyed']
 ['17' '318.78722092650617' 'presentdestroyed']
 ['0' '320.1284203843173' 'presentdestroyed']
 ['10' '335.59040343070023' 'present']
 ['14' '341.56094704906474' 'present']
 ['15' '345.67772923534704' 'present']
 ['19' '357.9803149041142' 'present']]","[['F155' '40.64982721683615' 'mated']
 ['F128' '54.83066557364261' 'mated']
 ['F196' '64.88864389843476' 'mated']
 ['F63' '89.74123937411215' 'mated']
 ['F97' '128.75529217300826' 'mated']
 ['F198' '162.20819934714333' '']
 ['F157' '187.30061829302272' 'mated']
 ['F27' '191.346741788182' 'mated']
 ['F70' '208.5836336733542' 'destroyed']
 ['F152' '251.98595831808638' 'mated']
 ['F29' '252.9873367618956' 'mated']
 ['F53' '297.86609671959275' 'mated']]",562.0,73.71461367322398,16.629214593310163,1348.0,230.15630813077757,49.587311732313886,343.0,54.78677335517986,11.245764232188995,11.0,1.0999999999999999,0.11000000000000004,68.0,0.3148148148148148,0.0014574759945130303
23,0.054,12,360.11193031201157,"[['15' '0.2257205880240433' 'present']
 ['14' '1.5679281035850405' 'present']
 ['0' '1.6945596310105435' 'present']
 ['20' '3.6443286057330218' 'present']
 ['11' '4.544695942081504' 'marauded']
 ['18' '12.840594415371546' 'present']
 ['10' '19.609703532970432' 'marauded']
 ['17' '44.49343912241199' 'present']
 ['17' '50.897974373471705' 'present']
 ['3' '60.5090992334574' 'present']
 ['22' '63.39874719974534' 'marauded']
 ['11' '70.40196264678221' 'presentdestroyed']
 ['11' '78.3813188010487' 'present']
 ['4' '85.15296573296041' 'present']
 ['0' '89.26614626092275' 'marauded']
 ['11' '93.53584306790367' 'presentdestroyed']
 ['9' '96.79659101577985' 'destroyed']
 ['3' '103.8159609824013' 'present']
 ['3' '110.62873268102781' 'present']
 ['19' '114.19771525170958' 'present']
 ['1' '120.00865710964838' 'present']
 ['19' '127.162814401361' 'present']
 ['8' '129.78227129499055' 'present']
 ['15' '138.5346273604622' 'marauded']
 ['9' '151.04618330979804' 'present']
 ['8' '152.97696032683777' 'present']
 ['21' '154.76533531299503' 'present']
 ['2' '159.68986822459863' 'present']
 ['22' '172.66547700724357' 'present']
 ['13' '186.88069616269627' 'present']
 ['22' '204.51782594767602' 'present']
 ['20' '209.59080275352397' 'present']
 ['2' '218.65235265796022' 'marauded']
 ['14' '224.50561846737568' 'presentdestroyed']
 ['10' '226.10080554713875' 'marauded']
 ['1' '231.61819458018562' 'presentdestroyed']
 ['11' '233.76331126058332' 'present']
 ['3' '234.97015073585501' 'present']
 ['9' '243.1023511558921' 'present']
 ['7' '253.34978883848385' 'present']
 ['13' '267.0329170234337' 'marauded']
 ['15' '269.98815698346687' 'destroyed']
 ['17' '277.4014939060736' 'marauded']
 ['0' '281.48235555226955' 'destroyed']
 ['15' '282.0781635091504' 'presentdestroyed']
 ['0' '286.7341263457467' 'present']
 ['9' '313.0064636139885' 'marauded']
 ['1' '317.13397477746156' 'presentdestroyed']
 ['7' '318.6916909104462' 'destroyed']
 ['20' '321.97651838239034' 'present']
 ['20' '325.27131160577034' 'present']
 ['2' '334.3321778671546' 'present']
 ['1' '341.9262144301524' 'present']
 ['20' '352.9731924642438' 'marauded']]","[['F196' '64.88632908361996' 'destroyed']
 ['F199' '68.07770841499911' 'destroyed']
 ['F177' '70.14677143070617' 'destroyed']
 ['F55' '71.34658749049153' 'mated']
 ['F66' '81.01275436580175' 'mated']
 ['F154' '103.22356863738756' 'mated']
 ['F41' '103.73747016258775' 'mated']
 ['F204' '119.82777018387156' 'mated']
 ['F146' '145.05389712593498' 'destroyed']
 ['F35' '167.54006156157635' 'mated']
 ['F121' '171.06359121685304' 'mated']
 ['F161' '177.13814510352387' 'mated']
 ['F208' '184.66588650857537' 'mated']
 ['F110' '200.29778868100536' 'absent']
 ['F105' '204.6268198683084' 'mated']
 ['F57' '224.30848013034432' 'destroyed']
 ['F24' '272.7215851268822' 'destroyed']
 ['F24' '272.73084438614154' 'destroyed']
 ['F116' '318.55834715535684' 'destroyed']
 ['F72' '325.151963527781' 'mated']
 ['F169' '340.0077417036218' 'mated']]",563.0,70.57582427371506,14.43881840203392,1300.0,221.5286070917098,47.62131127602653,383.0,66.70438373223601,14.469276766546596,9.0,0.8999999999999999,0.09000000000000002,69.0,0.3194444444444445,0.0014789094650205748
