id,probability_maraud,successful_mating,next_foraging_time,mar_attempts,mate_attempts,foraging_events,foraging_hrs,foraging_sqhrs,staying_events,staying_hrs,staying_sqhrs,repairing_events,repairing_hrs,repairing_sqhrs,marauding_events,marauding_hrs,marauding_sqhrs,traveling_events,traveling_hrs,traveling_sqhrs
0,0.0,4,360.29468334464065,"[['6' '1.4416961291074935' 'marauded']
 ['21' '34.46568235900417' 'present']
 ['21' '34.84646956360567' 'present']
 ['18' '41.816298061590736' 'present']
 ['12' '49.4004582653746' 'present']
 ['21' '66.11318643337391' 'present']
 ['18' '70.60290943963982' 'present']
 ['21' '90.69758488295834' 'present']
 ['21' '91.25412380539349' 'present']
 ['18' '105.71311223582788' 'present']
 ['16' '158.3995197809382' 'present']
 ['12' '159.8372714159264' 'present']
 ['16' '160.27117837287082' 'marauded']
 ['16' '162.5914414008155' 'presentdestroyed']
 ['6' '166.33390193846907' 'destroyed']
 ['18' '177.58074334387396' 'present']
 ['3' '194.91078346691327' 'present']
 ['12' '244.85062047688518' 'present']
 ['21' '246.2343081282017' 'present']
 ['16' '264.29782483437253' 'marauded']
 ['21' '282.090295941091' 'marauded']
 ['3' '298.4502231941747' 'present']
 ['3' '303.6402267082208' 'present']
 ['3' '319.40728519516847' 'present']
 ['18' '340.2103364830643' 'marauded']
 ['18' '342.6151014681215' 'presentdestroyed']
 ['21' '350.00125370438616' 'present']]","[['F91' '41.47733542841051' 'mated']
 ['F27' '97.90381090805498' 'mated']
 ['F195' '100.66233150178292' 'absent']
 ['F162' '110.36351383666127' 'mated']
 ['F46' '120.36068612251978' 'absent']
 ['F96' '149.92820662487227' 'mated']
 ['F68' '246.1758368617104' 'absent']
 ['F16' '255.32426426310556' 'absent']]",558.0,74.96545827904629,17.290146144317095,1500.0,254.89616298853574,55.41356167519238,182.0,30.3513984196331,6.555677302150022,0.0,0.0,0.0,0.0,0.0,0.0
1,0.0,5,360.4171349471105,"[['16' '25.107257940986297' 'present']
 ['6' '28.71129843101848' 'present']
 ['21' '35.362044876595945' 'present']
 ['21' '45.55213205612409' 'present']
 ['6' '56.49236565006916' 'present']
 ['3' '61.21276239503153' 'present']
 ['18' '88.98666140950726' 'present']
 ['21' '110.18678906817587' 'present']
 ['12' '113.88907383645534' 'present']
 ['6' '117.95132244137523' 'present']
 ['18' '124.31456505723727' 'marauded']
 ['3' '155.52297021501923' 'marauded']
 ['21' '174.19692302517385' 'present']
 ['18' '174.34739711752582' 'marauded']
 ['6' '187.13407899445292' 'present']
 ['12' '194.06493411756344' 'marauded']
 ['18' '195.77401582097605' 'presentdestroyed']
 ['3' '212.73747821329496' 'present']
 ['3' '231.2462826606139' 'present']
 ['3' '239.56591770041587' 'marauded']
 ['18' '264.8680475496554' 'present']
 ['3' '275.22633275669847' 'marauded']
 ['21' '289.25864623942675' 'present']
 ['6' '289.26921575543037' 'present']
 ['3' '328.7831725024829' 'present']
 ['16' '337.6077301998032' 'marauded']]","[['F10' '12.986209070444891' 'mated']
 ['F71' '17.440767479720027' 'absent']
 ['F1' '33.19900063493197' 'mated']
 ['F86' '112.13609197255327' 'mated']
 ['F19' '118.48903180108633' 'absent']
 ['F75' '148.1939970453265' 'mated']
 ['F88' '155.9477284151723' 'destroyed']
 ['F88' '155.9523580448019' 'destroyed']
 ['F94' '200.99859567480271' 'destroyed']
 ['F143' '261.03983164830885' 'mated']
 ['F113' '334.20023560774405' 'absent']
 ['F159' '344.78628745254247' 'destroyed']]",567.0,69.78012861986807,14.224764558579931,1464.0,247.54983411344105,52.890468330452435,257.0,42.81387398703498,9.132450541812231,0.0,0.0,0.0,0.0,0.0,0.0
2,0.0,7,360.35184815730264,"[['21' '5.7029847791900945' 'present']
 ['21' '11.209934629542248' 'present']
 ['16' '36.37390301412759' 'present']
 ['3' '44.1586912329776' 'marauded']
 ['12' '48.619845800458336' 'presentdestroyed']
 ['3' '56.24680406199937' 'present']
 ['21' '73.40670437670349' 'present']
 ['18' '81.2805168575356' 'present']
 ['3' '87.96831532639405' 'present']
 ['18' '89.68612019712452' 'present']
 ['16' '90.50746230300473' 'present']
 ['3' '97.4763030305178' 'marauded']
 ['16' '97.62768352873621' 'presentdestroyed']
 ['16' '144.43758987337844' 'marauded']
 ['6' '145.7554807089205' 'presentdestroyed']
 ['18' '162.67162358221742' 'present']
 ['3' '182.94670107516677' 'present']
 ['16' '184.6056186663568' 'marauded']
 ['16' '185.238791966668' 'presentdestroyed']
 ['12' '209.6214022601172' 'present']
 ['16' '299.32830656278355' 'present']
 ['12' '307.3784959520366' 'present']
 ['16' '321.83109119591273' 'marauded']]","[['F197' '53.05131392427778' 'mated']
 ['F155' '64.45524996229216' 'mated']
 ['F21' '103.3345950298681' 'destroyed']
 ['F123' '115.39829391629556' 'mated']
 ['F75' '148.1916822305117' 'destroyed']
 ['F69' '171.90482574029747' 'mated']
 ['F103' '193.7807557345818' 'mated']
 ['F40' '226.9952762700214' 'mated']
 ['F112' '286.99094681366574' 'mated']
 ['F73' '333.75960044154664' 'absent']]",569.0,72.02454110252202,15.094990222584544,1506.0,257.33409396332354,56.12486455220791,187.0,30.703208207040984,6.365912145650534,0.0,0.0,0.0,0.0,0.0,0.0
3,0.054,8,360.0539256199585,"[['16' '1.097045786117347' 'present']
 ['18' '53.47188441398522' 'present']
 ['16' '61.4147209997724' 'present']
 ['16' '88.44940717089729' 'marauded']
 ['21' '102.81291164713002' 'present']
 ['21' '105.6855575686623' 'marauded']
 ['6' '121.54471400507138' 'marauded']
 ['12' '140.881767122151' 'present']
 ['12' '147.466483117627' 'present']
 ['6' '163.5508439801004' 'present']
 ['18' '173.77954549208215' 'present']
 ['6' '195.56399612245616' 'present']
 ['6' '204.84319769928007' 'present']
 ['18' '215.7158150195059' 'present']
 ['21' '216.20069367744452' 'present']
 ['18' '232.3881100125038' 'present']
 ['6' '241.45804165266182' 'present']
 ['6' '243.9115140802917' 'marauded']
 ['21' '252.81828539085618' 'marauded']
 ['16' '281.6024377052815' 'present']
 ['12' '286.07674018281676' 'marauded']]","[['F38' '48.66857828071202' 'absent']
 ['F82' '73.98551799227273' 'mated']
 ['F177' '89.18379481694961' 'destroyed']
 ['F99' '131.67241778760783' 'absent']
 ['F14' '135.54659815718708' 'mated']
 ['F149' '144.5102630558199' 'mated']
 ['F52' '152.26418734034485' 'mated']
 ['F12' '162.95882322373947' 'absent']
 ['F87' '167.6440505121033' 'mated']
 ['F185' '171.58687344259297' 'mated']
 ['F66' '215.804768531973' 'absent']
 ['F146' '233.10299001019538' 'mated']
 ['F133' '273.8987660818753' 'mated']]",564.0,69.8769402741946,13.900712155847954,1518.0,251.62316218360004,53.508819123387205,228.0,36.58457224737714,7.6289733074786765,17.0,1.7000000000000004,0.1700000000000001,95.0,0.4398148148148154,0.002036179698216734
4,0.0,15,360.06481042444926,"[['6' '3.219646166024189' 'present']
 ['12' '16.921958594563517' 'present']
 ['16' '17.969005786258943' 'marauded']
 ['21' '41.33343341032903' 'present']
 ['16' '61.772092161011216' 'marauded']
 ['18' '87.64210854859758' 'present']
 ['3' '152.87612990222513' 'present']
 ['18' '180.00675582819997' 'present']
 ['16' '191.28321047507475' 'present']
 ['21' '200.9740996969047' 'marauded']
 ['3' '211.03904532968002' 'present']
 ['6' '213.32731292271876' 'present']
 ['16' '224.02833306561922' 'present']
 ['18' '241.33659248499757' 'present']
 ['12' '253.01972938648345' 'marauded']
 ['18' '255.7783345888971' 'presentdestroyed']
 ['18' '279.4722924754074' 'marauded']
 ['18' '290.1044521699307' 'marauded']
 ['6' '294.77842823919354' 'destroyed']
 ['6' '303.2332868684551' 'present']
 ['16' '310.1049980722135' 'present']
 ['6' '311.2441295231103' 'present']
 ['3' '314.77295742781064' 'present']
 ['6' '322.92174714738707' 'present']
 ['18' '335.69591595224216' 'present']
 ['3' '342.1080888781876' 'present']
 ['18' '347.2972948458489' 'present']]","[['F35' '40.85727207771212' 'mated']
 ['F169' '60.382459456777504' 'mated']
 ['F188' '87.1956650310599' 'mated']
 ['F18' '92.20888120661004' 'mated']
 ['F122' '104.8436130361325' 'mated']
 ['F148' '128.679238040667' 'mated']
 ['F201' '137.3509299945417' 'mated']
 ['F129' '151.67104003423972' 'mated']
 ['F65' '162.9294658297996' 'mated']
 ['F164' '175.419903194125' 'mated']
 ['F209' '186.55088159794326' 'mated']
 ['F111' '195.7719308137703' 'mated']
 ['F62' '221.01098565114376' 'mated']
 ['F45' '223.37420881771783' 'mated']
 ['F20' '239.2317195219036' 'mated']]",578.0,67.58772219788924,13.62080131391666,1552.0,256.02273497426495,54.10457747200721,204.0,36.40500122216151,8.17538510291325,0.0,0.0,0.0,0.0,0.0,0.0
5,0.0,7,360.5651596358266,"[['3' '13.647632984981579' 'present']
 ['12' '43.60469788972472' 'present']
 ['18' '124.20140287761868' 'present']
 ['12' '137.75265831416527' 'marauded']
 ['3' '183.048726054449' 'present']
 ['18' '200.64671758834515' 'present']
 ['3' '208.94598705547892' 'present']
 ['16' '248.81231514774078' 'present']
 ['21' '255.69229225725886' 'present']
 ['21' '256.74345262617635' 'present']
 ['3' '297.2361181851412' 'marauded']
 ['6' '312.1946989848248' 'present']
 ['21' '338.506983118719' 'present']]","[['F37' '104.511665158338' 'mated']
 ['F106' '115.18428390154548' 'mated']
 ['F203' '145.1716996715171' 'mated']
 ['F88' '155.95467285961672' 'mated']
 ['F58' '172.59605668592087' 'mated']
 ['F30' '192.83343388899547' 'mated']
 ['F161' '277.0887408804627' 'mated']]",577.0,69.30393531466926,13.85397144245376,1624.0,278.54981040526525,60.25881968642621,81.0,12.258616692328832,2.441107883410051,0.0,0.0,0.0,0.0,0.0,0.0
6,0.054,7,360.3446804825545,"[['16' '1.0924161564877173' 'present']
 ['3' '21.328408834195837' 'present']
 ['21' '40.260841130351665' 'present']
 ['3' '44.71748425299123' 'present']
 ['3' '46.841575909831356' 'marauded']
 ['12' '60.74238958563885' 'present']
 ['3' '73.24530089747145' 'present']
 ['3' '74.52564447918857' 'present']
 ['18' '89.00582763555586' 'present']
 ['21' '134.1228358979231' 'present']
 ['12' '137.74802868453565' 'present']
 ['18' '180.00212619857035' 'present']
 ['16' '191.28784010470437' 'present']
 ['18' '208.895588495965' 'present']
 ['3' '211.04367495930964' 'present']
 ['21' '218.68087479383772' 'present']
 ['21' '221.050687147413' 'present']
 ['3' '224.03878689931963' 'present']
 ['16' '226.74088508548618' 'present']
 ['12' '243.66399620242234' 'present']
 ['16' '248.40778721721858' 'present']
 ['21' '265.46742288757775' 'present']
 ['3' '269.5358519574255' 'present']
 ['16' '293.3239073646642' 'present']
 ['12' '300.3960518095092' 'present']
 ['21' '333.0253356508677' 'present']]","[['F107' '96.43842642976432' 'absent']
 ['F186' '136.29946578763233' 'mated']
 ['F136' '136.43671368192918' 'mated']
 ['F145' '136.700582874526' 'absent']
 ['F170' '168.22553606389093' 'mated']
 ['F9' '258.8532420748883' 'absent']
 ['F70' '272.465574299224' 'mated']
 ['F191' '301.1953970109958' 'mated']
 ['F139' '334.9046111497944' 'mated']
 ['F119' '350.72593551477246' 'mated']]",555.0,71.2970340684568,15.304528404839749,1638.0,280.6900740013346,61.108533402919754,39.0,6.036190843250105,1.195705384554789,16.0,1.6000000000000003,0.1600000000000001,99.0,0.458333333333334,0.002121913580246913
7,0.0,11,360.2010668250861,"[['12' '8.281904225508724' 'present']
 ['18' '20.58421294490992' 'present']
 ['16' '22.096215365395818' 'present']
 ['21' '31.19791110976367' 'present']
 ['18' '58.11725179946474' 'marauded']
 ['18' '79.82435165737077' 'present']
 ['21' '92.68283986502638' 'marauded']
 ['12' '118.6301485748349' 'present']
 ['6' '127.57747229461735' 'present']
 ['6' '139.52962192634777' 'marauded']
 ['6' '141.20092512338493' 'destroyed']
 ['6' '159.0224412910231' 'present']
 ['16' '168.5888502470078' 'present']
 ['12' '199.6795928493617' 'marauded']
 ['3' '206.24062668690365' 'presentdestroyed']
 ['12' '229.26206582120284' 'present']
 ['21' '244.53970149434062' 'present']
 ['18' '253.33129720031874' 'present']
 ['18' '256.01000693335396' 'present']
 ['3' '260.84992052046204' 'present']
 ['3' '278.1929699425346' 'present']
 ['21' '305.9428065988991' 'present']]","[['F24' '56.98648507576109' 'mated']
 ['F196' '105.0607014421165' 'mated']
 ['F116' '119.69260290042158' 'mated']
 ['F149' '144.5079482410051' 'destroyed']
 ['F152' '154.38266082576993' 'mated']
 ['F61' '183.8872037746245' 'mated']
 ['F134' '195.43167297391005' 'absent']
 ['F205' '203.24183931939314' 'destroyed']
 ['F50' '212.0905114814644' 'mated']
 ['F66' '215.8070833467878' 'mated']
 ['F115' '223.1080064241908' 'mated']
 ['F59' '231.3252248001132' 'mated']
 ['F68' '246.18046649134' 'mated']
 ['F158' '272.2423327351174' 'mated']]",569.0,67.1063688838537,13.135524456110153,1580.0,268.76874511279453,58.04489704705026,143.0,24.35332505786203,5.258003571763772,0.0,0.0,0.0,0.0,0.0,0.0
8,0.0,8,360.2213263617978,"[['3' '4.263931279516724' 'present']
 ['6' '7.06968352268277' 'present']
 ['21' '32.30353990155121' 'marauded']
 ['18' '63.49343518799006' 'present']
 ['3' '76.49298198496304' 'present']
 ['3' '84.92501925808025' 'present']
 ['18' '91.56698837384182' 'present']
 ['16' '110.44297063162615' 'present']
 ['12' '149.29764223749808' 'marauded']
 ['3' '163.14171865402528' 'present']
 ['12' '163.30556446270367' 'present']
 ['3' '173.0791135566315' 'present']
 ['12' '176.84748116963533' 'present']
 ['12' '177.26226524805975' 'present']
 ['12' '186.5209100261505' 'present']
 ['16' '195.61242390596698' 'present']
 ['12' '196.40332357155484' 'present']
 ['3' '219.12042010608104' 'marauded']
 ['6' '227.29876130573476' 'present']
 ['16' '227.91613800995896' 'present']
 ['18' '257.51238235165624' 'marauded']
 ['21' '290.9143368564309' 'present']
 ['3' '305.6138195885019' 'present']
 ['6' '326.86964745835706' 'marauded']
 ['12' '353.0928517545293' 'marauded']]","[['F84' '24.914902081442026' 'mated']
 ['F171' '49.54802879240453' 'mated']
 ['F102' '90.92735741913731' 'mated']
 ['F19' '118.4820873566419' 'absent']
 ['F46' '120.3653157521494' 'mated']
 ['F96' '149.92589181005746' 'absentdestroyed']
 ['F36' '184.98980097583163' 'absent']
 ['F47' '205.9509205798021' 'mated']
 ['F4' '213.80529530172086' 'mated']
 ['F85' '251.3162955177344' 'mated']
 ['F182' '319.3830779521923' 'mated']
 ['F207' '320.6747694221258' 'absent']]",588.0,70.89087831953013,14.845551462217802,1511.0,252.8754863770159,53.79702498518204,224.0,36.30023020590203,7.387682174714384,0.0,0.0,0.0,0.0,0.0,0.0
9,0.0,7,360.1627262331671,"[['3' '14.753211157310377' 'marauded']
 ['18' '19.115671354215625' 'presentdestroyed']
 ['6' '19.466938623345882' 'presentdestroyed']
 ['18' '53.476514043614856' 'present']
 ['16' '64.93056322377096' 'marauded']
 ['16' '66.97275874679065' 'presentdestroyed']
 ['16' '66.97738837642027' 'presentdestroyed']
 ['16' '75.96491591881536' 'marauded']
 ['6' '96.95370034707845' 'present']
 ['16' '98.18090495795742' 'marauded']
 ['18' '102.32711309134152' 'presentdestroyed']
 ['16' '118.08736964146821' 'marauded']
 ['6' '125.02210954406391' 'presentdestroyed']
 ['18' '139.6175732552623' 'present']
 ['18' '140.70005541862648' 'present']
 ['6' '141.19629549375531' 'present']
 ['21' '171.6542920446034' 'present']
 ['3' '182.9513307047964' 'present']
 ['6' '196.72043392788044' 'marauded']
 ['16' '199.630093271807' 'presentdestroyed']
 ['6' '205.16023081920318' 'present']
 ['3' '205.55961178753915' 'marauded']
 ['6' '209.55847125424611' 'presentdestroyed']
 ['18' '216.53703819784067' 'present']
 ['21' '244.74513166721405' 'present']
 ['21' '247.869824052868' 'present']
 ['16' '252.47445502574757' 'present']
 ['16' '252.4790846553772' 'present']
 ['12' '297.0192530428894' 'present']
 ['18' '301.6987986254704' 'present']
 ['18' '319.4823816834125' 'present']
 ['21' '327.288841260655' 'marauded']
 ['21' '352.9828641800093' 'marauded']]","[['F160' '81.56159492891226' 'absentdestroyed']
 ['F120' '105.69088763405279' 'absent']
 ['F151' '118.8411551538046' 'destroyed']
 ['F46' '120.36300093733459' 'destroyed']
 ['F145' '136.69826805971118' 'absent']
 ['F26' '150.2499122996061' 'mated']
 ['F88' '155.9500432299871' 'absent']
 ['F32' '163.2205345717576' 'mated']
 ['F178' '174.7808754643136' 'mated']
 ['F134' '195.43398778872486' 'mated']
 ['F202' '218.6420035495262' 'mated']
 ['F49' '268.23176104059013' 'mated']
 ['F13' '268.76717306630553' 'mated']]",568.0,70.57229004935593,14.257243683995242,1368.0,235.49300423082315,50.86035760226209,332.0,54.15154122664099,10.96088451586559,0.0,0.0,0.0,0.0,0.0,0.0
10,0.0,11,359.9955160839228,"[['3' '10.850971723181004' 'present']
 ['6' '21.617498799054474' 'present']
 ['12' '36.68837072496546' 'present']
 ['6' '44.383131821299735' 'present']
 ['12' '45.59216469002995' 'present']
 ['6' '72.13062901985946' 'present']
 ['21' '85.73625313230279' 'present']
 ['3' '87.76063200369188' 'present']
 ['18' '116.316404818171' 'present']
 ['16' '116.36996891873048' 'present']
 ['16' '123.47668745487897' 'present']
 ['16' '132.8258116617946' 'present']
 ['3' '144.2044195437792' 'present']
 ['18' '184.70274031866379' 'present']
 ['12' '197.16399624348722' 'present']
 ['6' '211.724836375528' 'marauded']
 ['16' '231.64565136958296' 'present']
 ['12' '267.82099524019736' 'marauded']
 ['3' '270.8716448038627' 'presentdestroyed']
 ['6' '282.0297029231653' 'present']
 ['3' '284.81926409446' 'present']
 ['16' '286.87685453882807' 'present']
 ['12' '292.55917916630915' 'marauded']
 ['18' '299.57400817552536' 'presentdestroyed']
 ['18' '301.70342825510005' 'present']
 ['21' '304.7932595663122' 'present']
 ['3' '309.3540871247229' 'present']
 ['12' '311.98890369853785' 'present']
 ['18' '312.6387653394709' 'present']
 ['16' '325.2148192761458' 'present']
 ['21' '331.39656860395405' 'present']
 ['21' '332.219252213404' 'present']
 ['12' '358.3184118268179' 'present']]","[['F125' '66.00432406130412' 'absent']
 ['F211' '79.63792345377844' 'mated']
 ['F19' '130.49366143071595' 'mated']
 ['F154' '141.58064789792013' 'mated']
 ['F6' '156.4991810260772' 'mated']
 ['F53' '164.29709680212812' 'mated']
 ['F103' '193.77844091976698' 'absent']
 ['F43' '200.39013337643453' 'mated']
 ['F205' '203.24415413420795' 'mated']
 ['F193' '214.5856775698154' 'destroyed']
 ['F25' '281.37117062141897' 'mated']
 ['F41' '281.60798562964305' 'mated']
 ['F184' '308.16459760346777' 'mated']
 ['F113' '334.1979207929292' 'absent']
 ['F163' '343.6474704828723' 'mated']]",562.0,69.93097134429838,14.314954189424977,1585.0,271.4058644663419,58.91099545597131,108.0,18.698789963969002,4.107222755280729,0.0,0.0,0.0,0.0,0.0,0.0
11,0.0,10,360.7315270950018,"[['21' '31.048203014112126' 'present']
 ['21' '55.358113354423004' 'present']
 ['21' '60.22852327937552' 'marauded']
 ['12' '62.228488169755536' 'presentdestroyed']
 ['6' '62.641130704111475' 'presentdestroyed']
 ['3' '87.7652616333215' 'present']
 ['21' '94.69986594517277' 'marauded']
 ['12' '118.01669135986955' 'present']
 ['21' '120.91430081398003' 'present']
 ['12' '123.14475680277428' 'marauded']
 ['21' '123.89529917971278' 'presentdestroyed']
 ['18' '125.14500180526515' 'destroyed']
 ['21' '135.5453127936034' 'marauded']
 ['18' '163.11404152964818' 'present']
 ['12' '222.25892922494552' 'present']
 ['3' '231.50049555266298' 'marauded']
 ['21' '241.05389878585646' 'present']
 ['12' '252.84433463316623' 'present']
 ['12' '281.34159839121435' 'present']
 ['16' '283.57628487337297' 'present']
 ['18' '290.44830493673646' 'marauded']
 ['6' '292.70839361150314' 'presentdestroyed']
 ['18' '301.7080578847297' 'marauded']
 ['16' '307.8727623918617' 'presentdestroyed']
 ['6' '325.4775494575505' 'present']
 ['16' '331.02722277160973' 'present']
 ['3' '339.25188517101185' 'present']
 ['6' '350.02544200344454' 'present']
 ['6' '353.19731761431854' 'marauded']
 ['16' '356.87727100509164' 'destroyed']]","[['F31' '41.98331966503245' 'mated']
 ['F23' '57.90726475489166' 'mated']
 ['F107' '96.44074124457913' 'destroyed']
 ['F19' '118.48671698627152' 'absent']
 ['F108' '164.5740076640284' 'mated']
 ['F138' '181.4584293120379' 'mated']
 ['F17' '186.3902061030826' 'mated']
 ['F175' '186.77099691173711' 'absent']
 ['F63' '200.33919238695773' 'mated']
 ['F54' '207.41647134052' 'mated']
 ['F210' '208.66982677624978' 'mated']
 ['F51' '276.21931676484' 'mated']
 ['F60' '296.4779567437174' 'destroyed']
 ['F165' '319.03677608795596' 'mated']]",580.0,69.52947529952863,13.860403028719682,1418.0,242.17576061607195,52.51657716116101,292.0,48.675337323239496,10.120604981248627,0.0,0.0,0.0,0.0,0.0,0.0
12,0.054,11,360.5807891978988,"[['21' '11.205304999912618' 'present']
 ['16' '23.537019782147578' 'marauded']
 ['16' '32.35298795351848' 'present']
 ['6' '46.23300081585948' 'present']
 ['16' '63.18738057347461' 'present']
 ['21' '66.52604331684616' 'marauded']
 ['18' '66.81188971058442' 'presentdestroyed']
 ['21' '85.5268374620962' 'present']
 ['21' '112.78395465407156' 'present']
 ['16' '136.60745671111403' 'present']
 ['3' '140.75059796026252' 'present']
 ['6' '206.49221672963884' 'present']
 ['21' '207.5265839555156' 'present']
 ['16' '208.1134582859413' 'present']
 ['21' '214.9193793447607' 'marauded']
 ['3' '232.46088064535985' 'present']
 ['6' '267.34953242114386' 'present']
 ['6' '270.25376615684223' 'marauded']
 ['21' '275.09663675580066' 'presentdestroyed']
 ['6' '292.1974494415763' 'present']
 ['16' '303.8816606872262' 'present']
 ['21' '336.38292543425314' 'marauded']
 ['18' '337.3103642943213' 'presentdestroyed']
 ['21' '357.7889266229196' 'present']]","[['F132' '41.04589284095034' 'mated']
 ['F22' '57.89523484865118' 'mated']
 ['F215' '98.92748226605762' 'mated']
 ['F74' '124.04284196793635' 'mated']
 ['F15' '135.09604301875603' 'mated']
 ['F135' '176.52467419198177' 'mated']
 ['F34' '191.5387780918935' 'mated']
 ['F190' '253.54775340282808' 'mated']
 ['F110' '265.5800881276361' 'mated']
 ['F67' '305.41170176656857' 'mated']
 ['F187' '355.7976491024351' 'mated']]",565.0,68.84569839646775,13.855154676358348,1531.0,258.5744767382992,55.01471121113481,172.0,30.324539099692917,6.6215005788153345,20.0,2.0000000000000004,0.20000000000000012,82.0,0.3796296296296299,0.001757544581618654
13,0.0,4,360.32095217208587,"[['3' '4.9370419613353596' 'present']
 ['6' '12.28805498712313' 'present']
 ['12' '13.123618772845578' 'marauded']
 ['6' '24.691565455584193' 'present']
 ['16' '26.02913533404608' 'marauded']
 ['3' '28.61528403039552' 'presentdestroyed']
 ['21' '33.99636681265009' 'marauded']
 ['21' '39.07128122758303' 'presentdestroyed']
 ['3' '43.44779595530816' 'present']
 ['21' '53.212552415147016' 'present']
 ['21' '71.85105318034647' 'present']
 ['16' '77.7557452217696' 'present']
 ['16' '97.9925145850686' 'present']
 ['21' '104.4435015377288' 'marauded']
 ['18' '125.14963143489477' 'present']
 ['16' '168.3508909858174' 'present']
 ['3' '206.5137732497399' 'present']
 ['6' '236.61210464646715' 'marauded']
 ['6' '245.7376978038807' 'present']
 ['6' '247.10523152463338' 'present']
 ['18' '261.56200374049655' 'present']
 ['6' '266.4912559006006' 'present']
 ['21' '273.30158090370054' 'present']
 ['12' '298.1394228737703' 'present']
 ['18' '337.67923461754043' 'present']
 ['12' '348.82597813073363' 'present']
 ['21' '354.2121036470273' 'marauded']]","[['F57' '78.79825055515204' 'mated']
 ['F173' '155.24301441087792' 'mated']
 ['F170' '168.22322124907612' 'absent']
 ['F212' '172.2440684384395' 'mated']
 ['F36' '184.99211579064644' 'absent']
 ['F199' '197.70042179608117' 'mated']
 ['F68' '246.1781516765252' 'absent']
 ['F49' '268.22713141096045' 'absent']]",563.0,68.75696638631608,13.837732836842282,1514.0,255.80412539954182,55.13217248593836,208.0,35.50139141996817,7.4903178568041096,0.0,0.0,0.0,0.0,0.0,0.0
14,0.0,8,360.0856907142894,"[['21' '9.669592110288814' 'present']
 ['3' '9.905716637492818' 'present']
 ['18' '20.879605357151448' 'present']
 ['18' '23.352250587301285' 'marauded']
 ['12' '31.217757361913744' 'destroyed']
 ['12' '42.58254064707036' 'present']
 ['16' '95.2947255956755' 'present']
 ['18' '106.29452783418232' 'present']
 ['18' '138.8695368471477' 'present']
 ['16' '174.942231951733' 'present']
 ['3' '184.80530651090763' 'present']
 ['21' '210.57839654724341' 'marauded']
 ['18' '216.5416678274703' 'presentdestroyed']
 ['3' '221.1428931909943' 'present']
 ['12' '229.26669545083246' 'marauded']
 ['3' '229.78686355117685' 'presentdestroyed']
 ['12' '230.11073561460356' 'presentdestroyed']
 ['6' '234.30802644170308' 'presentdestroyed']
 ['16' '260.29007270124777' 'present']
 ['3' '294.6815705804521' 'present']
 ['18' '298.61340286750544' 'present']
 ['16' '325.35989045092816' 'present']
 ['16' '334.98799163612506' 'present']]","[['F91' '41.475020613595696' 'absent']
 ['F38' '48.670893095526836' 'mated']
 ['F125' '65.9996944316745' 'absent']
 ['F21' '103.3369098446829' 'mated']
 ['F0' '156.076642564595' 'mated']
 ['F127' '156.30922976623347' 'mated']
 ['F77' '163.10182897795247' 'mated']
 ['F150' '175.3253919229191' 'mated']
 ['F193' '214.5879923846302' 'absentdestroyed']
 ['F200' '272.7816193891351' 'mated']
 ['F56' '277.1326962096822' 'mated']
 ['F81' '278.26129909133465' 'absent']]",559.0,72.33122645671325,15.33871377980817,1555.0,269.3279511003306,58.57286530627682,111.0,18.545929913234385,3.840522522053724,0.0,0.0,0.0,0.0,0.0,0.0
15,0.0,11,359.8372341945898,"[['18' '53.99000016980647' 'present']
 ['16' '85.24290848675713' 'present']
 ['12' '99.57713358748737' 'marauded']
 ['3' '102.14812325392974' 'presentdestroyed']
 ['16' '138.33250625856354' 'present']
 ['3' '147.87303849942913' 'present']
 ['16' '183.02309095666067' 'present']
 ['12' '186.81256819629183' 'present']
 ['18' '187.6167414760358' 'present']
 ['6' '190.48442978626727' 'present']
 ['3' '197.4457417085134' 'present']
 ['3' '214.78853565623066' 'present']
 ['16' '224.0237034359896' 'present']
 ['18' '226.2509076542925' 'present']
 ['18' '238.43094633720267' 'present']
 ['21' '240.027264531571' 'marauded']
 ['16' '273.21817679178633' 'present']
 ['21' '289.6678431091693' 'marauded']
 ['16' '301.7617677437563' 'present']
 ['3' '322.1641495305473' 'marauded']
 ['3' '334.85745913585805' 'present']
 ['3' '350.5444115642404' 'present']]","[['F8' '33.46437686739501' 'mated']
 ['F118' '41.278505569554525' 'mated']
 ['F121' '54.920310501232855' 'mated']
 ['F179' '110.67358537891828' 'mated']
 ['F80' '131.71467554215187' 'mated']
 ['F183' '183.6007327545833' 'mated']
 ['F175' '186.77331172655192' 'mated']
 ['F142' '215.3515949257065' 'mated']
 ['F147' '255.7954978880819' 'mated']
 ['F81' '278.2636139061495' 'mated']
 ['F60' '296.4756419289026' 'absentdestroyed']
 ['F73' '333.7619152563615' 'mated']
 ['F156' '356.3187427808687' 'absent']]",578.0,69.9234433291969,14.147887085843449,1565.0,265.5189423040317,56.70635707416229,151.0,24.62298872796266,5.137002529048542,0.0,0.0,0.0,0.0,0.0,0.0
16,0.054,8,360.3558035585422,"[['3' '14.038547905040174' 'present']
 ['21' '15.989628003251033' 'present']
 ['21' '18.225121500288637' 'present']
 ['18' '40.210078343532764' 'marauded']
 ['3' '48.67161727591783' 'marauded']
 ['6' '97.37584343658548' 'present']
 ['18' '100.26253673069414' 'marauded']
 ['6' '119.73115935985957' 'present']
 ['18' '188.34996616202685' 'present']
 ['3' '196.81516567815115' 'present']
 ['12' '202.02886656456886' 'present']
 ['18' '204.6128300547242' 'present']
 ['6' '211.9564389419525' 'present']
 ['12' '243.86379436874014' 'present']
 ['12' '264.37338181880233' 'marauded']
 ['18' '280.1938266311875' 'present']
 ['18' '282.8120183330312' 'present']
 ['21' '345.5965501916409' 'marauded']]","[['F39' '1.1951013174693' 'mated']
 ['F214' '140.41254119025203' 'mated']
 ['F12' '162.96113803855428' 'mated']
 ['F144' '226.08819540227148' 'mated']
 ['F64' '287.7128235032548' 'mated']
 ['F113' '334.2025504225589' 'mated']
 ['F159' '344.79091708217214' 'mated']
 ['F156' '356.32105759568356' 'mated']]",561.0,72.15865657231059,15.983780581751123,1506.0,255.42118971826454,55.12734401613526,176.0,30.335394512961578,6.412780663484613,17.0,1.7000000000000004,0.1700000000000001,97.0,0.4490740740740747,0.0020790466392318235
17,0.0,9,360.11386109409324,"[['12' '9.99082777764489' 'present']
 ['6' '10.69177440249268' 'present']
 ['21' '41.40651209483923' 'present']
 ['21' '52.31573953283433' 'present']
 ['16' '71.4329299728689' 'present']
 ['12' '93.3038399893551' 'present']
 ['12' '117.8609325345473' 'present']
 ['12' '117.87019179380654' 'present']
 ['12' '120.31867300744462' 'marauded']
 ['18' '139.61294362563268' 'present']
 ['6' '158.66184284845014' 'present']
 ['16' '165.8949895632169' 'present']
 ['18' '178.46603562068069' 'marauded']
 ['21' '202.54532220903164' 'marauded']
 ['6' '204.8478273289097' 'presentdestroyed']
 ['21' '236.36659137063253' 'present']
 ['18' '238.3490811291851' 'present']
 ['6' '252.23614851299496' 'present']
 ['12' '281.98741500055075' 'present']
 ['16' '287.3051103444121' 'present']
 ['6' '288.05265219396546' 'present']
 ['6' '289.84755295366375' 'present']
 ['18' '306.48902385130987' 'present']
 ['16' '310.8746250625021' 'present']
 ['18' '319.48701131304216' 'present']
 ['6' '322.12775282801545' 'present']
 ['6' '323.8429777317407' 'present']
 ['12' '324.3735168905735' 'marauded']
 ['18' '343.5304830090746' 'present']
 ['3' '344.4668869911136' 'present']
 ['3' '346.3408354096889' 'marauded']
 ['3' '349.08054721337874' 'presentdestroyed']
 ['3' '354.7248338684697' 'present']]","[['F28' '8.572068454859226' 'mated']
 ['F71' '17.44308229453484' 'mated']
 ['F197' '53.04899910946296' 'absent']
 ['F125' '66.00663887611893' 'mated']
 ['F120' '105.6932024488676' 'mated']
 ['F48' '131.24432967369083' 'mated']
 ['F206' '137.5101506142164' 'mated']
 ['F98' '170.92814276364837' 'mated']
 ['F114' '303.90240799839734' 'mated']
 ['F126' '345.8324625625182' 'mated']]",574.0,70.59217182748387,14.860373848897822,1542.0,259.12709253892166,54.66562511496741,178.0,30.312151804906776,6.4727174149678826,0.0,0.0,0.0,0.0,0.0,0.0
18,0.054,15,360.1946346521039,"[['3' '4.6302038384472155' 'marauded']
 ['3' '6.123487814903608' 'presentdestroyed']
 ['12' '18.5088445660102' 'present']
 ['12' '64.37808746496339' 'present']
 ['6' '96.61971015853133' 'present']
 ['21' '133.83062545460393' 'present']
 ['12' '145.01465422033644' 'marauded']
 ['21' '153.71240334356912' 'present']
 ['6' '170.05302178964533' 'present']
 ['16' '174.9468615813626' 'present']
 ['6' '181.67504202362045' 'present']
 ['12' '202.16573368395137' 'present']
 ['21' '246.06976788756637' 'present']
 ['21' '247.53170334723646' 'present']
 ['6' '272.10532692061366' 'present']
 ['3' '284.5751256114752' 'present']
 ['21' '284.80590730760684' 'present']
 ['3' '305.61844921813156' 'present']
 ['3' '326.522408833054' 'marauded']]","[['F194' '36.50548565725018' 'mated']
 ['F97' '73.03396978601555' 'mated']
 ['F167' '74.4205390214335' 'mated']
 ['F107' '96.44305605939394' 'mated']
 ['F99' '131.67473260242264' 'mated']
 ['F145' '136.7028976893408' 'mated']
 ['F203' '145.1693848567023' 'absentdestroyed']
 ['F33' '159.62159795783495' 'mated']
 ['F36' '184.99443060546125' 'mated']
 ['F29' '190.73405118392904' 'mated']
 ['F181' '202.84892963555737' 'mated']
 ['F193' '214.59030719944502' 'mated']
 ['F208' '272.16081250558426' 'mated']
 ['F204' '284.3055884937659' 'mated']
 ['F95' '287.2047801300153' 'mated']
 ['F60' '296.48027155853225' 'mated']]",561.0,72.79287044745323,16.231572698701715,1572.0,267.0833754367241,57.410841547965354,110.0,18.410060989545872,4.037580415693823,16.0,1.6000000000000003,0.1600000000000001,102.0,0.47222222222222293,0.0021862139917695473
19,0.0,9,359.9354338680935,"[['12' '3.21560457095544' 'present']
 ['16' '14.118068788877208' 'present']
 ['16' '26.764237499007134' 'present']
 ['12' '78.29792744717174' 'present']
 ['3' '83.3000358891086' 'present']
 ['18' '105.26421206233145' 'present']
 ['18' '128.2088611002959' 'present']
 ['12' '143.3669916577115' 'present']
 ['18' '144.4867206021805' 'present']
 ['16' '153.53432394078283' 'present']
 ['18' '155.47008291631224' 'marauded']
 ['21' '169.50152346076996' 'present']
 ['6' '170.05765141927495' 'marauded']
 ['6' '185.65094771108832' 'marauded']
 ['21' '221.1461040335189' 'present']
 ['21' '257.7804937746393' 'present']
 ['16' '303.8770310575965' 'present']
 ['6' '306.8034587240916' 'present']
 ['18' '309.31430582453174' 'present']
 ['6' '314.09794805048745' 'present']
 ['16' '322.863902993361' 'present']
 ['3' '333.8331261050988' 'present']]","[['F168' '22.45879292309346' 'mated']
 ['F100' '27.928589946610092' 'mated']
 ['F166' '29.56061268026642' 'mated']
 ['F101' '64.11754547439159' 'mated']
 ['F195' '100.66696113141253' 'mated']
 ['F37' '104.5093503435232' 'absent']
 ['F14' '135.54428334237227' 'absent']
 ['F198' '136.58911155811467' 'mated']
 ['F153' '147.95628638247243' 'mated']
 ['F152' '154.38034601095512' 'absent']
 ['F88' '155.94541360035748' 'destroyed']
 ['F135' '176.52235937716696' 'destroyed']
 ['F128' '208.5231104605484' 'mated']
 ['F104' '265.5921062338755' 'mated']
 ['F184' '308.16228278865293' 'absent']
 ['F187' '355.7953342876203' 'absent']]",573.0,71.20031446191231,14.71422067542453,1598.0,270.6280784564929,58.598837862480565,99.0,18.37480212298158,4.304167833004087,0.0,0.0,0.0,0.0,0.0,0.0
20,0.0,9,360.2328037408495,"[['16' '34.10572877119368' 'marauded']
 ['18' '54.681962535276405' 'present']
 ['18' '57.31173483205923' 'present']
 ['6' '60.44739181686372' 'present']
 ['16' '67.27739517593571' 'present']
 ['16' '75.96028628918575' 'present']
 ['6' '81.1276816250504' 'marauded']
 ['3' '100.2050065208193' 'marauded']
 ['6' '115.1862269466305' 'present']
 ['6' '143.19654547633706' 'present']
 ['12' '197.7075355287808' 'present']
 ['18' '209.10457780925546' 'present']
 ['18' '225.971017435538' 'marauded']
 ['16' '247.44741411896908' 'present']
 ['12' '247.88239051409067' 'present']
 ['21' '269.6570471881035' 'present']
 ['16' '281.8225671383911' 'present']
 ['6' '288.94494951506334' 'present']
 ['16' '314.133117161127' 'present']
 ['6' '324.369875454429' 'marauded']
 ['3' '344.6432365772929' 'present']
 ['21' '358.85132139432216' 'present']]","[['F118' '41.27619075473971' 'destroyed']
 ['F124' '59.26665166047936' 'mated']
 ['F117' '96.4313094521701' 'mated']
 ['F122' '104.84129822131769' 'destroyed']
 ['F201' '137.3486151797269' 'absent']
 ['F140' '187.9215377575694' 'mated']
 ['F7' '190.84094604362429' 'mated']
 ['F94' '201.00091048961752' 'mated']
 ['F176' '225.8536439455011' 'mated']
 ['F59' '231.3229099852984' 'destroyed']
 ['F9' '258.85555688970317' 'mated']
 ['F189' '273.769943335276' 'mated']
 ['F174' '304.2901423165055' 'mated']]",554.0,72.89154938141986,15.446510435844512,1526.0,256.54689202177195,54.15342167735055,190.0,30.61690352801376,6.378081727755522,0.0,0.0,0.0,0.0,0.0,0.0
21,0.054,16,360.4098381766776,"[['16' '29.066993262926573' 'present']
 ['6' '94.78517408607203' 'marauded']
 ['18' '107.18806108413055' 'present']
 ['6' '162.026431624845' 'present']
 ['6' '169.3394811005486' 'present']
 ['3' '169.66609331622084' 'present']
 ['3' '184.80993614053725' 'present']
 ['12' '194.16956374719305' 'present']
 ['3' '206.51840287936952' 'present']
 ['6' '235.54060026088197' 'present']
 ['6' '265.4433394181979' 'present']
 ['6' '272.53081260835444' 'present']
 ['18' '284.38827894200233' 'present']
 ['3' '302.79585267152' 'present']
 ['3' '342.82360011935737' 'present']
 ['16' '356.9842734699064' 'present']]","[['F44' '10.557093205546215' 'mated']
 ['F105' '72.96005865165961' 'mated']
 ['F160' '81.56390974372707' 'mated']
 ['F177' '89.18610963176442' 'mated']
 ['F42' '89.85789523741194' 'mated']
 ['F195' '100.66464631659773' 'destroyed']
 ['F151' '118.84346996861942' 'mated']
 ['F131' '125.69153501818849' 'mated']
 ['F213' '132.1544809192381' 'mated']
 ['F55' '152.26971803889282' 'mated']
 ['F78' '173.05587957932724' 'mated']
 ['F109' '189.36227101032844' 'mated']
 ['F5' '209.7979096265628' 'mated']
 ['F172' '210.2271613214171' 'mated']
 ['F180' '217.79029399751366' 'mated']
 ['F72' '223.5106839973873' 'mated']
 ['F143' '261.037516833494' 'absent']
 ['F49' '268.2294462257753' 'absent']
 ['F207' '320.67708423694063' 'mated']]",571.0,72.61088341521528,14.831615114878296,1656.0,278.58637087558975,59.23289758167115,37.0,6.057662144222128,1.1773864683931183,24.0,2.400000000000001,0.24000000000000016,98.0,0.45370370370370433,0.0021004801097393683
22,0.0,7,360.85585809534,"[['6' '7.425750500881012' 'present']
 ['16' '33.52127859038649' 'present']
 ['16' '39.913619154174036' 'present']
 ['3' '41.53554369918255' 'present']
 ['21' '52.311109903204695' 'present']
 ['12' '53.88291258357784' 'present']
 ['18' '53.994629799436105' 'present']
 ['6' '61.73935361845547' 'present']
 ['12' '65.32303691301199' 'marauded']
 ['6' '77.21281583094166' 'marauded']
 ['18' '78.56866865837426' 'destroyed']
 ['18' '89.00119800592624' 'present']
 ['21' '112.78858428370118' 'marauded']
 ['16' '121.09286815599546' 'present']
 ['12' '200.3684370771524' 'marauded']
 ['18' '209.31820227530562' 'present']
 ['6' '242.87625421332797' 'present']
 ['6' '278.66931914248806' 'present']
 ['18' '318.66799737155685' 'marauded']
 ['6' '322.1323824576451' 'presentdestroyed']
 ['12' '347.4786919238159' 'present']
 ['18' '351.6116515627263' 'present']]","[['F125' '66.00200924648931' 'absentdestroyed']
 ['F11' '74.5451263229372' 'mated']
 ['F2' '104.59571994158809' 'mated']
 ['F90' '108.58450835648182' 'mated']
 ['F19' '118.48440217145671' 'destroyed']
 ['F19' '118.49134661590114' 'destroyed']
 ['F141' '151.59903785259283' 'mated']
 ['F192' '158.65537467353954' 'mated']
 ['F93' '173.1387026000794' 'mated']
 ['F205' '203.23952450457833' 'destroyed']
 ['F3' '217.4712885390715' 'mated']
 ['F45' '223.37189400290302' 'absent']]",565.0,70.20843236268223,14.705680006329755,1522.0,259.19787057327176,56.02980112178866,172.0,30.675161363972638,6.709017000461329,0.0,0.0,0.0,0.0,0.0,0.0
23,0.0,9,360.66990259761604,"[['18' '70.65913488085182' 'present']
 ['12' '88.75799937731134' 'present']
 ['12' '117.86556216417692' 'present']
 ['12' '123.66526760476448' 'marauded']
 ['21' '126.75810597904221' 'presentdestroyed']
 ['6' '133.74263118293626' 'present']
 ['3' '151.76391291280152' 'present']
 ['21' '182.46846917818453' 'marauded']
 ['6' '189.61435078667128' 'presentdestroyed']
 ['6' '192.80561208616047' 'present']
 ['18' '239.06283676203293' 'present']
 ['12' '278.95837559411893' 'present']
 ['21' '339.4817604496093' 'present']
 ['16' '339.5802479807919' 'marauded']
 ['12' '344.74608983886804' 'presentdestroyed']
 ['21' '346.8441403696444' 'presentdestroyed']
 ['21' '352.9012817926531' 'present']
 ['16' '356.2518205823288' 'present']
 ['6' '358.53901919968854' 'present']]","[['F79' '45.5769962702529' 'mated']
 ['F188' '87.1933502162451' 'absent']
 ['F213' '132.1521661044233' '']
 ['F92' '157.48973713061568' 'mated']
 ['F89' '218.48717723053076' 'mated']
 ['F76' '220.42205323745037' 'mated']
 ['F72' '223.5083691825725' 'absent']
 ['F16' '255.32657907792037' 'mated']
 ['F137' '265.716681159975' 'mated']
 ['F157' '276.61211884240856' 'mated']
 ['F83' '311.17687417271435' 'mated']
 ['F130' '325.0206516899914' 'mated']
 ['F159' '344.7886022673573' 'destroyed']
 ['F126' '345.83014774770334' 'destroyed']]",576.0,69.1779067709467,13.80705438464146,1596.0,272.64176774355286,59.340666971804055,113.0,18.466040325508153,3.772940728457828,0.0,0.0,0.0,0.0,0.0,0.0
